date,total_balance_normal,unlocked_balance_normal,benchmark
2025-04-21T01:20:00.000+0000,1000000.0,1000000.0,998382.7296061069
2025-04-21T01:30:00.000+0000,999482.5416186402,516914.7407500001,1000589.3360693237
2025-04-21T01:40:00.000+0000,1003656.9833545531,332503.8127729527,1002941.0699826165
2025-04-21T01:50:00.000+0000,1003388.2462163928,332503.8127729527,1004204.5014310494
2025-04-21T02:00:00.000+0000,1002984.0519925129,20657.129672952695,1003771.9021651982
2025-04-21T02:10:00.000+0000,1005105.0128153532,8.552072952694118,1004519.3746121147
2025-04-21T02:20:00.000+0000,1005047.7590173127,8.552072952694118,1005751.8644281871
2025-04-21T02:30:00.000+0000,1003042.6183641534,8.552072952694118,1002333.308062323
2025-04-21T02:40:00.000+0000,1006330.7554983527,8.552072952694118,1000383.549028263
2025-04-21T02:50:00.000+0000,1008010.5799128732,8.552072952694118,1002913.7320130354
2025-04-21T03:00:00.000+0000,1007454.6988737521,8.552072952694118,1003569.288968967
2025-04-21T03:10:00.000+0000,1008092.7952879132,8.552072952694118,1002840.6038342721
2025-04-21T03:20:00.000+0000,1007822.335878673,8.552072952694118,1001499.3792365685
2025-04-21T03:30:00.000+0000,1016227.0451779126,8.552072952694118,1002100.2935387501
2025-04-21T03:40:00.000+0000,1015490.3445103127,8.552072952694118,1002052.5534841698
2025-04-21T03:50:00.000+0000,1015090.0706857521,8.552072952694118,1000748.3126183779
2025-04-21T04:00:00.000+0000,1013110.1252103124,8.552072952694118,1002119.4999669337
2025-04-21T04:10:00.000+0000,1016826.3874701927,8.552072952694118,1000854.1192269593
2025-04-21T04:20:00.000+0000,1010323.676683888,8.552072952694118,1001312.8547918547
2025-04-21T04:30:00.000+0000,1007568.0844027044,61155.98152370408,1000405.8838135656
2025-04-21T04:40:00.000+0000,1004030.522488089,65243.67103387986,1002741.3609599883
2025-04-21T04:50:00.000+0000,1002272.8869123354,66444.78516324787,1005160.9176127178
2025-04-21T05:00:00.000+0000,999584.0639829035,66444.78516324787,1005814.5795987764
2025-04-21T05:10:00.000+0000,998096.9111776878,79377.40828124757,1005810.58686671
2025-04-21T05:20:00.000+0000,997252.2399756721,79450.19810276772,1006924.1899784412
2025-04-21T05:30:00.000+0000,998237.3009159756,79450.19810276772,1006551.1179327336
2025-04-21T05:40:00.000+0000,994791.3806293609,79450.19810276772,1007171.7509054262
2025-04-21T05:50:00.000+0000,992840.301842079,82716.30278703992,1008717.9769503132
2025-04-21T06:00:00.000+0000,996009.4921599193,82716.30278703992,1008696.6348407203
2025-04-21T06:10:00.000+0000,998100.6975561597,82716.30278703992,1008968.4196525167
2025-04-21T06:20:00.000+0000,1002974.0640914806,82716.30278703992,1009278.4413358947
2025-04-21T06:30:00.000+0000,1004981.6511359593,82716.30278703992,1007970.4395295985
2025-04-21T06:40:00.000+0000,1007374.859616296,87092.15566195201,1007500.2293252384
2025-04-21T06:50:00.000+0000,1006363.9260007045,87092.15566195201,1008549.5159940651
2025-04-21T07:00:00.000+0000,1005245.8369081276,87092.15566195201,1009014.6147202239
2025-04-21T07:10:00.000+0000,1003459.6442263523,87092.15566195201,1006564.2972777964
2025-04-21T07:20:00.000+0000,1003637.3040746804,87092.15566195201,1005766.7989242666
2025-04-21T07:30:00.000+0000,1004011.3904759524,87092.15566195201,1006474.7903238339
2025-04-21T07:40:00.000+0000,1003040.6939649045,88581.26670932016,1007645.8823980631
2025-04-21T07:50:00.000+0000,1002690.0349567119,88581.26670932016,1006354.6096740463
2025-04-21T08:00:00.000+0000,1001482.265276047,88581.26670932016,1006728.4274894828
2025-04-21T08:10:00.000+0000,1001835.4233034234,88581.26670932016,1005711.6124563369
2025-04-21T08:20:00.000+0000,994660.2721201445,88581.26670932016,1006713.97386354
2025-04-21T08:30:00.000+0000,993545.5355933681,88581.26670932016,1007386.327467449
2025-04-21T08:40:00.000+0000,992075.320926791,88581.26670932016,1006797.83664417
2025-04-21T08:50:00.000+0000,990058.2194599437,88581.26670932016,1008121.3863734498
2025-04-21T09:00:00.000+0000,990066.5160873281,88581.26670932016,1009250.317912109
2025-04-21T09:10:00.000+0000,990769.7984809515,88581.26670932016,1005499.6111511118
2025-04-21T09:20:00.000+0000,996961.0660413201,90212.12070914388,1005329.8476992948
2025-04-21T09:30:00.000+0000,997842.0344399357,90212.12070914388,1003547.9003269938
2025-04-21T09:40:00.000+0000,997246.5501287995,90212.12070914388,1004514.3783994666
2025-04-21T09:50:00.000+0000,996498.3871683762,90212.12070914388,1005405.0818196012
2025-04-21T10:00:00.000+0000,995710.2109441914,90212.12070914388,1004008.0318103256
2025-04-21T10:10:00.000+0000,997479.6445939282,90212.12070914388,1003927.0660987332
2025-04-21T10:20:00.000+0000,997133.1888704163,97558.10779428018,1001711.0220992924
2025-04-21T10:30:00.000+0000,1003070.3021170244,105431.41783329645,1000487.082582877
2025-04-21T10:40:00.000+0000,1001452.920648152,116139.02584852821,1001193.4936206422
2025-04-21T10:50:00.000+0000,1000454.8321882085,117558.8381692641,1002445.158901883
2025-04-21T11:00:00.000+0000,1001243.1807743926,125280.85977592847,1002037.2027110755
2025-04-21T11:10:00.000+0000,1002517.1095554006,125280.85977592847,996819.3230670801
2025-04-21T11:20:00.000+0000,1008591.5823064239,125280.85977592847,993992.2860041845
2025-04-21T11:30:00.000+0000,1009532.8718119126,125280.85977592847,995696.7584799179
2025-04-21T11:40:00.000+0000,1008785.7170842567,125280.85977592847,997022.0593126266
2025-04-21T11:50:00.000+0000,1010365.4744465132,125280.85977592847,996828.9876075748
2025-04-21T12:00:00.000+0000,1009492.3268738321,125280.85977592847,997765.8427938874
2025-04-21T12:10:00.000+0000,1007911.762337833,125280.85977592847,999670.1276615683
2025-04-21T12:20:00.000+0000,1007833.025367841,125280.85977592847,998969.6321018352
2025-04-21T12:30:00.000+0000,1008058.199214536,125280.85977592847,998320.9005700739
2025-04-21T12:40:00.000+0000,1004825.4427103599,125280.85977592847,997074.0047545647
2025-04-21T12:50:00.000+0000,1006049.508243904,125280.85977592847,995693.7637793936
2025-04-21T13:00:00.000+0000,1006847.9133584246,125280.85977592847,992809.3773019146
2025-04-21T13:10:00.000+0000,1005578.5573862407,125280.85977592847,992823.3688480342
2025-04-21T13:20:00.000+0000,1002859.463962593,125280.85977592847,993501.7931891733
2025-04-21T13:30:00.000+0000,996988.5521424406,125765.81901791248,993477.6241616944
2025-04-21T13:40:00.000+0000,996007.2140814491,126914.58886623247,995263.9921876584
2025-04-21T13:50:00.000+0000,995986.1646544733,126914.58886623247,990515.9438536395
2025-04-21T14:00:00.000+0000,995525.351719976,126914.58886623247,988767.1652257026
2025-04-21T14:10:00.000+0000,994815.8411728638,126914.58886623247,994147.7388121188
2025-04-21T14:20:00.000+0000,981947.098459624,126914.58886623247,1000479.520554333
2025-04-21T14:30:00.000+0000,974985.3237185203,126914.58886623247,1003945.0798961679
2025-04-21T14:40:00.000+0000,973880.100435057,126914.58886623247,1000233.1940700889
2025-04-21T14:50:00.000+0000,977652.587319225,126914.58886623247,1000274.7165638481
2025-04-21T15:00:00.000+0000,976707.5587573771,126914.58886623247,999994.2906159017
2025-04-21T15:10:00.000+0000,978661.3621032643,128420.22938943228,998656.8762258221
2025-04-21T15:20:00.000+0000,978008.6528387445,129724.02393869626,1001580.6277472358
2025-04-21T15:30:00.000+0000,979073.1952829366,130784.13367189634,1000997.9251019675
2025-04-21T15:40:00.000+0000,984614.722691592,134066.42268833643,998077.0705571286
2025-04-21T15:50:00.000+0000,987248.4968952652,134066.42268833643,998175.6571807226
2025-04-21T16:00:00.000+0000,985367.5985686645,135691.5389843925,997040.4587244228
2025-04-21T16:10:00.000+0000,981189.2570881285,146915.7465690805,998216.7855292871
2025-04-21T16:20:00.000+0000,988111.5300559519,148130.5346405364,993436.7882251895
2025-04-21T16:30:00.000+0000,990688.9742397201,177663.56286168832,993708.6264367884
2025-04-21T16:40:00.000+0000,994545.7229704404,183997.8363856883,989320.9367907497
2025-04-21T16:50:00.000+0000,1001098.7294279919,185541.72178848824,982113.9577915587
2025-04-21T17:00:00.000+0000,1013895.0484828552,203883.09994807994,973140.5103253482
2025-04-21T17:10:00.000+0000,1011923.5212174549,229229.37478991115,976356.2926894992
2025-04-21T17:20:00.000+0000,1007222.7212483519,229229.37478991115,977291.1535641728
2025-04-21T17:30:00.000+0000,1006959.5802796704,230073.06255930316,978530.7467640324
2025-04-21T17:40:00.000+0000,1005166.1741532709,230073.06255930316,977819.1829103095
2025-04-21T17:50:00.000+0000,1003694.0061506149,230073.06255930316,975563.7359467974
2025-04-21T18:00:00.000+0000,1005023.2527319508,230073.06255930316,975559.525173442
2025-04-21T18:10:00.000+0000,1003133.6786515116,230073.06255930316,976795.9298250708
2025-04-21T18:20:00.000+0000,1002644.2078616553,230073.06255930316,975436.0671484743
2025-04-21T18:30:00.000+0000,999175.4965724392,230073.06255930316,975854.2602281208
2025-04-21T18:40:00.000+0000,1001101.0424424071,230073.06255930316,976958.1040590358
2025-04-21T18:50:00.000+0000,1001571.2740359432,230073.06255930316,975858.1938264121
2025-04-21T19:00:00.000+0000,999579.3772891756,230073.06255930316,975588.6756471253
2025-04-21T19:10:00.000+0000,998885.9641837993,230073.06255930316,979554.2898872851
2025-04-21T19:20:00.000+0000,996743.4700114308,230073.06255930316,981668.6505420045
2025-04-21T19:30:00.000+0000,994928.014059015,230073.06255930316,982681.0185488649
2025-04-21T19:40:00.000+0000,995138.3080491271,230073.06255930316,981698.7535282569
2025-04-21T19:50:00.000+0000,996511.8591184947,230073.06255930316,982340.1762050737
2025-04-21T20:00:00.000+0000,998075.649704399,230073.06255930316,981821.4520789937
2025-04-21T20:10:00.000+0000,996614.1254599186,230073.06255930316,981759.0956328993
2025-04-21T20:20:00.000+0000,992088.4994694312,230073.06255930316,981306.4449216747
2025-04-21T20:30:00.000+0000,988802.563702727,230073.06255930316,981501.1354625216
2025-04-21T20:40:00.000+0000,985486.9781048791,230073.06255930316,982302.089763312
2025-04-21T20:50:00.000+0000,986540.0483241987,230073.06255930316,983201.2763348699
2025-04-21T21:00:00.000+0000,987191.3072499192,230073.06255930316,981988.4477264886
2025-04-21T21:10:00.000+0000,989761.422951167,230073.06255930316,982044.7552056103
2025-04-21T21:20:00.000+0000,991253.4718563668,230073.06255930316,981129.4840159627
2025-04-21T21:30:00.000+0000,988216.1257187354,230073.06255930316,980287.6013848649
2025-04-21T21:40:00.000+0000,986063.2304539031,230073.06255930316,982239.6498992393
2025-04-21T21:50:00.000+0000,982432.9495738472,230073.06255930316,983601.9462494381
2025-04-21T22:00:00.000+0000,984072.4377631833,230073.06255930316,980185.1018876458
2025-04-21T22:10:00.000+0000,985774.2783906312,230073.06255930316,979366.5267663957
2025-04-21T22:20:00.000+0000,983941.4882466709,230073.06255930316,979858.0022705959
2025-04-21T22:30:00.000+0000,980512.030819223,230073.06255930316,980365.3599713382
2025-04-21T22:40:00.000+0000,980899.029392487,230073.06255930316,981299.6944377888
2025-04-21T22:50:00.000+0000,980803.616613823,230073.06255930316,980899.3153551738
2025-04-21T23:00:00.000+0000,982628.1395868149,230073.06255930316,978804.8339924423
2025-04-21T23:10:00.000+0000,986247.7896083671,230073.06255930316,979658.3546328081
2025-04-21T23:20:00.000+0000,987101.2676592636,230073.06255930316,980908.4591225084
2025-04-21T23:30:00.000+0000,984765.1952234948,230073.06255930316,980284.829371003
2025-04-21T23:40:00.000+0000,986459.340672015,230073.06255930316,980389.2502948919
2025-04-21T23:50:00.000+0000,983588.8602849029,230073.06255930316,983733.8483476036
2025-04-22T00:00:00.000+0000,985998.7786366388,230841.17773517515,983623.6131990037
2025-04-22T00:10:00.000+0000,989496.9134082233,230841.17773517515,982031.3308506925
2025-04-22T00:20:00.000+0000,989218.988855879,230841.17773517515,983457.085778164
2025-04-22T00:30:00.000+0000,988938.0362479197,230841.17773517515,971962.3725891202
2025-04-22T00:40:00.000+0000,984149.828530999,230841.17773517515,976134.9029327794
2025-04-22T00:50:00.000+0000,979935.1081568794,230841.17773517515,979493.8440197534
2025-04-22T01:00:00.000+0000,971763.8095795591,230841.17773517515,982113.0938310854
2025-04-22T01:10:00.000+0000,964455.4086214469,230841.17773517515,985457.9529043768
2025-04-22T01:20:00.000+0000,960346.3936253191,230841.17773517515,991440.9625978314
2025-04-22T01:30:00.000+0000,961562.1517401193,230841.17773517515,992140.7673376307
2025-04-22T01:40:00.000+0000,964605.6588250471,232466.84786780714,992945.0610797075
2025-04-22T01:50:00.000+0000,961241.2443116076,232466.84786780714,995286.9724192446
2025-04-22T02:00:00.000+0000,958752.9340735911,232466.84786780714,996156.3319994732
2025-04-22T02:10:00.000+0000,961151.5504941111,232466.84786780714,991287.4526792704
2025-04-22T02:20:00.000+0000,965595.7495083353,232466.84786780714,989638.5489349356
2025-04-22T02:30:00.000+0000,971354.5593119033,232466.84786780714,988899.221070328
2025-04-22T02:40:00.000+0000,973397.3593734154,232466.84786780714,989356.963412104
2025-04-22T02:50:00.000+0000,970311.3945918393,232466.84786780714,991058.8055687472
2025-04-22T03:00:00.000+0000,968481.5556550231,232466.84786780714,990571.0914682867
2025-04-22T03:10:00.000+0000,964780.8039467675,232466.84786780714,989235.6216365177
2025-04-22T03:20:00.000+0000,954251.3682695428,233472.54471616715,992488.4044876129
2025-04-22T03:30:00.000+0000,952410.1689283268,233472.54471616715,992460.7447842639
2025-04-22T03:40:00.000+0000,950424.3867759674,233472.54471616715,993155.599174503
2025-04-22T03:50:00.000+0000,951280.858759799,233472.54471616715,992712.2141271895
2025-04-22T04:00:00.000+0000,947063.660349695,233472.54471616715,993619.7372802501
2025-04-22T04:10:00.000+0000,947245.6492320232,233472.54471616715,992992.4948693612
2025-04-22T04:20:00.000+0000,946076.1661775352,233472.54471616715,993174.1634053951
2025-04-22T04:30:00.000+0000,944595.7668552073,233472.54471616715,993394.6169438784
2025-04-22T04:40:00.000+0000,947207.9414324148,233472.54471616715,993048.6536508184
2025-04-22T04:50:00.000+0000,948415.9957152149,233472.54471616715,991122.799479743
2025-04-22T05:00:00.000+0000,954064.4791905112,233472.54471616715,990542.3296813722
2025-04-22T05:10:00.000+0000,961368.9278030308,233472.54471616715,989782.7093403796
2025-04-22T05:20:00.000+0000,964158.6182338553,233472.54471616715,991101.3810217911
2025-04-22T05:30:00.000+0000,967157.9890560631,233472.54471616715,992017.7232386054
2025-04-22T05:40:00.000+0000,970716.7756773194,233472.54471616715,993789.1556232953
2025-04-22T05:50:00.000+0000,969044.9311437828,233472.54471616715,994127.4522891232
2025-04-22T06:00:00.000+0000,971430.8044569511,233472.54471616715,994530.7040411362
2025-04-22T06:10:00.000+0000,976781.911493871,233472.54471616715,992547.8653212786
2025-04-22T06:20:00.000+0000,986508.0595343672,233381.12871616715,991618.1268057909
2025-04-22T06:30:00.000+0000,986448.4804258149,233381.12871616715,989845.260745577
2025-04-22T06:40:00.000+0000,988782.5712481429,233381.12871616715,990186.3397533162
2025-04-22T06:50:00.000+0000,986219.4125768155,233381.12871616715,992337.9646438514
2025-04-22T07:00:00.000+0000,979008.8896236072,233381.12871616715,993951.6626769727
2025-04-22T07:10:00.000+0000,973389.8847565434,233381.12871616715,993377.0667405683
2025-04-22T07:20:00.000+0000,970600.357594999,233381.12871616715,995625.8682161365
2025-04-22T07:30:00.000+0000,968448.8457525431,233381.12871616715,998484.9397985167
2025-04-22T07:40:00.000+0000,966970.1380858072,233381.12871616715,1002520.2717562753
2025-04-22T07:50:00.000+0000,963357.8009092954,233381.12871616715,1003406.3206291778
2025-04-22T08:00:00.000+0000,961084.7042325838,233381.12871616715,1005069.3455505155
2025-04-22T08:10:00.000+0000,963394.1927325274,233381.12871616715,1005800.6919948943
2025-04-22T08:20:00.000+0000,966077.6474599594,233381.12871616715,1002858.2451560176
2025-04-22T08:30:00.000+0000,963563.0344110397,233381.12871616715,1002820.035735527
2025-04-22T08:40:00.000+0000,964338.6969441914,233381.12871616715,1003093.2627290407
2025-04-22T08:50:00.000+0000,964400.4943466872,233381.12871616715,1003690.466346606
2025-04-22T09:00:00.000+0000,967189.1677417913,233381.12871616715,1003814.9205985318
2025-04-22T09:10:00.000+0000,969402.4689931435,233381.12871616715,1002265.1872894757
2025-04-22T09:20:00.000+0000,965509.067358223,233381.12871616715,1003341.647689353
2025-04-22T09:30:00.000+0000,967173.1118567829,233381.12871616715,1003696.4738824388
2025-04-22T09:40:00.000+0000,970702.6060407511,233381.12871616715,1005076.2439502755
2025-04-22T09:50:00.000+0000,971821.745502359,233381.12871616715,1004120.1116719381
2025-04-22T10:00:00.000+0000,972040.2637977593,233381.12871616715,1004578.441932345
2025-04-22T10:10:00.000+0000,971601.3787569032,233381.12871616715,1004782.7370028957
2025-04-22T10:20:00.000+0000,971100.0090737833,233381.12871616715,1001126.036674347
2025-04-22T10:30:00.000+0000,972037.8354919591,233381.12871616715,1002598.5959007046
2025-04-22T10:40:00.000+0000,969832.3052887911,233381.12871616715,1005399.7423446248
2025-04-22T10:50:00.000+0000,968017.7886343352,233381.12871616715,1005352.7520121355
2025-04-22T11:00:00.000+0000,967888.3459813673,233381.12871616715,1005633.8605741845
2025-04-22T11:10:00.000+0000,969667.3998687512,233381.12871616715,1005948.3464041274
2025-04-22T11:20:00.000+0000,969047.4765544713,233381.12871616715,1007559.177914683
2025-04-22T11:30:00.000+0000,967881.2748727833,233381.12871616715,1007374.785728233
2025-04-22T11:40:00.000+0000,965503.8395538151,233381.12871616715,1006785.3249947169
2025-04-22T11:50:00.000+0000,957996.9986047987,233381.12871616715,1007865.9652030925
2025-04-22T12:00:00.000+0000,956589.5607065991,233381.12871616715,1006990.5314698566
2025-04-22T12:10:00.000+0000,951750.1185400549,233381.12871616715,1007965.995419242
2025-04-22T12:20:00.000+0000,931115.7266701354,233381.12871616715,1007855.8109476785
2025-04-22T12:30:00.000+0000,935100.2044757832,233381.12871616715,1009219.6038031051
2025-04-22T12:40:00.000+0000,932870.290335383,233381.12871616715,1006949.4158745076
2025-04-22T12:50:00.000+0000,933483.3234362467,233381.12871616715,1011563.8230195239
2025-04-22T13:00:00.000+0000,936793.9529021753,233381.12871616715,1012870.5144008874
2025-04-22T13:10:00.000+0000,929913.6383207671,233381.12871616715,1016663.953088066
2025-04-22T13:20:00.000+0000,934101.5626988471,233381.12871616715,1016076.7495543947
2025-04-22T13:30:00.000+0000,946063.3299833594,233381.12871616715,1015369.9641330694
2025-04-22T13:40:00.000+0000,941065.3107700229,233381.12871616715,1019729.1714505064
2025-04-22T13:50:00.000+0000,945844.0495881272,233381.12871616715,1018981.1029258198
2025-04-22T14:00:00.000+0000,938052.0960418072,233727.0699515992,1020555.644573086
2025-04-22T14:10:00.000+0000,934271.624380575,235400.93123044737,1025389.2825279159
2025-04-22T14:20:00.000+0000,924874.5949430394,235400.93123044737,1023746.3029975825
2025-04-22T14:30:00.000+0000,932602.9481503676,237211.88830484744,1024290.9973731458
2025-04-22T14:40:00.000+0000,936174.728258512,237211.88830484744,1027869.1791795966
2025-04-22T14:50:00.000+0000,939516.7735416631,237211.88830484744,1030932.6649331648
2025-04-22T15:00:00.000+0000,933980.5833398239,237211.88830484744,1038616.6712287944
2025-04-22T15:10:00.000+0000,930832.4205365038,254434.1836474796,1045307.6445567755
2025-04-22T15:20:00.000+0000,934641.68996108,254495.3512941836,1044007.9755682296
2025-04-22T15:30:00.000+0000,935682.179762792,276981.06854799966,1038611.5811519196
2025-04-22T15:40:00.000+0000,939977.0776535436,290317.06108210346,1035398.8584878272
2025-04-22T15:50:00.000+0000,934559.8157129193,290317.06108210346,1038821.6753336834
2025-04-22T16:00:00.000+0000,919450.1021217515,291750.8600645515,1043028.0488994676
2025-04-22T16:10:00.000+0000,925984.8504974633,291750.8600645515,1038063.5636505856
2025-04-22T16:20:00.000+0000,925264.2554350632,291750.8600645515,1039879.2795218367
2025-04-22T16:30:00.000+0000,931525.5965517033,292039.56251767144,1040343.6014237092
2025-04-22T16:40:00.000+0000,934443.0074343599,292039.56251767144,1038017.7858102586
2025-04-22T16:50:00.000+0000,935866.5496487917,292039.56251767144,1037401.7025261691
2025-04-22T17:00:00.000+0000,938320.4334500073,292039.56251767144,1040272.3092155936
2025-04-22T17:10:00.000+0000,941466.403878631,292039.56251767144,1036819.1657436945
2025-04-22T17:20:00.000+0000,944880.1544915913,292039.56251767144,1037465.6550499541
2025-04-22T17:30:00.000+0000,943059.6559764554,292039.56251767144,1039150.7647497065
2025-04-22T17:40:00.000+0000,944766.5051438636,292039.56251767144,1039827.9166327422
2025-04-22T17:50:00.000+0000,938812.3189765273,292779.22290559945,1041279.2056364979
2025-04-22T18:00:00.000+0000,940043.626681695,292779.22290559945,1043088.5545534892
2025-04-22T18:10:00.000+0000,941051.8413741675,292779.22290559945,1042128.7385133306
2025-04-22T18:20:00.000+0000,940320.2203995599,292779.22290559945,1041718.2868135113
2025-04-22T18:30:00.000+0000,936635.519770159,292779.22290559945,1041845.2558710058
2025-04-22T18:40:00.000+0000,935096.8016502236,292779.22290559945,1042408.1569321862
2025-04-22T18:50:00.000+0000,933613.5767401755,292779.22290559945,1043628.2016447004
2025-04-22T19:00:00.000+0000,926429.4393715996,292779.22290559945,1044279.974664879
2025-04-22T19:10:00.000+0000,912620.5997380394,293625.1865528315,1043938.4567089572
2025-04-22T19:20:00.000+0000,917043.3854865911,295195.5187512554,1042372.8919252455
2025-04-22T19:30:00.000+0000,916930.4225093268,295195.5187512554,1036899.8359084711
2025-04-22T19:40:00.000+0000,916679.9529653911,295195.5187512554,1037180.8583260919
2025-04-22T19:50:00.000+0000,922324.192728375,295195.5187512554,1039454.2489212031
2025-04-22T20:00:00.000+0000,904863.2874165515,295195.5187512554,1040296.5041634606
2025-04-22T20:10:00.000+0000,891201.2495375596,295195.5187512554,1039108.1637847053
2025-04-22T20:20:00.000+0000,894471.4361436792,296091.44431695127,1039094.2809607983
2025-04-22T20:30:00.000+0000,897903.2127942627,296091.44431695127,1040193.3049309386
2025-04-22T20:40:00.000+0000,902257.7055509512,296091.44431695127,1040568.4028042358
2025-04-22T20:50:00.000+0000,901798.3061846953,296091.44431695127,1040229.4220649335
2025-04-22T21:00:00.000+0000,897717.2041802952,296091.44431695127,1040046.9015812454
2025-04-22T21:10:00.000+0000,896068.8717320312,296091.44431695127,1041665.2429583758
2025-04-22T21:20:00.000+0000,871036.3039599189,296091.44431695127,1045840.6825301871
2025-04-22T21:30:00.000+0000,866521.2976169112,296186.3463345513,1046665.2253564985
2025-04-22T21:40:00.000+0000,853729.4103700712,296186.3463345513,1049365.61552672
2025-04-22T21:50:00.000+0000,850063.5918728712,296186.3463345513,1064421.1818868022
2025-04-22T22:00:00.000+0000,839830.0240518554,296186.3463345513,1064221.900451383
2025-04-22T22:10:00.000+0000,810035.6460579196,296186.3463345513,1062529.0059759687
2025-04-22T22:20:00.000+0000,817710.2788559835,296245.97575282335,1066480.8727067013
2025-04-22T22:30:00.000+0000,832232.9924731114,296290.05153396743,1061616.915867503
2025-04-22T22:40:00.000+0000,773779.6743876556,296542.9736043114,1061478.9842774002
2025-04-22T22:50:00.000+0000,751741.457916583,295909.2150171114,1063578.6185027813
2025-04-22T23:00:00.000+0000,728394.4326908236,295088.4628945114,1068747.279540335
2025-04-22T23:10:00.000+0000,720877.5632010632,289471.68287614326,1068798.335393713
2025-04-22T23:20:00.000+0000,732420.7663749591,286575.17895452736,1067352.068674121
2025-04-22T23:30:00.000+0000,726115.7770748233,285566.6948877275,1071516.016962266
2025-04-22T23:40:00.000+0000,724702.4470740797,283963.77298194333,1072372.8457549806
2025-04-22T23:50:00.000+0000,719966.9573789753,283411.0613452714,1072037.356018392
2025-04-23T00:00:00.000+0000,716510.1438539273,280077.6474914473,1070547.7114380053
2025-04-23T00:10:00.000+0000,699877.8486632716,280029.32128336735,1070657.9207733648
2025-04-23T00:20:00.000+0000,673337.7858427673,276937.4599827832,1070495.866560061
2025-04-23T00:30:00.000+0000,660910.3942159675,280125.6453024552,1068956.9363431982
2025-04-23T00:40:00.000+0000,675266.9832091995,279123.7840831354,1066149.7773958333
2025-04-23T00:50:00.000+0000,687509.2165811996,282145.0774932315,1066228.5949501898
2025-04-23T01:00:00.000+0000,683240.5949326234,286386.20727291156,1065829.059982933
2025-04-23T01:10:00.000+0000,662173.1076564315,283956.59847614355,1074060.6777090474
2025-04-23T01:20:00.000+0000,664256.0252781996,283956.59847614355,1071843.2558581312
2025-04-23T01:30:00.000+0000,669444.5592876718,283956.59847614355,1072858.062095188
2025-04-23T01:40:00.000+0000,675028.0304544555,282893.0642847036,1070925.6908238686
2025-04-23T01:50:00.000+0000,684351.0284245838,282893.0642847036,1067343.5185485655
2025-04-23T02:00:00.000+0000,682208.0912069358,284908.2881748157,1067508.4702950635
2025-04-23T02:10:00.000+0000,679640.7800502558,284908.2881748157,1070166.84074747
2025-04-23T02:20:00.000+0000,679545.8635942161,285614.59367801575,1075375.173679925
2025-04-23T02:30:00.000+0000,676842.3507661128,300739.65031492,1075821.1182973923
2025-04-23T02:40:00.000+0000,671753.3612672728,361364.9516725767,1077658.6091711286
2025-04-23T02:50:00.000+0000,656808.5912256171,386967.58950350503,1077021.4678362827
2025-04-23T03:00:00.000+0000,660675.441268817,386967.58950350503,1074793.166362651
2025-04-23T03:10:00.000+0000,668960.849135617,386967.58950350503,1073519.642034662
2025-04-23T03:20:00.000+0000,665731.5389921451,390026.06108724914,1074730.774352097
2025-04-23T03:30:00.000+0000,654156.784779289,390026.06108724914,1075231.7104280149
2025-04-23T03:40:00.000+0000,588268.4096117453,392935.02924948884,1078229.0282506556
2025-04-23T03:50:00.000+0000,589403.5178580974,449953.23854118533,1078958.289687899
2025-04-23T04:00:00.000+0000,585955.0967637298,447179.5262875854,1079347.994295796
2025-04-23T04:10:00.000+0000,595170.8720606734,445816.35817520146,1077333.4251515502
2025-04-23T04:20:00.000+0000,605246.9837174735,445816.35817520146,1075898.5459317798
2025-04-23T04:30:00.000+0000,578214.6353507219,445658.4149109775,1077192.8921976702
2025-04-23T04:40:00.000+0000,578167.7327428495,445658.4149109775,1080691.2202710733
2025-04-23T04:50:00.000+0000,584375.4679185776,445658.4149109775,1085131.7379702786
2025-04-23T05:00:00.000+0000,590711.0717774573,445658.4149109775,1085917.1712499252
2025-04-23T05:10:00.000+0000,590148.7637040815,442690.00260212953,1084321.553248719
2025-04-23T05:20:00.000+0000,598436.2723089454,442690.00260212953,1085413.6992005713
2025-04-23T05:30:00.000+0000,596920.5857290255,442690.00260212953,1085685.2399729122
2025-04-23T05:40:00.000+0000,601115.5603424017,441833.5459760016,1087108.4291505213
2025-04-23T05:50:00.000+0000,603680.3581413776,440164.71770752146,1085198.822035342
2025-04-23T06:00:00.000+0000,604679.7536848175,437345.9252269773,1083829.1831837415
2025-04-23T06:10:00.000+0000,605413.2662849139,437260.3942565373,1087121.5588245874
2025-04-23T06:20:00.000+0000,607105.9448878493,437260.3942565373,1086886.4765990837
2025-04-23T06:30:00.000+0000,635638.9265368016,428436.90641836094,1086872.1440357096
2025-04-23T06:40:00.000+0000,644068.5438336888,428345.7577956409,1086071.5765989115
2025-04-23T06:50:00.000+0000,639668.029843465,428345.7577956409,1084138.9366531954
2025-04-23T07:00:00.000+0000,631018.8374772727,424318.2554172088,1081641.931468232
2025-04-23T07:10:00.000+0000,621663.8391878967,422963.9827427768,1081064.6229949347
2025-04-23T07:20:00.000+0000,626017.0568654649,422963.9827427768,1081552.1686434648
2025-04-23T07:30:00.000+0000,626579.5880801849,422963.9827427768,1083572.3238197202
2025-04-23T07:40:00.000+0000,625390.5165690087,422963.9827427768,1083539.9404973772
2025-04-23T07:50:00.000+0000,622079.3026610089,419483.25840169674,1084648.7374043022
2025-04-23T08:00:00.000+0000,623013.6473667846,418570.92660149664,1086281.4709857467
2025-04-23T08:10:00.000+0000,623590.5286422645,417871.41819626465,1087931.4985344496
2025-04-23T08:20:00.000+0000,626734.1972738007,417871.41819626465,1090191.0926780154
2025-04-23T08:30:00.000+0000,625704.5770494647,417871.41819626465,1088981.2058501178
2025-04-23T08:40:00.000+0000,622934.5163522805,417871.41819626465,1089785.1109456706
2025-04-23T08:50:00.000+0000,623520.4034673208,417871.41819626465,1090556.6595455292
2025-04-23T09:00:00.000+0000,621370.7482084088,417662.2775627286,1091505.396916036
2025-04-23T09:10:00.000+0000,611121.7935866886,414769.11256783264,1092935.7202088295
2025-04-23T09:20:00.000+0000,610818.6423918165,414769.11256783264,1091673.0065279412
2025-04-23T09:30:00.000+0000,618972.6625229605,414769.11256783264,1090682.5455614235
2025-04-23T09:40:00.000+0000,615843.4442918487,414050.0863293686,1090561.9367995874
2025-04-23T09:50:00.000+0000,614895.4853661684,414050.0863293686,1087001.9876713941
2025-04-23T10:00:00.000+0000,620153.5168531447,414050.0863293686,1082797.937073016
2025-04-23T10:10:00.000+0000,623847.9430858324,413812.5074746245,1084090.277778274
2025-04-23T10:20:00.000+0000,620285.2732536326,413687.58101580857,1086033.4061595784
2025-04-23T10:30:00.000+0000,620010.4665849843,413572.71130515257,1087876.170909999
2025-04-23T10:40:00.000+0000,615181.8137100968,413572.71130515257,1088167.3244102274
2025-04-23T10:50:00.000+0000,615117.1561375689,413572.71130515257,1090115.4953371265
2025-04-23T11:00:00.000+0000,614545.3673248565,413572.71130515257,1090856.6966375727
2025-04-23T11:10:00.000+0000,615866.6061475291,411336.9583795208,1091763.7125131548
2025-04-23T11:20:00.000+0000,617469.3866365369,411336.9583795208,1091297.4655353753
2025-04-23T11:30:00.000+0000,618696.1208434328,410122.9135929608,1090701.6934931688
2025-04-23T11:40:00.000+0000,617386.5125788647,410122.9135929608,1088678.9957819437
2025-04-23T11:50:00.000+0000,620374.241701889,407493.08693872084,1086769.3936399024
2025-04-23T12:00:00.000+0000,607003.1452234249,396844.9809637448,1088333.1827328568
2025-04-23T12:10:00.000+0000,606446.4544426171,393471.685111065,1092176.859077573
2025-04-23T12:20:00.000+0000,611340.8431867051,392909.80177762505,1091341.843070168
2025-04-23T12:30:00.000+0000,605525.7396841528,390588.1202698969,1092168.7661638323
2025-04-23T12:40:00.000+0000,605305.5842894808,387462.66707434494,1091674.4116603183
2025-04-23T12:50:00.000+0000,604961.789915185,385791.44042610493,1093110.2560515688
2025-04-23T13:00:00.000+0000,605757.933000777,385791.44042610493,1092451.0882141802
2025-04-23T13:10:00.000+0000,606175.615607161,383213.0178157048,1095314.1915042582
2025-04-23T13:20:00.000+0000,606215.1650822486,383213.0178157048,1095290.8545758622
2025-04-23T13:30:00.000+0000,604984.2126726168,382532.5018643446,1087900.1201612703
2025-04-23T13:40:00.000+0000,606078.4792584567,382532.5018643446,1087122.9399600532
2025-04-23T13:50:00.000+0000,601632.8063842646,381986.82295698463,1079575.6030458238
2025-04-23T14:00:00.000+0000,607179.6831400167,380158.0381262087,1081814.4008321897
2025-04-23T14:10:00.000+0000,604278.867310689,377009.02455404855,1077279.39410377
2025-04-23T14:20:00.000+0000,615458.8799796166,375226.51128638454,1078354.3550403519
2025-04-23T14:30:00.000+0000,616826.7508068165,374516.43637112854,1082138.9567405758
2025-04-23T14:40:00.000+0000,620357.8033730806,372205.82056375267,1083377.8523052982
2025-04-23T14:50:00.000+0000,624580.0835245368,372205.82056375267,1081865.1115071306
2025-04-23T15:00:00.000+0000,632305.0862543925,368518.9502914569,1079883.965847368
2025-04-23T15:10:00.000+0000,638396.0452958246,366366.10385752877,1072409.6071701332
2025-04-23T15:20:00.000+0000,648551.7215399931,362679.78213604086,1067991.9837724837
2025-04-23T15:30:00.000+0000,646598.5246585449,358038.74932492885,1071510.2035706937
2025-04-23T15:40:00.000+0000,643779.0928498729,356393.39278403297,1078046.487359759
2025-04-23T15:50:00.000+0000,643344.5634816891,354833.0430232651,1079347.2570732504
2025-04-23T16:00:00.000+0000,638244.6962220252,353171.7580653052,1082807.569204018
2025-04-23T16:10:00.000+0000,642611.0746026011,352294.3015425451,1081736.1849513422
2025-04-23T16:20:00.000+0000,648489.2118278014,348395.2522893372,1078244.0491821393
2025-04-23T16:30:00.000+0000,642330.0119327613,346952.0630451131,1083580.868027526
2025-04-23T16:40:00.000+0000,641376.6849849372,346952.0630451131,1086181.202978647
2025-04-23T16:50:00.000+0000,640765.4628941049,346952.0630451131,1086107.2357445997
2025-04-23T17:00:00.000+0000,637611.8428101053,346550.00894591317,1087004.0022069819
2025-04-23T17:10:00.000+0000,635648.9195959534,344701.3919435773,1089255.957221099
2025-04-23T17:20:00.000+0000,627983.0338546409,339640.37625776906,1086744.4692278672
2025-04-23T17:30:00.000+0000,632341.572172289,334089.8476258572,1085721.7879847293
2025-04-23T17:40:00.000+0000,635036.9999436174,333475.21264752105,1085549.811164735
2025-04-23T17:50:00.000+0000,636665.073481985,330926.462620049,1085671.3172110352
2025-04-23T18:00:00.000+0000,634704.686607137,330926.462620049,1088757.4071483484
2025-04-23T18:10:00.000+0000,633134.2667089291,330173.29235867306,1092161.7437636463
2025-04-23T18:20:00.000+0000,631560.9953537134,329759.7914642412,1090322.8643909101
2025-04-23T18:30:00.000+0000,635340.4846514654,329759.7914642412,1088540.5351689204
2025-04-23T18:40:00.000+0000,638037.5064265693,326123.8012553054,1086078.9388555004
2025-04-23T18:50:00.000+0000,638880.5613626335,326123.8012553054,1086003.3421344492
2025-04-23T19:00:00.000+0000,639105.7820018653,324203.97062948125,1082913.3238896162
2025-04-23T19:10:00.000+0000,637862.9510027133,324013.9275856413,1078909.0441568198
2025-04-23T19:20:00.000+0000,638853.2212722173,323654.9081411533,1075064.0816559447
2025-04-23T19:30:00.000+0000,639636.2241683772,323654.9081411533,1076335.9226320498
2025-04-23T19:40:00.000+0000,639823.6426835211,323654.9081411533,1080105.1080745333
2025-04-23T19:50:00.000+0000,639501.0798204172,323654.9081411533,1078452.9562583065
2025-04-23T20:00:00.000+0000,638839.2629678013,323648.9257309133,1081742.0811521073
2025-04-23T20:10:00.000+0000,638214.2587614892,323648.9257309133,1082626.4486322943
2025-04-23T20:20:00.000+0000,635973.9922696016,323243.2130009611,1085816.163143799
2025-04-23T20:30:00.000+0000,635373.8885169773,323243.2130009611,1086816.2197246512
2025-04-23T20:40:00.000+0000,637729.2553448731,323243.2130009611,1085359.6933086603
2025-04-23T20:50:00.000+0000,637761.937498217,323243.2130009611,1085300.580635218
2025-04-23T21:00:00.000+0000,638668.0810030173,323097.42316620913,1086465.4734490465
2025-04-23T21:10:00.000+0000,639535.385753697,323097.42316620913,1087065.7521547943
2025-04-23T21:20:00.000+0000,638468.400705153,323082.79817556916,1086229.182010766
2025-04-23T21:30:00.000+0000,639796.0151232653,323082.79817556916,1085975.212839378
2025-04-23T21:40:00.000+0000,639421.4312502894,323082.79817556916,1083482.7457478908
2025-04-23T21:50:00.000+0000,637484.3609272651,323082.79817556916,1082972.448091283
2025-04-23T22:00:00.000+0000,636847.185855441,323082.79817556916,1083280.0621431542
2025-04-23T22:10:00.000+0000,636313.4882553611,323082.79817556916,1083021.3608951129
2025-04-23T22:20:00.000+0000,636450.4527160652,323082.79817556916,1084853.6738556353
2025-04-23T22:30:00.000+0000,635558.741416257,323082.79817556916,1086323.4448706387
2025-04-23T22:40:00.000+0000,632964.2827249933,323082.79817556916,1088018.5394987005
2025-04-23T22:50:00.000+0000,632974.8821586573,323082.79817556916,1088671.4217005635
2025-04-23T23:00:00.000+0000,632426.0492964812,323082.79817556916,1088868.4203022965
2025-04-23T23:10:00.000+0000,632457.8898036812,323082.79817556916,1088765.2976909177
2025-04-23T23:20:00.000+0000,633081.6970982893,323082.79817556916,1088412.1651338357
2025-04-23T23:30:00.000+0000,633970.7754661293,323082.79817556916,1087538.3812461025
2025-04-23T23:40:00.000+0000,635473.9174697452,323082.79817556916,1085187.1046729549
2025-04-23T23:50:00.000+0000,635329.8800919054,323082.79817556916,1084717.7292941273
2025-04-24T00:00:00.000+0000,633505.0831382732,323082.79817556916,1085467.8525998746
2025-04-24T00:10:00.000+0000,632370.4839243692,323082.79817556916,1084294.7302403713
2025-04-24T00:20:00.000+0000,632898.934125729,323082.79817556916,1081426.2256325907
2025-04-24T00:30:00.000+0000,631194.5077185615,323082.79817556916,1080766.0989051044
2025-04-24T00:40:00.000+0000,629348.5013460494,323082.79817556916,1082527.4480167762
2025-04-24T00:50:00.000+0000,631700.8601922572,323082.79817556916,1082146.796945795
2025-04-24T01:00:00.000+0000,632204.534010593,323082.79817556916,1082155.5883744522
2025-04-24T01:10:00.000+0000,633715.6706533772,323082.79817556916,1078046.7953798147
2025-04-24T01:20:00.000+0000,633658.2665734093,323082.79817556916,1077866.9696846134
2025-04-24T01:30:00.000+0000,630389.470164241,323082.79817556916,1080763.3668227654
2025-04-24T01:40:00.000+0000,631611.6235187533,323082.79817556916,1080795.1003892259
2025-04-24T01:50:00.000+0000,633335.6647415053,323082.79817556916,1082171.9794872445
2025-04-24T02:00:00.000+0000,633949.7978416653,323082.79817556916,1082375.174299769
2025-04-24T02:10:00.000+0000,634062.8768660172,323082.79817556916,1083727.730941255
2025-04-24T02:20:00.000+0000,635269.0725968491,323082.79817556916,1083996.3454594698
2025-04-24T02:30:00.000+0000,635505.0042004493,323082.79817556916,1082256.65592554
2025-04-24T02:40:00.000+0000,636387.8404659695,323082.79817556916,1076009.665302056
2025-04-24T02:50:00.000+0000,637779.7052226574,323082.79817556916,1075701.6092542345
2025-04-24T03:00:00.000+0000,637463.400548993,323082.79817556916,1075121.071520314
2025-04-24T03:10:00.000+0000,638833.0799881449,323082.79817556916,1077207.2308611847
2025-04-24T03:20:00.000+0000,639581.5287897133,323082.79817556916,1078408.0685210726
2025-04-24T03:30:00.000+0000,640575.6818704811,323082.79817556916,1074555.076655829
2025-04-24T03:40:00.000+0000,646097.9033962094,323082.79817556916,1072175.968922642
2025-04-24T03:50:00.000+0000,646490.328105089,323082.79817556916,1068994.1741341902
2025-04-24T04:00:00.000+0000,646921.5988722411,323082.79817556916,1068221.4878614913
2025-04-24T04:10:00.000+0000,644630.2151268971,323082.79817556916,1066391.0560766398
2025-04-24T04:20:00.000+0000,644172.4435773451,323082.79817556916,1069645.930494562
2025-04-24T04:30:00.000+0000,645655.3571166893,324713.8570837292,1067853.867665842
2025-04-24T04:40:00.000+0000,645634.1468185133,324713.8570837292,1067982.7871977822
2025-04-24T04:50:00.000+0000,644061.3944277932,324713.8570837292,1070123.9619875671
2025-04-24T05:00:00.000+0000,640297.3740549932,324713.8570837292,1072896.942628038
2025-04-24T05:10:00.000+0000,639497.8916729772,324713.8570837292,1072007.6262530577
2025-04-24T05:20:00.000+0000,638793.5307328812,324713.8570837292,1068716.464928072
2025-04-24T05:30:00.000+0000,638897.7775886254,324713.8570837292,1070235.9235131126
2025-04-24T05:40:00.000+0000,639343.1873755052,324713.8570837292,1071341.7404868782
2025-04-24T05:50:00.000+0000,639495.5568223532,324713.8570837292,1070015.361207567
2025-04-24T06:00:00.000+0000,640826.0463785132,324713.8570837292,1070577.4954263773
2025-04-24T06:10:00.000+0000,641119.080563473,324713.8570837292,1067818.0770416784
2025-04-24T06:20:00.000+0000,641604.2727389612,324713.8570837292,1069096.470589103
2025-04-24T06:30:00.000+0000,641899.9618382892,324713.8570837292,1071424.0848811914
2025-04-24T06:40:00.000+0000,642203.9849850412,324713.8570837292,1070535.696985308
2025-04-24T06:50:00.000+0000,642145.2128404011,324713.8570837292,1068323.8081640294
2025-04-24T07:00:00.000+0000,642057.2797232175,324713.8570837292,1068283.941387058
2025-04-24T07:10:00.000+0000,641593.7155115051,324713.8570837292,1070671.7870044191
2025-04-24T07:20:00.000+0000,643224.8645874732,324713.8570837292,1066069.440961811
2025-04-24T07:30:00.000+0000,644136.4961383211,324713.8570837292,1065015.1931512184
2025-04-24T07:40:00.000+0000,646439.2406277932,324713.8570837292,1063114.3684550228
2025-04-24T07:50:00.000+0000,646468.4394100652,324713.8570837292,1062448.1067067562
2025-04-24T08:00:00.000+0000,652649.0390516011,324713.8570837292,1062108.9349167834
2025-04-24T08:10:00.000+0000,652952.6234296493,324713.8570837292,1060182.2581671476
2025-04-24T08:20:00.000+0000,652949.5833836334,324713.8570837292,1056715.292064295
2025-04-24T08:30:00.000+0000,654969.5229381934,324713.8570837292,1053552.026721303
2025-04-24T08:40:00.000+0000,656691.1914606253,324713.8570837292,1052380.455588889
2025-04-24T08:50:00.000+0000,656240.8763211694,324713.8570837292,1053865.8032945
2025-04-24T09:00:00.000+0000,655660.1810892974,324713.8570837292,1056785.927228879
2025-04-24T09:10:00.000+0000,655204.5833792812,324713.8570837292,1058978.7646953256
2025-04-24T09:20:00.000+0000,655905.8444812333,324713.8570837292,1060664.4406908953
2025-04-24T09:30:00.000+0000,657110.8865557293,324713.8570837292,1059435.6228043733
2025-04-24T09:40:00.000+0000,657524.0531178411,324713.8570837292,1059500.9074253591
2025-04-24T09:50:00.000+0000,658809.0618078252,324713.8570837292,1058680.957458314
2025-04-24T10:00:00.000+0000,659049.013532753,324713.8570837292,1060332.8525706488
2025-04-24T10:10:00.000+0000,658707.7547583531,324713.8570837292,1060454.7117914762
2025-04-24T10:20:00.000+0000,657783.3049902889,324713.8570837292,1062513.430741049
2025-04-24T10:30:00.000+0000,657956.536534097,324713.8570837292,1061053.2166347692
2025-04-24T10:40:00.000+0000,656698.4849811371,324713.8570837292,1062348.4298675072
2025-04-24T10:50:00.000+0000,656290.6212133932,324713.8570837292,1061991.2600051467
2025-04-24T11:00:00.000+0000,657314.0642834093,324713.8570837292,1061045.3368890104
2025-04-24T11:10:00.000+0000,658691.9175982251,324713.8570837292,1060201.351896117
2025-04-24T11:20:00.000+0000,657905.7370462252,324713.8570837292,1060456.313739531
2025-04-24T11:30:00.000+0000,657790.881963857,324713.8570837292,1060263.4064443482
2025-04-24T11:40:00.000+0000,655725.013102161,324713.8570837292,1060433.5091831062
2025-04-24T11:50:00.000+0000,654968.4613081772,324713.8570837292,1064077.9351021107
2025-04-24T12:00:00.000+0000,655309.1933842731,324713.8570837292,1063293.122655217
2025-04-24T12:10:00.000+0000,654107.2027866413,324713.8570837292,1063051.6033700737
2025-04-24T12:20:00.000+0000,654272.4757424173,324713.8570837292,1066189.8136968082
2025-04-24T12:30:00.000+0000,653582.6221471532,324713.8570837292,1066168.4638922329
2025-04-24T12:40:00.000+0000,654003.7736761773,324713.8570837292,1066779.6362016657
2025-04-24T12:50:00.000+0000,654249.454654033,324713.8570837292,1067205.1045859465
2025-04-24T13:00:00.000+0000,653952.9829812652,324713.8570837292,1067767.068201364
2025-04-24T13:10:00.000+0000,652998.4806345134,324713.8570837292,1068152.2585880496
2025-04-24T13:20:00.000+0000,654752.7968578733,324713.8570837292,1069006.239713396
2025-04-24T13:30:00.000+0000,651538.0075484334,324713.8570837292,1070941.0849130005
2025-04-24T13:40:00.000+0000,651257.887423953,324713.8570837292,1066599.7252811394
2025-04-24T13:50:00.000+0000,653230.1053463852,324713.8570837292,1065415.8686219738
2025-04-24T14:00:00.000+0000,648217.1087145772,324713.8570837292,1070199.5239707986
2025-04-24T14:10:00.000+0000,649594.9576329133,324713.8570837292,1072706.6500467125
2025-04-24T14:20:00.000+0000,651332.5705895852,324713.8570837292,1068800.1478785258
2025-04-24T14:30:00.000+0000,648704.5451732012,324713.8570837292,1071424.5180404205
2025-04-24T14:40:00.000+0000,647369.1203684013,324713.8570837292,1073827.1134055285
2025-04-24T14:50:00.000+0000,645356.3137429291,324713.8570837292,1074669.002277763
2025-04-24T15:00:00.000+0000,643586.5138364332,324713.8570837292,1073958.9745815604
2025-04-24T15:10:00.000+0000,641259.8672039851,324713.8570837292,1078806.039660766
2025-04-24T15:20:00.000+0000,640761.0232386731,324713.8570837292,1076542.1384077596
2025-04-24T15:30:00.000+0000,639326.2059315371,324713.8570837292,1075159.768753151
2025-04-24T15:40:00.000+0000,638534.3524015534,324713.8570837292,1076385.6737632053
2025-04-24T15:50:00.000+0000,639485.8067886251,324713.8570837292,1074605.4574141442
2025-04-24T16:00:00.000+0000,638354.980973585,324713.8570837292,1074797.5084394591
2025-04-24T16:10:00.000+0000,635673.8748557614,324713.8570837292,1076167.9055347736
2025-04-24T16:20:00.000+0000,635564.7419919531,324713.8570837292,1077978.8645095038
2025-04-24T16:30:00.000+0000,633578.7878672811,324713.8570837292,1080786.567035747
2025-04-24T16:40:00.000+0000,633149.5695968171,324713.8570837292,1081531.7877062978
2025-04-24T16:50:00.000+0000,633392.1911841453,324713.8570837292,1080549.685550171
2025-04-24T17:00:00.000+0000,636018.1121254573,324713.8570837292,1078280.1604356386
2025-04-24T17:10:00.000+0000,639805.6451131052,324713.8570837292,1072481.013090819
2025-04-24T17:20:00.000+0000,641097.8183868331,324713.8570837292,1069898.9957840848
2025-04-24T17:30:00.000+0000,641153.933858513,324713.8570837292,1073172.3459785646
2025-04-24T17:40:00.000+0000,642033.4189071534,324713.8570837292,1069094.5014972966
2025-04-24T17:50:00.000+0000,641961.406483217,324713.8570837292,1068759.9929475174
2025-04-24T18:00:00.000+0000,640991.776568209,324713.8570837292,1075960.3438564325
2025-04-24T18:10:00.000+0000,640797.7409609772,324713.8570837292,1077210.649311992
2025-04-24T18:20:00.000+0000,641674.5183374891,324713.8570837292,1076997.5674563153
2025-04-24T18:30:00.000+0000,640496.0016656813,324713.8570837292,1079030.6635978806
2025-04-24T18:40:00.000+0000,639320.9365504171,324713.8570837292,1079886.171501222
2025-04-24T18:50:00.000+0000,639768.5897411371,324713.8570837292,1080377.2295455032
2025-04-24T19:00:00.000+0000,639848.5589945131,324713.8570837292,1078698.5584031655
2025-04-24T19:10:00.000+0000,640162.3427265452,324713.8570837292,1077338.0527638379
2025-04-24T19:20:00.000+0000,638491.0832845612,324713.8570837292,1078570.0454473968
2025-04-24T19:30:00.000+0000,638437.642071761,324713.8570837292,1080364.9468395065
2025-04-24T19:40:00.000+0000,638581.7179188012,324713.8570837292,1079631.5450592896
2025-04-24T19:50:00.000+0000,640085.0635593771,324713.8570837292,1080565.4943490534
2025-04-24T20:00:00.000+0000,639288.2404882093,324713.8570837292,1079892.0589239306
2025-04-24T20:10:00.000+0000,639826.4896241453,324713.8570837292,1080741.7326661318
2025-04-24T20:20:00.000+0000,639042.5885271211,324713.8570837292,1080221.856242685
2025-04-24T20:30:00.000+0000,637688.1889143211,324713.8570837292,1079835.7406114377
2025-04-24T20:40:00.000+0000,637512.334990097,324713.8570837292,1079748.1609545094
2025-04-24T20:50:00.000+0000,636574.1516576816,324713.8570837292,1079789.6988812422
2025-04-24T21:00:00.000+0000,637464.1631584171,324713.8570837292,1079432.4029905433
2025-04-24T21:10:00.000+0000,636970.6087980332,324713.8570837292,1079199.42762937
2025-04-24T21:20:00.000+0000,637469.0438907051,324713.8570837292,1072952.2683699501
2025-04-24T21:30:00.000+0000,638548.651672977,324713.8570837292,1074327.2167057025
2025-04-24T21:40:00.000+0000,637876.9305201451,324713.8570837292,1075881.4398802593
2025-04-24T21:50:00.000+0000,636842.8633961771,324713.8570837292,1077126.896289035
2025-04-24T22:00:00.000+0000,635952.8598091053,324713.8570837292,1076638.0448637088
2025-04-24T22:10:00.000+0000,635022.6482541614,324713.8570837292,1078997.2748475329
2025-04-24T22:20:00.000+0000,635513.5433036973,324713.8570837292,1078854.6996360323
2025-04-24T22:30:00.000+0000,635977.894485329,324713.8570837292,1080079.894439896
2025-04-24T22:40:00.000+0000,635911.172545617,324713.8570837292,1077469.2488388717
2025-04-24T22:50:00.000+0000,636902.3600807212,324713.8570837292,1076595.7165903507
2025-04-24T23:00:00.000+0000,637337.5942546094,324713.8570837292,1077323.5002393303
2025-04-24T23:10:00.000+0000,636234.1230183853,324713.8570837292,1080071.1689848572
2025-04-24T23:20:00.000+0000,635786.456638225,324713.8570837292,1079956.634009861
2025-04-24T23:30:00.000+0000,635048.0434417452,324713.8570837292,1084136.998713935
2025-04-24T23:40:00.000+0000,635189.4450299053,324713.8570837292,1084860.6377425774
2025-04-24T23:50:00.000+0000,635477.1289385131,324713.8570837292,1084318.6640126705
2025-04-25T00:00:00.000+0000,635122.3300448812,324713.8570837292,1083616.9243266252
2025-04-25T00:10:00.000+0000,635092.7382172974,324713.8570837292,1082400.4288450843
2025-04-25T00:20:00.000+0000,633890.7476196651,324713.8570837292,1084219.8950056308
2025-04-25T00:30:00.000+0000,631878.3850386734,324713.8570837292,1084226.0622611092
2025-04-25T00:40:00.000+0000,632451.553416849,324713.8570837292,1085409.0958336287
2025-04-25T00:50:00.000+0000,631564.1722101931,324713.8570837292,1084963.2030742601
2025-04-25T01:00:00.000+0000,628912.2648746411,324713.8570837292,1085873.8167997738
2025-04-25T01:10:00.000+0000,627835.3445406893,324713.8570837292,1087710.4947070135
2025-04-25T01:20:00.000+0000,630182.7925986729,324713.8570837292,1084444.952188218
2025-04-25T01:30:00.000+0000,631025.5089258412,324713.8570837292,1083513.7236823444
2025-04-25T01:40:00.000+0000,631191.143272273,324713.8570837292,1084898.5744493725
2025-04-25T01:50:00.000+0000,631899.5487341614,324713.8570837292,1083690.145838556
2025-04-25T02:00:00.000+0000,632910.071588625,324713.8570837292,1082995.3900228015
2025-04-25T02:10:00.000+0000,635090.4402971052,324713.8570837292,1080813.2099547226
2025-04-25T02:20:00.000+0000,635140.5020556333,324713.8570837292,1078251.8297315065
2025-04-25T02:30:00.000+0000,636718.1079204651,324713.8570837292,1076664.4654971363
2025-04-25T02:40:00.000+0000,637707.0837063851,324713.8570837292,1076411.7793874475
2025-04-25T02:50:00.000+0000,639322.2628485294,324713.8570837292,1071530.886493354
2025-04-25T03:00:00.000+0000,638376.141151889,324713.8570837292,1071712.0565803417
2025-04-25T03:10:00.000+0000,637392.4883841451,324713.8570837292,1074915.0642155122
2025-04-25T03:20:00.000+0000,637280.668072017,324713.8570837292,1074394.7566304074
2025-04-25T03:30:00.000+0000,634265.5987786411,324713.8570837292,1075287.7969751996
2025-04-25T03:40:00.000+0000,630530.332264337,324713.8570837292,1078756.9240828087
2025-04-25T03:50:00.000+0000,629493.6383634732,324713.8570837292,1078876.6610017275
2025-04-25T04:00:00.000+0000,630541.3273812011,324713.8570837292,1078526.9348959317
2025-04-25T04:10:00.000+0000,630320.682838161,324713.8570837292,1080798.341417753
2025-04-25T04:20:00.000+0000,631274.7833466412,324713.8570837292,1079683.32175354
2025-04-25T04:30:00.000+0000,635094.4980083371,324713.8570837292,1077822.1135610912
2025-04-25T04:40:00.000+0000,634406.5158747053,324713.8570837292,1079387.0076069003
2025-04-25T04:50:00.000+0000,634779.8938931372,324713.8570837292,1077485.237403791
2025-04-25T05:00:00.000+0000,632647.2151621291,324713.8570837292,1077521.5579545489
2025-04-25T05:10:00.000+0000,631612.749717073,324713.8570837292,1079882.396075346
2025-04-25T05:20:00.000+0000,634810.0924349613,324713.8570837292,1080525.5175388628
2025-04-25T05:30:00.000+0000,631991.7866447533,324713.8570837292,1079794.2518565985
2025-04-25T05:40:00.000+0000,630477.4599560491,324713.8570837292,1079175.7274346205
2025-04-25T05:50:00.000+0000,629157.6208327211,324713.8570837292,1080540.543512229
2025-04-25T06:00:00.000+0000,629130.6573807532,336392.91105996934,1080951.3020802862
2025-04-25T06:10:00.000+0000,628453.9263989932,336392.91105996934,1082415.9862034954
2025-04-25T06:20:00.000+0000,627502.8393178413,346994.77877516934,1081606.0213011513
2025-04-25T06:30:00.000+0000,622954.5301184494,346994.77877516934,1085788.3499516346
2025-04-25T06:40:00.000+0000,615642.6627157133,346994.77877516934,1085620.2740338393
2025-04-25T06:50:00.000+0000,616452.4565219856,350395.7046561294,1087598.5936582577
2025-04-25T07:00:00.000+0000,619381.0308667215,350395.7046561294,1089005.3896146202
2025-04-25T07:10:00.000+0000,619426.4901501775,350395.7046561294,1087675.4301403996
2025-04-25T07:20:00.000+0000,621127.2512519375,350395.7046561294,1085293.5475305086
2025-04-25T07:30:00.000+0000,620185.2030538896,350395.7046561294,1086595.436451529
2025-04-25T07:40:00.000+0000,620158.6857247375,350395.7046561294,1087361.6507492105
2025-04-25T07:50:00.000+0000,617325.4752678092,350395.7046561294,1088136.7021812904
2025-04-25T08:00:00.000+0000,618644.0663903374,350395.7046561294,1090699.641465733
2025-04-25T08:10:00.000+0000,620017.6937286414,350395.7046561294,1089960.6221548272
2025-04-25T08:20:00.000+0000,620310.7075299213,350395.7046561294,1090979.9642844433
2025-04-25T08:30:00.000+0000,620889.0674315535,350395.7046561294,1090153.6335250072
2025-04-25T08:40:00.000+0000,618987.8973853135,350395.7046561294,1090399.300800494
2025-04-25T08:50:00.000+0000,617102.6971130254,350395.7046561294,1090037.1698888305
2025-04-25T09:00:00.000+0000,618200.6022856655,350395.7046561294,1087024.616833275
2025-04-25T09:10:00.000+0000,619370.4409854095,350395.7046561294,1085982.3320129206
2025-04-25T09:20:00.000+0000,618825.9842595216,350395.7046561294,1087696.7756666902
2025-04-25T09:30:00.000+0000,619213.1499989453,350395.7046561294,1088798.3344273625
2025-04-25T09:40:00.000+0000,617588.3448837455,350395.7046561294,1088347.799409821
2025-04-25T09:50:00.000+0000,615257.8188373136,350395.7046561294,1090265.2800296221
2025-04-25T10:00:00.000+0000,612436.0699238095,350395.7046561294,1090534.8227037746
2025-04-25T10:10:00.000+0000,613311.6230005454,350395.7046561294,1090773.2670371272
2025-04-25T10:20:00.000+0000,612797.4858395854,350395.7046561294,1090856.4377755956
2025-04-25T10:30:00.000+0000,614903.3571137293,350395.7046561294,1086761.0688978108
2025-04-25T10:40:00.000+0000,612356.9281279375,350395.7046561294,1086154.2651157633
2025-04-25T10:50:00.000+0000,613934.2429857615,350395.7046561294,1085931.6877729916
2025-04-25T11:00:00.000+0000,613394.3024040656,350395.7046561294,1087476.0529961009
2025-04-25T11:10:00.000+0000,609672.6072639695,350395.7046561294,1090006.1547134363
2025-04-25T11:20:00.000+0000,610258.7878640336,350395.7046561294,1091627.3945237503
2025-04-25T11:30:00.000+0000,614899.2331355534,350395.7046561294,1091567.9917343394
2025-04-25T11:40:00.000+0000,614648.2553585293,350395.7046561294,1093176.463189518
2025-04-25T11:50:00.000+0000,614376.3182424015,350395.7046561294,1094265.7225376945
2025-04-25T12:00:00.000+0000,615348.5993547535,350395.7046561294,1096008.9490500991
2025-04-25T12:10:00.000+0000,611553.1801611214,350395.7046561294,1097468.5262013248
2025-04-25T12:20:00.000+0000,611412.3130250573,350395.7046561294,1095731.4283779422
2025-04-25T12:30:00.000+0000,614922.4476690574,24.808856132606977,1094939.5048046655
2025-04-25T12:40:00.000+0000,617271.5879186608,24.808856132606977,1095537.84232303
2025-04-25T12:50:00.000+0000,618430.4960898303,24.808856132606977,1090719.4733354303
2025-04-25T13:00:00.000+0000,613927.8912576697,24.808856132606977,1089748.1307813576
2025-04-25T13:10:00.000+0000,615342.8929499879,24.808856132606977,1088849.2284068698
2025-04-25T13:20:00.000+0000,621877.3106704361,24.808856132606977,1087208.3832853413
2025-04-25T13:30:00.000+0000,628836.5945458305,24.808856132606977,1084635.657452996
2025-04-25T13:40:00.000+0000,627189.5153441655,24.808856132606977,1089787.2810176176
2025-04-25T13:50:00.000+0000,628072.7298468526,24.808856132606977,1087994.5583777498
2025-04-25T14:00:00.000+0000,621202.0893999408,24.808856132606977,1090702.2961515347
2025-04-25T14:10:00.000+0000,619183.7335374138,5150.137310532911,1097101.3344335153
2025-04-25T14:20:00.000+0000,624880.7898033647,5150.137310532911,1092755.4771056997
2025-04-25T14:30:00.000+0000,633072.2464313349,5150.137310532911,1092465.687798216
2025-04-25T14:40:00.000+0000,637945.3748872685,7146.758734532886,1096831.317341026
2025-04-25T14:50:00.000+0000,643030.90420647,7146.758734532886,1102648.9918032065
2025-04-25T15:00:00.000+0000,640677.8709002609,7146.758734532886,1102035.7757631934
2025-04-25T15:10:00.000+0000,637343.6167192374,7146.758734532886,1100546.1355993254
2025-04-25T15:20:00.000+0000,638008.7092592053,7146.758734532886,1102257.114112156
2025-04-25T15:30:00.000+0000,642093.2257098602,7146.758734532886,1097564.5289643423
2025-04-25T15:40:00.000+0000,647453.8864277175,7146.758734532886,1097726.6017563762
2025-04-25T15:50:00.000+0000,646762.9969018602,9225.480425732922,1097903.307601573
2025-04-25T16:00:00.000+0000,641239.356312292,9225.480425732922,1095518.7461918672
2025-04-25T16:10:00.000+0000,650865.7087645323,9225.480425732922,1091303.6219574306
2025-04-25T16:20:00.000+0000,640818.8876765157,9225.480425732922,1091242.9700759375
2025-04-25T16:30:00.000+0000,640960.8217383563,9937.936804292922,1093693.2086514551
2025-04-25T16:40:00.000+0000,645912.3891129154,9937.936804292922,1096560.7954761968
2025-04-25T16:50:00.000+0000,646077.0215415237,9937.936804292922,1095633.912506144
2025-04-25T17:00:00.000+0000,641479.3263225807,10500.719018053054,1097368.6887994397
2025-04-25T17:10:00.000+0000,642430.0652624685,10500.719018053054,1098653.0270063016
2025-04-25T17:20:00.000+0000,644711.1990743253,11948.694110533042,1099134.8254007963
2025-04-25T17:30:00.000+0000,649432.0859610299,11948.694110533042,1091938.2672742584
2025-04-25T17:40:00.000+0000,648303.3817073808,11948.694110533042,1086280.0870982702
2025-04-25T17:50:00.000+0000,648878.5431298442,11948.694110533042,1086725.9951093707
2025-04-25T18:00:00.000+0000,654998.6841969655,17172.43337325369,1088145.2851590225
2025-04-25T18:10:00.000+0000,678626.228887477,17172.43337325369,1089289.1808347171
2025-04-25T18:20:00.000+0000,672686.5892635894,17172.43337325369,1091030.1980465665
2025-04-25T18:30:00.000+0000,663880.1241563256,18509.97748125378,1092117.2521857047
2025-04-25T18:40:00.000+0000,661064.1147275572,19347.007820853818,1094155.4669914478
2025-04-25T18:50:00.000+0000,665489.0248252684,19731.325720373803,1091838.2547149733
2025-04-25T19:00:00.000+0000,662926.6404540058,19731.325720373803,1092333.139856461
2025-04-25T19:10:00.000+0000,666398.2890514921,19731.325720373803,1091101.3836079952
2025-04-25T19:20:00.000+0000,669525.5328134445,19731.325720373803,1091085.5535917906
2025-04-25T19:30:00.000+0000,672301.4838545828,19731.325720373803,1090694.5580862148
2025-04-25T19:40:00.000+0000,673186.6011937831,19731.325720373803,1091218.9155934223
2025-04-25T19:50:00.000+0000,671581.6671290142,19731.325720373803,1092139.7216803336
2025-04-25T20:00:00.000+0000,667407.4554919594,18.61383309378008,1093209.952574622
2025-04-25T20:10:00.000+0000,667604.0288443416,18.61383309378008,1092350.9491687957
2025-04-25T20:20:00.000+0000,669976.6194022214,18.61383309378008,1091890.951267788
2025-04-25T20:30:00.000+0000,670421.3803385973,9.81733309378008,1092486.2976240339
2025-04-25T20:40:00.000+0000,671518.0357889817,9.81733309378008,1091729.2926259462
2025-04-25T20:50:00.000+0000,668238.2021566627,9.81733309378008,1093634.7391760452
2025-04-25T21:00:00.000+0000,668764.6628209264,9.81733309378008,1092815.419926601
2025-04-25T21:10:00.000+0000,668339.5613943492,9.81733309378008,1093182.7497316562
2025-04-25T21:20:00.000+0000,673332.4165722216,9.81733309378008,1090456.8295794306
2025-04-25T21:30:00.000+0000,665442.3454428149,9.81733309378008,1090568.3983706194
2025-04-25T21:40:00.000+0000,667704.0593230537,38.17882573376967,1087349.387643993
2025-04-25T21:50:00.000+0000,674089.0916774771,38.17882573376967,1086027.1854458088
2025-04-25T22:00:00.000+0000,676145.8906708773,38.17882573376967,1088323.8333855004
2025-04-25T22:10:00.000+0000,674278.450249335,38.17882573376967,1088548.161599162
2025-04-25T22:20:00.000+0000,674303.6773215166,219.27023661377572,1089386.751194172
2025-04-25T22:30:00.000+0000,665445.6210602222,219.27023661377572,1090404.9961126086
2025-04-25T22:40:00.000+0000,663580.4735229013,449.7087382137772,1091987.4514294798
2025-04-25T22:50:00.000+0000,666652.9570980784,449.7087382137772,1090944.764678327
2025-04-25T23:00:00.000+0000,665396.5587415001,449.7087382137772,1089993.381830382
2025-04-25T23:10:00.000+0000,660397.7625002845,449.7087382137772,1090109.0078697253
2025-04-25T23:20:00.000+0000,654252.935157999,449.7087382137772,1088235.096924066
2025-04-25T23:30:00.000+0000,656764.9177138378,2.6302382137611744,1087261.7902835086
2025-04-25T23:40:00.000+0000,651962.0144427737,2.6302382137611744,1087759.4470690067
2025-04-25T23:50:00.000+0000,650489.5692620398,422.9600051737172,1087148.2163436252
2025-04-26T00:00:00.000+0000,649200.4564080139,422.9600051737172,1088139.3679469929
2025-04-26T00:10:00.000+0000,648314.09144771,1207.0763098937164,1089646.943262003
2025-04-26T00:20:00.000+0000,652826.1748509419,1207.0763098937164,1090241.2991664293
2025-04-26T00:30:00.000+0000,650067.8751973903,4897.714235653712,1088894.443196222
2025-04-26T00:40:00.000+0000,650408.6318138379,6930.754801013706,1089852.4614805295
2025-04-26T00:50:00.000+0000,649678.4846692216,7920.436821493702,1092477.9822094776
2025-04-26T01:00:00.000+0000,649390.4691361247,7920.436821493702,1090349.2905358505
2025-04-26T01:10:00.000+0000,641677.6524696149,7920.436821493702,1092424.3400554443
2025-04-26T01:20:00.000+0000,639041.7153376695,7382.780821493702,1095314.3674277917
2025-04-26T01:30:00.000+0000,633146.274327405,7382.780821493702,1096552.1544371145
2025-04-26T01:40:00.000+0000,632382.3644446061,7382.780821493702,1097160.7401473722
2025-04-26T01:50:00.000+0000,628464.524665852,7382.780821493702,1096783.5033114385
2025-04-26T02:00:00.000+0000,632387.1652109169,7382.780821493702,1095519.1231252407
2025-04-26T02:10:00.000+0000,634984.4615502455,7382.780821493702,1094101.7008269096
2025-04-26T02:20:00.000+0000,637505.5106861736,7885.231938773831,1094797.9576989606
2025-04-26T02:30:00.000+0000,637583.4274928214,7885.231938773831,1094577.3873743517
2025-04-26T02:40:00.000+0000,638806.74309679,7885.231938773831,1096381.3807306779
2025-04-26T02:50:00.000+0000,637953.3112489053,7885.231938773831,1095698.1163084996
2025-04-26T03:00:00.000+0000,639998.7615984854,7885.231938773831,1094747.0356824982
2025-04-26T03:10:00.000+0000,644901.549188119,7885.231938773831,1094120.8497409762
2025-04-26T03:20:00.000+0000,645239.6146092468,7885.231938773831,1090825.130887724
2025-04-26T03:30:00.000+0000,647487.6094235268,7885.231938773831,1091339.395650846
2025-04-26T03:40:00.000+0000,644872.1461793573,7885.231938773831,1091493.2341145189
2025-04-26T03:50:00.000+0000,645935.3566200046,7885.231938773831,1090673.3792576469
2025-04-26T04:00:00.000+0000,647798.9545180313,7885.231938773831,1091211.35697426
2025-04-26T04:10:00.000+0000,648576.5989743744,7885.231938773831,1091800.4417284522
2025-04-26T04:20:00.000+0000,648488.6789467105,7885.231938773831,1089833.3301766354
2025-04-26T04:30:00.000+0000,647795.9540503267,7885.231938773831,1088075.1526265438
2025-04-26T04:40:00.000+0000,650447.9785121009,7885.231938773831,1088876.8125815352
2025-04-26T04:50:00.000+0000,651936.5599634869,7885.231938773831,1087851.8171764498
2025-04-26T05:00:00.000+0000,650654.7551983102,7885.231938773831,1086824.1224757384
2025-04-26T05:10:00.000+0000,655881.1471371913,7885.231938773831,1086232.530242951
2025-04-26T05:20:00.000+0000,655511.7204451661,7885.231938773831,1086422.3118662988
2025-04-26T05:30:00.000+0000,649376.1372916077,8996.973433493838,1088711.7537552807
2025-04-26T05:40:00.000+0000,652125.2694650132,9783.779384773845,1088975.898119253
2025-04-26T05:50:00.000+0000,649949.4938790924,9783.779384773845,1089985.6756918542
2025-04-26T06:00:00.000+0000,648170.721646206,9783.779384773845,1089753.483165407
2025-04-26T06:10:00.000+0000,651156.5454946695,9783.779384773845,1090465.6945814635
2025-04-26T06:20:00.000+0000,654423.701567156,9783.779384773845,1090734.74800209
2025-04-26T06:30:00.000+0000,651145.0710415831,9783.779384773845,1091382.230485698
2025-04-26T06:40:00.000+0000,644636.686188165,9783.779384773845,1092575.9476405983
2025-04-26T06:50:00.000+0000,642689.4939891273,9783.779384773845,1093266.8875184406
2025-04-26T07:00:00.000+0000,640993.3168172869,9783.779384773845,1093596.7382369973
2025-04-26T07:10:00.000+0000,639824.696801813,9783.779384773845,1094503.6695172233
2025-04-26T07:20:00.000+0000,640419.3116790536,9783.779384773845,1094874.8755922997
2025-04-26T07:30:00.000+0000,643628.3093255346,9783.779384773845,1094200.5267997358
2025-04-26T07:40:00.000+0000,643737.4573671904,9783.779384773845,1092880.8886238642
2025-04-26T07:50:00.000+0000,645110.5056291269,10025.028331093848,1091854.111613728
2025-04-26T08:00:00.000+0000,647805.4275354705,10025.028331093848,1091585.9606777164
2025-04-26T08:10:00.000+0000,647188.5302883985,10025.028331093848,1090001.4123374093
2025-04-26T08:20:00.000+0000,646245.30313427,10025.028331093848,1092810.0335476017
2025-04-26T08:30:00.000+0000,644983.3073891896,10025.028331093848,1096483.3768222907
2025-04-26T08:40:00.000+0000,645775.4244681656,10025.028331093848,1091086.3011990322
2025-04-26T08:50:00.000+0000,646073.4668233832,10025.028331093848,1089925.7155413362
2025-04-26T09:00:00.000+0000,648273.3652156084,10025.028331093848,1088539.867455988
2025-04-26T09:10:00.000+0000,642776.2589116136,10025.028331093848,1089957.1361394185
2025-04-26T09:20:00.000+0000,641824.8579317816,10025.028331093848,1088710.2429578963
2025-04-26T09:30:00.000+0000,644684.9952699579,10025.028331093848,1084445.420312683
2025-04-26T09:40:00.000+0000,638781.4364483177,10025.028331093848,1084332.340319312
2025-04-26T09:50:00.000+0000,643880.0678974214,10025.028331093848,1085143.460523782
2025-04-26T10:00:00.000+0000,641271.4664893892,10025.028331093848,1085660.5394030411
2025-04-26T10:10:00.000+0000,638121.5755796613,10025.028331093848,1086245.505166132
2025-04-26T10:20:00.000+0000,634190.8750377579,10025.028331093848,1086942.5603077249
2025-04-26T10:30:00.000+0000,633712.3264531419,10025.028331093848,1087202.6826163083
2025-04-26T10:40:00.000+0000,634695.0598669578,10025.028331093848,1087647.7157797322
2025-04-26T10:50:00.000+0000,636473.0823701092,10025.028331093848,1086010.8373957877
2025-04-26T11:00:00.000+0000,629950.6181092378,10025.028331093848,1084617.4179325353
2025-04-26T11:10:00.000+0000,631194.5663738613,10025.028331093848,1083929.7956799509
2025-04-26T11:20:00.000+0000,630113.0046559897,10025.028331093848,1081860.801458167
2025-04-26T11:30:00.000+0000,624051.174622695,10383.043689493867,1081293.0895468066
2025-04-26T11:40:00.000+0000,630738.6031365028,10383.043689493867,1079113.5226253208
2025-04-26T11:50:00.000+0000,641336.795854056,10383.043689493867,1078191.5887331453
2025-04-26T12:00:00.000+0000,640123.3257873491,10383.043689493867,1080256.0424590842
2025-04-26T12:10:00.000+0000,643251.9582174773,10383.043689493867,1081972.8766222396
2025-04-26T12:20:00.000+0000,643875.2457981897,10383.043689493867,1081614.5742186208
2025-04-26T12:30:00.000+0000,644055.9931445415,10383.043689493867,1082260.1259399622
2025-04-26T12:40:00.000+0000,644819.6452936933,10383.043689493867,1081478.4897934063
2025-04-26T12:50:00.000+0000,645940.5411590552,10383.043689493867,1080863.5069550318
2025-04-26T13:00:00.000+0000,647159.9750608696,10383.043689493867,1081306.3214346904
2025-04-26T13:10:00.000+0000,648011.6603171503,10383.043689493867,1081206.1558106774
2025-04-26T13:20:00.000+0000,649357.7271315254,10383.043689493867,1079682.4159742862
2025-04-26T13:30:00.000+0000,647475.6073728546,10383.043689493867,1078654.8396527013
2025-04-26T13:40:00.000+0000,644173.5345161567,10383.043689493867,1076616.9718261189
2025-04-26T13:50:00.000+0000,640234.1411440857,10383.043689493867,1079287.2581979563
2025-04-26T14:00:00.000+0000,626031.5110850937,10383.043689493867,1079199.9823120437
2025-04-26T14:10:00.000+0000,627728.0568218457,12699.876039653826,1079220.9345538053
2025-04-26T14:20:00.000+0000,616706.4938316857,12699.876039653826,1079071.3374127224
2025-04-26T14:30:00.000+0000,615815.3163844537,13077.779674693882,1081672.7051980891
2025-04-26T14:40:00.000+0000,613953.3900081434,13077.779674693882,1082177.091882883
2025-04-26T14:50:00.000+0000,619828.0676332389,13077.779674693882,1082079.7050888569
2025-04-26T15:00:00.000+0000,616169.1780184938,13638.954375493882,1082641.110105282
2025-04-26T15:10:00.000+0000,617849.5425905408,13638.954375493882,1083633.8821420507
2025-04-26T15:20:00.000+0000,618620.0067457263,13638.954375493882,1083676.8517842179
2025-04-26T15:30:00.000+0000,614294.1307872701,13638.954375493882,1084989.326978371
2025-04-26T15:40:00.000+0000,613658.6294254059,13638.954375493882,1084914.938241422
2025-04-26T15:50:00.000+0000,614205.7782259108,13638.954375493882,1086346.6162036748
2025-04-26T16:00:00.000+0000,615146.1692307736,13638.954375493882,1084192.121695193
2025-04-26T16:10:00.000+0000,618932.5548670378,13638.954375493882,1084536.0257476661
2025-04-26T16:20:00.000+0000,622354.6401968859,13638.954375493882,1085720.9946848175
2025-04-26T16:30:00.000+0000,622557.6868894809,13638.954375493882,1084761.2378699759
2025-04-26T16:40:00.000+0000,621915.2933157985,13638.954375493882,1082938.097957102
2025-04-26T16:50:00.000+0000,622748.2784241738,13638.954375493882,1084671.8857119759
2025-04-26T17:00:00.000+0000,623424.8602153827,13638.954375493882,1085346.4476706795
2025-04-26T17:10:00.000+0000,624303.8690852697,13638.954375493882,1084834.4894212142
2025-04-26T17:20:00.000+0000,626356.585996951,13638.954375493882,1085240.3741253833
2025-04-26T17:30:00.000+0000,628732.9141123905,13638.954375493882,1086401.4182136655
2025-04-26T17:40:00.000+0000,623146.9310567249,13638.954375493882,1086403.5742059601
2025-04-26T17:50:00.000+0000,624052.6842140537,13638.954375493882,1085917.823911833
2025-04-26T18:00:00.000+0000,622326.5368475653,13638.954375493882,1085146.7790984847
2025-04-26T18:10:00.000+0000,621504.2786607808,13638.954375493882,1084828.657986524
2025-04-26T18:20:00.000+0000,619880.4416504777,13638.954375493882,1085332.9222959003
2025-04-26T18:30:00.000+0000,608422.521315685,13638.954375493882,1086384.8329996727
2025-04-26T18:40:00.000+0000,603622.7282344778,17493.852987493894,1085891.3948665173
2025-04-26T18:50:00.000+0000,609265.9045588938,17493.852987493894,1084177.9285424207
2025-04-26T19:00:00.000+0000,611378.1143281824,17493.852987493894,1083578.9692236662
2025-04-26T19:10:00.000+0000,614843.2218227419,17493.852987493894,1083246.8840642902
2025-04-26T19:20:00.000+0000,615973.209039197,17493.852987493894,1084486.6980804228
2025-04-26T19:30:00.000+0000,618167.7410979241,17493.852987493894,1084967.5301663042
2025-04-26T19:40:00.000+0000,617483.8490096394,17493.852987493894,1085902.8177907222
2025-04-26T19:50:00.000+0000,617302.9701186065,17493.852987493894,1086871.4534503324
2025-04-26T20:00:00.000+0000,613274.4832284132,17493.852987493894,1088618.0358816676
2025-04-26T20:10:00.000+0000,611082.3541057995,17493.852987493894,1087158.1963914873
2025-04-26T20:20:00.000+0000,607790.9905148298,17493.852987493894,1086242.303866527
2025-04-26T20:30:00.000+0000,609991.1019764624,17493.852987493894,1086235.1544996107
2025-04-26T20:40:00.000+0000,612353.3263439338,17493.852987493894,1086387.737720685
2025-04-26T20:50:00.000+0000,613178.7331098372,17493.852987493894,1084197.278655807
2025-04-26T21:00:00.000+0000,616037.3455189344,17493.852987493894,1084752.6699428754
2025-04-26T21:10:00.000+0000,617476.5394219893,17493.852987493894,1086341.8891735086
2025-04-26T21:20:00.000+0000,618428.2008932622,17493.852987493894,1086234.2012967933
2025-04-26T21:30:00.000+0000,620780.5694217172,17493.852987493894,1086814.775400858
2025-04-26T21:40:00.000+0000,622838.998859718,17493.852987493894,1087208.9517111478
2025-04-26T21:50:00.000+0000,623437.996777717,17493.852987493894,1086484.672811471
2025-04-26T22:00:00.000+0000,623005.4238731102,17493.852987493894,1087426.8638957238
2025-04-26T22:10:00.000+0000,620847.4330479908,17493.852987493894,1090294.244974683
2025-04-26T22:20:00.000+0000,621313.9419920311,17493.852987493894,1091448.8164873994
2025-04-26T22:30:00.000+0000,625358.0555808527,17493.852987493894,1091399.2501593304
2025-04-26T22:40:00.000+0000,625934.2179119494,17493.852987493894,1092095.4351425488
2025-04-26T22:50:00.000+0000,624141.3730761588,17493.852987493894,1089729.6419782834
2025-04-26T23:00:00.000+0000,616217.9459429169,17493.852987493894,1090319.3571717667
2025-04-26T23:10:00.000+0000,610705.2852224209,17493.852987493894,1089069.7865545754
2025-04-26T23:20:00.000+0000,612982.9490225115,17493.852987493894,1090334.0838803356
2025-04-26T23:30:00.000+0000,611558.975773182,17493.852987493894,1089554.8817314627
2025-04-26T23:40:00.000+0000,611072.2244460137,17493.852987493894,1089733.7374239638
2025-04-26T23:50:00.000+0000,615094.3963622293,17493.852987493894,1090632.6184951137
2025-04-27T00:00:00.000+0000,613434.0937177901,17493.852987493894,1090690.8886947324
2025-04-27T00:10:00.000+0000,606681.753404998,17493.852987493894,1094876.6695983894
2025-04-27T00:20:00.000+0000,607918.2449098071,17493.852987493894,1097169.9795113162
2025-04-27T00:30:00.000+0000,614690.8617483897,17493.852987493894,1097974.393988197
2025-04-27T00:40:00.000+0000,613622.4067567425,17493.852987493894,1097795.9322092724
2025-04-27T00:50:00.000+0000,612663.6744866385,17493.852987493894,1097998.902925218
2025-04-27T01:00:00.000+0000,621467.4709105598,17493.852987493894,1097230.0340451982
2025-04-27T01:10:00.000+0000,628842.4754831167,17493.852987493894,1098225.871605698
2025-04-27T01:20:00.000+0000,633343.9908675347,17493.852987493894,1090230.2837415866
2025-04-27T01:30:00.000+0000,636283.9850590772,17493.852987493894,1081962.409155084
2025-04-27T01:40:00.000+0000,638980.2061052767,17493.852987493894,1084050.670945608
2025-04-27T01:50:00.000+0000,640346.0098874384,17493.852987493894,1078381.358675526
2025-04-27T02:00:00.000+0000,638121.6845923825,17493.852987493894,1079679.4615157782
2025-04-27T02:10:00.000+0000,636962.9675681735,17493.852987493894,1083608.8351130765
2025-04-27T02:20:00.000+0000,637428.0202481586,17493.852987493894,1085509.0463501848
2025-04-27T02:30:00.000+0000,639240.6714361839,17493.852987493894,1083557.0500573136
2025-04-27T02:40:00.000+0000,637785.7190799838,17493.852987493894,1080018.5192946093
2025-04-27T02:50:00.000+0000,635379.8594386798,17493.852987493894,1080716.2632914418
2025-04-27T03:00:00.000+0000,636083.7895836853,17493.852987493894,1083376.8988245232
2025-04-27T03:10:00.000+0000,634684.210623303,17493.852987493894,1083068.5327654702
2025-04-27T03:20:00.000+0000,630362.8215624522,17493.852987493894,1080796.578620867
2025-04-27T03:30:00.000+0000,630705.5625501339,17563.391312293865,1081215.118498433
2025-04-27T03:40:00.000+0000,629691.2678755419,17563.391312293865,1082331.510144678
2025-04-27T03:50:00.000+0000,629319.4551838471,17563.391312293865,1081336.7725227287
2025-04-27T04:00:00.000+0000,625702.6079982289,17563.391312293865,1082521.0648973838
2025-04-27T04:10:00.000+0000,623386.3223503577,17563.391312293865,1083208.1654292052
2025-04-27T04:20:00.000+0000,623929.4971226291,17563.391312293865,1083009.195093617
2025-04-27T04:30:00.000+0000,630057.0943400542,17563.391312293865,1079497.0844114046
2025-04-27T04:40:00.000+0000,628482.8923399451,17563.391312293865,1079190.343428363
2025-04-27T04:50:00.000+0000,628220.5242624627,19280.71535309372,1077831.9493445097
2025-04-27T05:00:00.000+0000,629586.7397449962,19533.366969973693,1077940.410580279
2025-04-27T05:10:00.000+0000,631893.9219414631,19533.366969973693,1078586.020809111
2025-04-27T05:20:00.000+0000,636200.5859218054,19785.74710421379,1073240.2345675528
2025-04-27T05:30:00.000+0000,636594.5210913487,21310.418290693786,1074352.3767833658
2025-04-27T05:40:00.000+0000,643198.5403559818,25390.49161869422,1076400.2667368837
2025-04-27T05:50:00.000+0000,647315.0961346548,39120.00511397464,1076121.6810882455
2025-04-27T06:00:00.000+0000,649689.6819828788,0.6205518944259723,1077306.154348571
2025-04-27T06:10:00.000+0000,645422.3345141425,6765.4009386943835,1078407.5334943347
2025-04-27T06:20:00.000+0000,642881.4955927188,10440.885097174196,1078510.7651501645
2025-04-27T06:30:00.000+0000,643382.8619984612,11353.612530614153,1079155.4410753057
2025-04-27T06:40:00.000+0000,646081.3940943428,11764.785828614104,1077969.8077310887
2025-04-27T06:50:00.000+0000,647392.4678855512,14439.71856909401,1077968.9915300568
2025-04-27T07:00:00.000+0000,647419.1228644943,14439.71856909401,1079034.1329424926
2025-04-27T07:10:00.000+0000,652270.9402229583,16463.375647254023,1078053.2442709804
2025-04-27T07:20:00.000+0000,649748.7112516533,17348.545344534028,1080571.580819102
2025-04-27T07:30:00.000+0000,647891.9166666225,17611.24181909404,1080793.6056630216
2025-04-27T07:40:00.000+0000,648001.8010187574,19278.20338213394,1081388.4358475516
2025-04-27T07:50:00.000+0000,648907.5881588779,19448.807289733955,1081125.0433067563
2025-04-27T08:00:00.000+0000,651080.6446917818,20081.421393253953,1080714.9156869964
2025-04-27T08:10:00.000+0000,650750.2443736619,20414.9906242139,1081594.053495702
2025-04-27T08:20:00.000+0000,650063.2936842145,20677.835180213693,1083521.5406684685
2025-04-27T08:30:00.000+0000,649379.8052427492,23208.96785285365,1084698.6776209164
2025-04-27T08:40:00.000+0000,651339.2293384378,23208.96785285365,1085238.186620822
2025-04-27T08:50:00.000+0000,650680.1670204294,23473.046420853676,1085245.593774704
2025-04-27T09:00:00.000+0000,651070.0125942696,23736.779465493742,1084435.7119204863
2025-04-27T09:10:00.000+0000,653537.2181195733,23736.779465493742,1083822.6348899612
2025-04-27T09:20:00.000+0000,651245.1963750368,23736.779465493742,1084074.4740644577
2025-04-27T09:30:00.000+0000,655047.3349788386,24070.587305413803,1084192.7700275714
2025-04-27T09:40:00.000+0000,648087.1324389648,24070.587305413803,1085373.5790038744
2025-04-27T09:50:00.000+0000,657543.2026960303,24599.79260221389,1085236.8348142044
2025-04-27T10:00:00.000+0000,658300.399613501,25002.236489333834,1084648.259532882
2025-04-27T10:10:00.000+0000,654777.1185350697,25711.547186453794,1084634.7250532026
2025-04-27T10:20:00.000+0000,654492.7301279502,27899.18307653376,1083725.1961975913
2025-04-27T10:30:00.000+0000,657430.8971623902,28163.138243333768,1082975.6331323711
2025-04-27T10:40:00.000+0000,659205.1446379822,28163.138243333768,1083742.3536683868
2025-04-27T10:50:00.000+0000,657814.6115750857,28163.138243333768,1084543.1684231046
2025-04-27T11:00:00.000+0000,657361.1076886706,28163.138243333768,1083074.6879816994
2025-04-27T11:10:00.000+0000,656893.0268031901,28692.480030853814,1082840.2166233836
2025-04-27T11:20:00.000+0000,656945.4132005185,29222.438824373672,1083028.6204428687
2025-04-27T11:30:00.000+0000,655482.9441424939,31351.08884093371,1083500.1072856283
2025-04-27T11:40:00.000+0000,656134.4122807103,32678.824801733615,1083258.8317167806
2025-04-27T11:50:00.000+0000,657238.5778710056,32930.77567965361,1082618.8207649093
2025-04-27T12:00:00.000+0000,657611.3419010215,33845.12331589361,1081348.1197028067
2025-04-27T12:10:00.000+0000,658472.301731701,47869.85954389297,1080831.1497764569
2025-04-27T12:20:00.000+0000,653523.7718551966,49220.47078981289,1079934.7900275593
2025-04-27T12:30:00.000+0000,659405.3960086203,52958.23958069212,1078364.9593824632
2025-04-27T12:40:00.000+0000,656545.0852492916,52958.23958069212,1079980.273249383
2025-04-27T12:50:00.000+0000,657660.0698774271,56083.56721677163,1078910.7588912016
2025-04-27T13:00:00.000+0000,658091.8413137225,65340.47366245107,1075615.0691314957
2025-04-27T13:10:00.000+0000,667683.7745733614,73470.91959804992,1078353.6013853643
2025-04-27T13:20:00.000+0000,668477.1460380242,88203.8948811688,1078343.364543217
2025-04-27T13:30:00.000+0000,666820.0583995203,88903.51613604886,1079731.833748451
2025-04-27T13:40:00.000+0000,665575.9539899125,90162.98745228875,1082195.9943606511
2025-04-27T13:50:00.000+0000,667037.6728985375,90437.72788396875,1081949.903711873
2025-04-27T14:00:00.000+0000,667199.3056288247,90437.72788396875,1082639.6805459145
2025-04-27T14:10:00.000+0000,663882.3368584011,90437.72788396875,1082045.4444296104
2025-04-27T14:20:00.000+0000,664454.6547175372,91873.7949105287,1084953.1988928055
2025-04-27T14:30:00.000+0000,668290.0425906242,92397.51280076867,1084652.3413371025
2025-04-27T14:40:00.000+0000,669454.2685441598,92583.93594284866,1083722.030243495
2025-04-27T14:50:00.000+0000,670659.4622372647,94905.12270668862,1083129.7474681623
2025-04-27T15:00:00.000+0000,673135.0117820087,97511.09945612862,1081001.5761969234
2025-04-27T15:10:00.000+0000,676085.8779889767,109314.8669816487,1082398.2214564877
2025-04-27T15:20:00.000+0000,676121.0257182806,134538.37661796843,1080750.889782108
2025-04-27T15:30:00.000+0000,678748.2815808003,136876.37232388853,1081197.5391931108
2025-04-27T15:40:00.000+0000,682603.7271848561,136876.37232388853,1081623.6733952954
2025-04-27T15:50:00.000+0000,681950.4318795447,136876.37232388853,1082277.391786837
2025-04-27T16:00:00.000+0000,682485.7393606886,136876.37232388853,1082454.3142661685
2025-04-27T16:10:00.000+0000,680277.5473786484,136876.37232388853,1081364.6880417257
2025-04-27T16:20:00.000+0000,683160.8392084003,136876.37232388853,1080900.8520673015
2025-04-27T16:30:00.000+0000,692244.7560865368,136876.37232388853,1079301.314403003
2025-04-27T16:40:00.000+0000,690949.4838339767,136876.37232388853,1080426.6472604857
2025-04-27T16:50:00.000+0000,689895.519370624,136876.37232388853,1080327.818055887
2025-04-27T17:00:00.000+0000,697941.6279001681,139164.46188668854,1080757.4064704136
2025-04-27T17:10:00.000+0000,696521.0513712884,139277.90985564858,1082632.5217976302
2025-04-27T17:20:00.000+0000,697693.9285582964,139277.90985564858,1083805.7333978633
2025-04-27T17:30:00.000+0000,699085.1216827205,139277.90985564858,1082554.8445719779
2025-04-27T17:40:00.000+0000,696687.999565801,139277.90985564858,1083268.1654910361
2025-04-27T17:50:00.000+0000,694701.9396858003,139277.90985564858,1084370.1692084891
2025-04-27T18:00:00.000+0000,696772.181826073,139277.90985564858,1083610.3263199888
2025-04-27T18:10:00.000+0000,690055.8461265283,139277.90985564858,1085449.672278767
2025-04-27T18:20:00.000+0000,691542.9747710881,139277.90985564858,1086352.2069323547
2025-04-27T18:30:00.000+0000,691159.7479180333,139277.90985564858,1086883.823983458
2025-04-27T18:40:00.000+0000,689236.7270364563,139277.90985564858,1088733.6475416904
2025-04-27T18:50:00.000+0000,690388.9775580084,139277.90985564858,1087871.574958291
2025-04-27T19:00:00.000+0000,693545.5058835533,139277.90985564858,1087520.1303526952
2025-04-27T19:10:00.000+0000,694695.0742525447,139277.90985564858,1086815.128082729
2025-04-27T19:20:00.000+0000,697154.9057318084,139277.90985564858,1086686.8377660098
2025-04-27T19:30:00.000+0000,695866.202439873,139277.90985564858,1087765.7574659623
2025-04-27T19:40:00.000+0000,693282.0997671605,139277.90985564858,1088350.002369812
2025-04-27T19:50:00.000+0000,692111.1337999527,139277.90985564858,1089231.9284365638
2025-04-27T20:00:00.000+0000,693233.587238257,139277.90985564858,1087072.1168395688
2025-04-27T20:10:00.000+0000,694759.5661776967,139277.90985564858,1086869.5525139482
2025-04-27T20:20:00.000+0000,694995.0553055604,139277.90985564858,1084986.2303524697
2025-04-27T20:30:00.000+0000,695844.289614168,139277.90985564858,1085619.6810838091
2025-04-27T20:40:00.000+0000,696792.0081123447,139277.90985564858,1085327.9045618838
2025-04-27T20:50:00.000+0000,695574.4389275602,139277.90985564858,1085034.1253907015
2025-04-27T21:00:00.000+0000,695381.7510213046,139277.90985564858,1083606.2176111655
2025-04-27T21:10:00.000+0000,695031.7577500967,139277.90985564858,1083633.4771149505
2025-04-27T21:20:00.000+0000,693456.1999155288,139277.90985564858,1085585.9276544284
2025-04-27T21:30:00.000+0000,692210.9779606722,139277.90985564858,1086672.9849814097
2025-04-27T21:40:00.000+0000,690738.9784131445,139277.90985564858,1087794.742425748
2025-04-27T21:50:00.000+0000,689833.6450597044,139277.90985564858,1086801.485829361
2025-04-27T22:00:00.000+0000,690049.5197117119,139277.90985564858,1082034.065985234
2025-04-27T22:10:00.000+0000,693928.715370513,139372.76591004856,1080467.1585007256
2025-04-27T22:20:00.000+0000,694792.0752296327,139372.76591004856,1079603.6343570042
2025-04-27T22:30:00.000+0000,695974.982106465,139372.76591004856,1077973.0904115487
2025-04-27T22:40:00.000+0000,694299.9206984892,139372.76591004856,1079998.9353744148
2025-04-27T22:50:00.000+0000,694531.1870572728,139372.76591004856,1080922.1813284527
2025-04-27T23:00:00.000+0000,697872.7103983131,139372.76591004856,1078699.4961193528
2025-04-27T23:10:00.000+0000,697475.6943954085,139372.76591004856,1078420.7830791515
2025-04-27T23:20:00.000+0000,695911.7704662648,139372.76591004856,1079739.8718964015
2025-04-27T23:30:00.000+0000,695114.9494334643,139372.76591004856,1079992.8632309516
2025-04-27T23:40:00.000+0000,696954.8997047362,139372.76591004856,1078931.2282084324
2025-04-27T23:50:00.000+0000,696410.4704268725,139372.76591004856,1078855.7297826346
2025-04-28T00:00:00.000+0000,697609.7266537525,140938.51580724862,1072732.409399893
2025-04-28T00:10:00.000+0000,696436.362956265,140938.51580724862,1072220.4542485708
2025-04-28T00:20:00.000+0000,697759.6667356491,141176.90264508862,1072592.5258320437
2025-04-28T00:30:00.000+0000,696172.7273236332,141176.90264508862,1075309.4997596492
2025-04-28T00:40:00.000+0000,695089.2419559122,141505.94280220862,1072334.7358933652
2025-04-28T00:50:00.000+0000,701091.5643634243,141505.94280220862,1071680.6920576184
2025-04-28T01:00:00.000+0000,700037.6262289927,46785.65924412856,1070314.4256895294
2025-04-28T01:10:00.000+0000,701703.2894371044,46785.65924412856,1069899.7083608643
2025-04-28T01:20:00.000+0000,705831.0078784969,46785.65924412856,1066823.749274541
2025-04-28T01:30:00.000+0000,707206.1466466885,46785.65924412856,1060413.2632466457
2025-04-28T01:40:00.000+0000,713817.9995394011,46785.65924412856,1060456.4551589321
2025-04-28T01:50:00.000+0000,714839.0332084809,46826.15921820857,1062227.5824588365
2025-04-28T02:00:00.000+0000,712476.5836912724,46826.15921820857,1062178.3517217794
2025-04-28T02:10:00.000+0000,713144.3762295127,46826.15921820857,1064559.3856643224
2025-04-28T02:20:00.000+0000,710538.9862003207,46826.15921820857,1066613.7205555472
2025-04-28T02:30:00.000+0000,710385.5193421036,46826.15921820857,1067421.93589985
2025-04-28T02:40:00.000+0000,709439.9176791047,49878.05934332865,1067445.9480265963
2025-04-28T02:50:00.000+0000,709527.9499369125,49878.05934332865,1069009.8386063317
2025-04-28T03:00:00.000+0000,711073.7357781449,49878.05934332865,1067865.666336087
2025-04-28T03:10:00.000+0000,709259.0445334734,49878.05934332865,1068287.1356107725
2025-04-28T03:20:00.000+0000,707296.6580795691,49878.05934332865,1072042.361651214
2025-04-28T03:30:00.000+0000,705535.1448084569,49878.05934332865,1076478.4435347242
2025-04-28T03:40:00.000+0000,708320.601449025,49878.05934332865,1077054.5986211349
2025-04-28T03:50:00.000+0000,707942.6346545529,49878.05934332865,1078578.682342227
2025-04-28T04:00:00.000+0000,705626.7583389531,49878.05934332865,1079770.889563865
2025-04-28T04:10:00.000+0000,702849.1551106242,49878.05934332865,1080646.4089810567
2025-04-28T04:20:00.000+0000,700763.5762795289,49878.05934332865,1081259.3019380677
2025-04-28T04:30:00.000+0000,701302.2969079684,49878.05934332865,1082339.5521403786
2025-04-28T04:40:00.000+0000,703391.772689009,49878.05934332865,1081540.4775595716
2025-04-28T04:50:00.000+0000,703586.3672287369,49878.05934332865,1080458.7125497705
2025-04-28T05:00:00.000+0000,704450.975198569,49878.05934332865,1080497.5421730452
2025-04-28T05:10:00.000+0000,699862.4619181924,49878.05934332865,1082823.1186203475
2025-04-28T05:20:00.000+0000,700000.9277368484,49878.05934332865,1083248.9781450632
2025-04-28T05:30:00.000+0000,700675.8157541598,51298.47510092842,1082802.0126712224
2025-04-28T05:40:00.000+0000,702176.812954993,51298.47510092842,1083594.5853540623
2025-04-28T05:50:00.000+0000,702249.1162760246,51298.47510092842,1083987.9193287622
2025-04-28T06:00:00.000+0000,701003.2520753767,51298.47510092842,1086548.9278939466
2025-04-28T06:10:00.000+0000,699738.2299033763,51298.47510092842,1086905.4975879414
2025-04-28T06:20:00.000+0000,698415.0050707847,51298.47510092842,1086705.884242009
2025-04-28T06:30:00.000+0000,696259.969319713,51298.47510092842,1087755.429022803
2025-04-28T06:40:00.000+0000,694725.9100297284,51298.47510092842,1090165.0375366737
2025-04-28T06:50:00.000+0000,693448.9055112805,55436.57197292839,1090035.2418396028
2025-04-28T07:00:00.000+0000,694368.6467491848,55436.57197292839,1090940.380444263
2025-04-28T07:10:00.000+0000,679146.2521649841,55436.57197292839,1090294.475781854
2025-04-28T07:20:00.000+0000,674596.6737218003,57738.2363671681,1091851.221824051
2025-04-28T07:30:00.000+0000,673173.6008915602,59313.16701388821,1092781.267068622
2025-04-28T07:40:00.000+0000,678289.3968980242,59313.16701388821,1092689.0838115187
2025-04-28T07:50:00.000+0000,681891.594083024,59470.30810036821,1092353.780919744
2025-04-28T08:00:00.000+0000,680257.2437201362,59470.30810036821,1091641.9870075355
2025-04-28T08:10:00.000+0000,682395.4567301759,59470.30810036821,1092635.1104820706
2025-04-28T08:20:00.000+0000,679955.3318729927,59470.30810036821,1092514.8101347815
2025-04-28T08:30:00.000+0000,678239.6358187604,59470.30810036821,1093793.849835544
2025-04-28T08:40:00.000+0000,677428.3546633205,59470.30810036821,1093237.2416434786
2025-04-28T08:50:00.000+0000,678437.1163478481,59470.30810036821,1092626.1488702479
2025-04-28T09:00:00.000+0000,679259.715791408,59771.4675798882,1094515.9144652116
2025-04-28T09:10:00.000+0000,682558.5113120716,59771.4675798882,1093655.3396138728
2025-04-28T09:20:00.000+0000,682685.1598021608,59771.4675798882,1094270.6859566658
2025-04-28T09:30:00.000+0000,680332.6566814643,59771.4675798882,1095215.189884491
2025-04-28T09:40:00.000+0000,681093.0411268717,59771.4675798882,1095111.5346695231
2025-04-28T09:50:00.000+0000,681410.2643950727,59771.4675798882,1094344.4260426818
2025-04-28T10:00:00.000+0000,681855.9860022962,59771.4675798882,1088733.3231787165
2025-04-28T10:10:00.000+0000,686094.8873661358,59771.4675798882,1091114.2184055108
2025-04-28T10:20:00.000+0000,689419.9557017204,59771.4675798882,1087899.0851481599
2025-04-28T10:30:00.000+0000,687619.09889064,59771.4675798882,1093526.4654360143
2025-04-28T10:40:00.000+0000,684414.2720848153,59771.4675798882,1100767.9753179199
2025-04-28T10:50:00.000+0000,686185.7816225124,60265.3241782882,1099143.276371581
2025-04-28T11:00:00.000+0000,690788.0637090248,60265.3241782882,1097377.4320551027
2025-04-28T11:10:00.000+0000,692098.6812255438,60265.3241782882,1098591.076079042
2025-04-28T11:20:00.000+0000,692307.9695408401,60302.90279132821,1099732.0044374801
2025-04-28T11:30:00.000+0000,693771.1719117437,61260.43934876821,1101374.4528208333
2025-04-28T11:40:00.000+0000,694499.6306781447,61260.43934876821,1099677.852307097
2025-04-28T11:50:00.000+0000,694954.9911381124,61766.61608316822,1097822.9156748992
2025-04-28T12:00:00.000+0000,694878.0585434642,61766.61608316822,1094959.2036168776
2025-04-28T12:10:00.000+0000,694294.2303599605,61816.98275756824,1094750.502906331
2025-04-28T12:20:00.000+0000,694285.5154674565,61816.98275756824,1094420.9450283507
2025-04-28T12:30:00.000+0000,695154.8530505679,61816.98275756824,1095289.8306955644
2025-04-28T12:40:00.000+0000,695593.2729038717,61816.98275756824,1096105.5328700277
2025-04-28T12:50:00.000+0000,696761.9404013285,63340.02035196825,1094410.1062801557
2025-04-28T13:00:00.000+0000,695140.060124384,63340.02035196825,1093825.6758480251
2025-04-28T13:10:00.000+0000,694938.3253314329,64465.870950368255,1092331.575141979
2025-04-28T13:20:00.000+0000,695538.8846892794,64465.870950368255,1088995.8127661352
2025-04-28T13:30:00.000+0000,696201.2697169923,64465.870950368255,1083226.2600288237
2025-04-28T13:40:00.000+0000,697887.5304283524,64465.870950368255,1083714.8480778926
2025-04-28T13:50:00.000+0000,701883.0935186723,64911.216788448255,1078346.9003882427
2025-04-28T14:00:00.000+0000,708329.4109257996,64911.216788448255,1078480.1672348513
2025-04-28T14:10:00.000+0000,706912.0040891365,64952.14801724826,1082601.2690902543
2025-04-28T14:20:00.000+0000,707379.8639715603,64952.14801724826,1082510.7103543852
2025-04-28T14:30:00.000+0000,710347.6003815604,64952.14801724826,1077913.6846824388
2025-04-28T14:40:00.000+0000,711274.5279058324,64952.14801724826,1079173.1129709254
2025-04-28T14:50:00.000+0000,714261.4049510641,64952.14801724826,1076807.895343769
2025-04-28T15:00:00.000+0000,710950.6934907846,64952.14801724826,1073673.9871340476
2025-04-28T15:10:00.000+0000,713952.59962312,65218.795428528276,1072234.572019876
2025-04-28T15:20:00.000+0000,714772.2156852966,65944.84392468828,1066614.6736118416
2025-04-28T15:30:00.000+0000,716320.9626956966,66567.77637972828,1065797.9615470837
2025-04-28T15:40:00.000+0000,716178.6908243203,67207.23160596828,1065906.2311525901
2025-04-28T15:50:00.000+0000,715481.4846658163,68298.92155476827,1066020.3747116048
2025-04-28T16:00:00.000+0000,712865.0860405521,68298.92155476827,1066797.7938949652
2025-04-28T16:10:00.000+0000,713751.8394498483,68298.92155476827,1063908.2730822698
2025-04-28T16:20:00.000+0000,717242.5944499763,68298.92155476827,1064545.0522310727
2025-04-28T16:30:00.000+0000,713297.073953528,68298.92155476827,1067866.4555839822
2025-04-28T16:40:00.000+0000,708717.9130252802,68298.92155476827,1069265.3851740863
2025-04-28T16:50:00.000+0000,707845.8528220088,68298.92155476827,1066836.213752383
2025-04-28T17:00:00.000+0000,704503.9438597126,68298.92155476827,1067617.2514636493
2025-04-28T17:10:00.000+0000,706862.0793309202,68298.92155476827,1066121.5870089156
2025-04-28T17:20:00.000+0000,707667.8786353527,68298.92155476827,1066379.55647004
2025-04-28T17:30:00.000+0000,706239.1198375286,68298.92155476827,1065732.7539693106
2025-04-28T17:40:00.000+0000,702285.1996262326,68298.92155476827,1069848.4411321157
2025-04-28T17:50:00.000+0000,701876.8245178887,68298.92155476827,1072719.4342250596
2025-04-28T18:00:00.000+0000,702351.2468861206,68298.92155476827,1072750.6142516818
2025-04-28T18:10:00.000+0000,704312.0820020877,68298.92155476827,1069865.2868613657
2025-04-28T18:20:00.000+0000,704672.1028648003,68298.92155476827,1071085.997761635
2025-04-28T18:30:00.000+0000,704445.5642707759,68298.92155476827,1070339.6999591729
2025-04-28T18:40:00.000+0000,705104.4630896882,68298.92155476827,1072158.6810913396
2025-04-28T18:50:00.000+0000,703409.6356072322,68298.92155476827,1074129.995445061
2025-04-28T19:00:00.000+0000,699700.3856130484,68298.92155476827,1074728.1133337412
2025-04-28T19:10:00.000+0000,700387.030487344,68939.74458588826,1079220.6858004085
2025-04-28T19:20:00.000+0000,698434.5465151123,68939.74458588826,1083171.2894123178
2025-04-28T19:30:00.000+0000,697823.0539808079,68939.74458588826,1083719.0636587492
2025-04-28T19:40:00.000+0000,697487.3471413038,68939.74458588826,1084384.509205063
2025-04-28T19:50:00.000+0000,695404.9111439286,68939.74458588826,1084969.7791081
2025-04-28T20:00:00.000+0000,693210.3105700567,68939.74458588826,1080962.8628654522
2025-04-28T20:10:00.000+0000,693854.9319500646,68939.74458588826,1079632.0763073736
2025-04-28T20:20:00.000+0000,693656.8295888406,68939.74458588826,1079004.6609328096
2025-04-28T20:30:00.000+0000,693302.2250296163,70455.54427524826,1078840.7083750213
2025-04-28T20:40:00.000+0000,693218.0218960566,70498.15276116827,1077276.970905785
2025-04-28T20:50:00.000+0000,697381.3477487123,73116.82294772827,1077073.2192740366
2025-04-28T21:00:00.000+0000,697452.8842736721,75294.97313244827,1077946.5921269928
2025-04-28T21:10:00.000+0000,697719.1447347602,76319.62025844827,1076744.6469736474
2025-04-28T21:20:00.000+0000,697099.5343799121,77356.96671684827,1076860.6059672534
2025-04-28T21:30:00.000+0000,696685.8407198159,77356.96671684827,1077788.877764071
2025-04-28T21:40:00.000+0000,698885.3208369281,77356.96671684827,1078466.2754654095
2025-04-28T21:50:00.000+0000,698910.3730491122,77356.96671684827,1078786.3987679966
2025-04-28T22:00:00.000+0000,697329.0463033677,77356.96671684827,1080811.7635364658
2025-04-28T22:10:00.000+0000,697728.0369053282,78950.36098084827,1081268.5265381036
2025-04-28T22:20:00.000+0000,700103.0149616804,79567.66993828827,1080378.61623221
2025-04-28T22:30:00.000+0000,699770.698447745,79567.66993828827,1079916.4761340306
2025-04-28T22:40:00.000+0000,697136.2035510885,79567.66993828827,1081727.019241843
2025-04-28T22:50:00.000+0000,696432.9951582159,79567.66993828827,1084927.5916552607
2025-04-28T23:00:00.000+0000,697045.9398298801,79567.66993828827,1084768.8808310004
2025-04-28T23:10:00.000+0000,700161.9781034,79567.66993828827,1083470.839268617
2025-04-28T23:20:00.000+0000,701339.329777952,79567.66993828827,1083943.1716348103
2025-04-28T23:30:00.000+0000,699833.1238474402,79567.66993828827,1084459.6151959451
2025-04-28T23:40:00.000+0000,699027.9505418089,79567.66993828827,1084383.1119912253
2025-04-28T23:50:00.000+0000,700613.0393055289,79567.66993828827,1084162.583192061
2025-04-29T00:00:00.000+0000,696301.9061333998,79567.66993828827,1083041.884528838
2025-04-29T00:10:00.000+0000,693977.813436168,79567.66993828827,1082444.735816218
2025-04-29T00:20:00.000+0000,692114.858503361,79734.06191812827,1083088.027375963
2025-04-29T00:30:00.000+0000,689820.3558751205,79734.06191812827,1085478.359260123
2025-04-29T00:40:00.000+0000,689449.2845598487,79734.06191812827,1085091.2387547274
2025-04-29T00:50:00.000+0000,688641.8479962728,80160.63638532827,1084258.7362802865
2025-04-29T01:00:00.000+0000,691445.6591115043,80160.63638532827,1085952.5621031658
2025-04-29T01:10:00.000+0000,690810.2758350964,80160.63638532827,1082997.0140006621
2025-04-29T01:20:00.000+0000,692752.3014007519,80160.63638532827,1083923.7357029188
2025-04-29T01:30:00.000+0000,691096.2949466077,80160.63638532827,1085358.5271376474
2025-04-29T01:40:00.000+0000,691936.0280522645,80160.63638532827,1088532.7246882627
2025-04-29T01:50:00.000+0000,695276.3570195684,80160.63638532827,1084943.6706299984
2025-04-29T02:00:00.000+0000,697055.3674617367,80160.63638532827,1081567.619698735
2025-04-29T02:10:00.000+0000,698474.9389852643,80160.63638532827,1082543.7559350948
2025-04-29T02:20:00.000+0000,697377.7379088955,80160.63638532827,1082411.7382291027
2025-04-29T02:30:00.000+0000,695643.0012693277,80160.63638532827,1083109.3851986807
2025-04-29T02:40:00.000+0000,695986.2247706878,80160.63638532827,1080503.2267357863
2025-04-29T02:50:00.000+0000,693847.1394890244,80160.63638532827,1079562.0222701111
2025-04-29T03:00:00.000+0000,690769.5528795447,80183.15605516828,1081337.1762680146
2025-04-29T03:10:00.000+0000,690026.4525158003,80183.15605516828,1080674.2627867034
2025-04-29T03:20:00.000+0000,688853.6426049282,80183.15605516828,1082555.9412934408
2025-04-29T03:30:00.000+0000,689051.1579261604,80183.15605516828,1082892.4534410005
2025-04-29T03:40:00.000+0000,687101.3859625848,80183.15605516828,1082991.9022963685
2025-04-29T03:50:00.000+0000,685579.4622663521,80183.15605516828,1083370.4618023648
2025-04-29T04:00:00.000+0000,682883.7003425598,80183.15605516828,1082051.2117649314
2025-04-29T04:10:00.000+0000,682861.7270752478,81936.2200311283,1083946.8483095649
2025-04-29T04:20:00.000+0000,683039.5974350323,81936.2200311283,1084005.3673285616
2025-04-29T04:30:00.000+0000,684141.3806427602,81936.2200311283,1083148.268271213
2025-04-29T04:40:00.000+0000,687851.1419375764,81936.2200311283,1077923.6733324134
2025-04-29T04:50:00.000+0000,690772.0669766564,81936.2200311283,1077303.7463828526
2025-04-29T05:00:00.000+0000,689977.4749891928,81936.2200311283,1076316.4478766997
2025-04-29T05:10:00.000+0000,690752.3363338084,81936.2200311283,1075049.9113732055
2025-04-29T05:20:00.000+0000,692115.2723420246,81936.2200311283,1076777.7287011729
2025-04-29T05:30:00.000+0000,690736.1646415205,81936.2200311283,1077685.190759448
2025-04-29T05:40:00.000+0000,689648.3455235763,81936.2200311283,1077667.3016390481
2025-04-29T05:50:00.000+0000,689518.6958863285,81936.2200311283,1078145.3991010666
2025-04-29T06:00:00.000+0000,690065.3028406564,82212.77970624834,1079154.8191787691
2025-04-29T06:10:00.000+0000,691093.9571583366,82212.77970624834,1080898.0610829815
2025-04-29T06:20:00.000+0000,694595.4829049676,82402.7215311283,1086444.367431529
2025-04-29T06:30:00.000+0000,693982.020307976,82690.50871704835,1086897.2360915798
2025-04-29T06:40:00.000+0000,694508.6985080726,82820.50863384835,1086359.7910700976
2025-04-29T06:50:00.000+0000,693283.3200357208,82820.50863384835,1087352.0673805857
2025-04-29T07:00:00.000+0000,693575.0071492007,82820.50863384835,1088192.277452005
2025-04-29T07:10:00.000+0000,692233.7732853686,82820.50863384835,1089043.892469447
2025-04-29T07:20:00.000+0000,690327.4940997127,82820.50863384835,1089586.0270029937
2025-04-29T07:30:00.000+0000,689683.2253473764,83079.65115384835,1090044.78200268
2025-04-29T07:40:00.000+0000,687778.8796636807,83079.65115384835,1089632.323282856
2025-04-29T07:50:00.000+0000,686533.0195797358,83336.13959880832,1091350.6895577859
2025-04-29T08:00:00.000+0000,685022.5114737204,83336.13959880832,1091281.4534994818
2025-04-29T08:10:00.000+0000,680476.2123150084,83336.13959880832,1093488.3873725191
2025-04-29T08:20:00.000+0000,678212.5461278644,83643.34963400838,1091219.39321912
2025-04-29T08:30:00.000+0000,679910.8397851603,83643.34963400838,1090771.5224417518
2025-04-29T08:40:00.000+0000,676917.1232958641,83643.34963400838,1091257.5718166714
2025-04-29T08:50:00.000+0000,676973.8650661039,83643.34963400838,1091099.4721809165
2025-04-29T09:00:00.000+0000,678365.3808521921,83643.34963400838,1093746.847406465
2025-04-29T09:10:00.000+0000,677556.1528629044,83643.34963400838,1092665.6659500732
2025-04-29T09:20:00.000+0000,676156.9561464805,83904.7895146484,1091752.678006971
2025-04-29T09:30:00.000+0000,672226.6954024562,85369.50080744842,1093041.357246198
2025-04-29T09:40:00.000+0000,674464.7876950966,86325.61130664837,1092112.4840120943
2025-04-29T09:50:00.000+0000,671615.1776883127,86325.61130664837,1092632.3911687804
2025-04-29T10:00:00.000+0000,669444.3178266644,88414.2790346484,1094362.6863764736
2025-04-29T10:10:00.000+0000,670289.6921657206,88414.2790346484,1094524.3310134513
2025-04-29T10:20:00.000+0000,676768.2013887764,88414.2790346484,1093115.1027457903
2025-04-29T10:30:00.000+0000,681257.7688991444,88414.2790346484,1092200.3777680867
2025-04-29T10:40:00.000+0000,688363.5273810322,88414.2790346484,1088955.8394837019
2025-04-29T10:50:00.000+0000,686033.2664023765,88414.2790346484,1090260.1480067335
2025-04-29T11:00:00.000+0000,684733.1394966487,88414.2790346484,1091118.8247452057
2025-04-29T11:10:00.000+0000,683604.6015898162,88414.2790346484,1094519.5521196604
2025-04-29T11:20:00.000+0000,683376.6369275606,88414.2790346484,1095136.689400337
2025-04-29T11:30:00.000+0000,685091.6744190644,88414.2790346484,1093878.4842085293
2025-04-29T11:40:00.000+0000,684671.7864783604,88675.34361576838,1093172.9587172624
2025-04-29T11:50:00.000+0000,680965.681356264,88675.34361576838,1094217.9687810335
2025-04-29T12:00:00.000+0000,673349.0594723122,88675.34361576838,1093379.6062855201
2025-04-29T12:10:00.000+0000,668693.1455656083,88934.28789448839,1093515.725538254
2025-04-29T12:20:00.000+0000,668869.9344612559,88934.28789448839,1091079.44872414
2025-04-29T12:30:00.000+0000,669819.9952041365,90257.75217536832,1089990.6603729976
2025-04-29T12:40:00.000+0000,666269.0164216089,91021.30564352834,1090948.6539784349
2025-04-29T12:50:00.000+0000,669982.0961395594,94859.44966992816,1088945.5414039304
2025-04-29T13:00:00.000+0000,664946.5273799117,94859.44966992816,1088396.7594177455
2025-04-29T13:10:00.000+0000,664207.0645038481,94859.44966992816,1082489.4668066103
2025-04-29T13:20:00.000+0000,666426.5910409843,94977.33448656816,1083834.4643162433
2025-04-29T13:30:00.000+0000,670791.9421440405,94977.33448656816,1084577.6376709407
2025-04-29T13:40:00.000+0000,669678.1190958964,94977.33448656816,1084997.5201138328
2025-04-29T13:50:00.000+0000,666963.1762491276,95228.74000112817,1086475.59429642
2025-04-29T14:00:00.000+0000,663259.1432080402,95228.74000112817,1085131.3288538558
2025-04-29T14:10:00.000+0000,664241.1229352887,95228.74000112817,1086614.5817104913
2025-04-29T14:20:00.000+0000,667434.4354199441,95228.74000112817,1084820.1711182161
2025-04-29T14:30:00.000+0000,664680.9967145196,96277.0998417681,1084670.939121244
2025-04-29T14:40:00.000+0000,663749.3239494794,96277.0998417681,1089218.1776497692
2025-04-29T14:50:00.000+0000,665842.700727224,96277.0998417681,1088812.6243526328
2025-04-29T15:00:00.000+0000,667012.4286956241,96315.57715527213,1089423.4241946659
2025-04-29T15:10:00.000+0000,670058.3652098967,99143.89064735213,1087333.6559370328
2025-04-29T15:20:00.000+0000,671258.0648217836,101598.9009666321,1086931.4050152642
2025-04-29T15:30:00.000+0000,673019.9118556718,102742.954990632,1086459.8195961784
2025-04-29T15:40:00.000+0000,672516.8268259277,102961.496417512,1088433.2976829486
2025-04-29T15:50:00.000+0000,672322.1367227118,102961.496417512,1087791.6023839782
2025-04-29T16:00:00.000+0000,670322.1458963917,102961.496417512,1088213.6547058295
2025-04-29T16:10:00.000+0000,670048.24763044,103471.639776072,1089133.973086445
2025-04-29T16:20:00.000+0000,669006.5601276553,103471.639776072,1091253.5896415086
2025-04-29T16:30:00.000+0000,666766.1714935603,103471.639776072,1093070.7984566088
2025-04-29T16:40:00.000+0000,664633.3295732085,103471.639776072,1094238.9456503685
2025-04-29T16:50:00.000+0000,664912.006852888,103471.639776072,1089358.2675630287
2025-04-29T17:00:00.000+0000,666297.1717537518,103471.639776072,1085631.7158027696
2025-04-29T17:10:00.000+0000,663650.1816612562,103471.639776072,1087675.6142968251
2025-04-29T17:20:00.000+0000,662761.266602664,105700.63755015208,1092032.20245815
2025-04-29T17:30:00.000+0000,663654.1660711757,105700.63755015208,1091039.2235430703
2025-04-29T17:40:00.000+0000,663006.82148148,24.596950152106725,1091601.68720514
2025-04-29T17:50:00.000+0000,664407.0881519606,24.596950152106725,1093217.953721942
2025-04-29T18:00:00.000+0000,663579.8411796566,1020.3602017520936,1091674.139448613
2025-04-29T18:10:00.000+0000,663919.6153626803,47031.956773752056,1091920.1641713856
2025-04-29T18:20:00.000+0000,663814.4863132561,64983.16860631206,1093531.5636146879
2025-04-29T18:30:00.000+0000,664408.532755608,64983.16860631206,1095460.290592474
2025-04-29T18:40:00.000+0000,668142.698751032,64983.16860631206,1095395.5646180934
2025-04-29T18:50:00.000+0000,666698.3982165523,65577.66512831188,1095658.5535407846
2025-04-29T19:00:00.000+0000,665225.903675336,65577.66512831188,1096296.9029064244
2025-04-29T19:10:00.000+0000,664853.2241976243,65577.66512831188,1095186.7753579863
2025-04-29T19:20:00.000+0000,665124.9919893199,65577.66512831188,1095718.6745984575
2025-04-29T19:30:00.000+0000,668212.925104968,65577.66512831188,1094328.0680254297
2025-04-29T19:40:00.000+0000,668951.79169844,65577.66512831188,1093640.6588932143
2025-04-29T19:50:00.000+0000,669095.2972021202,67807.95057143188,1094140.5864924388
2025-04-29T20:00:00.000+0000,667923.8028079916,67807.95057143188,1092360.3579430974
2025-04-29T20:10:00.000+0000,671766.9235698156,70357.0482605518,1090238.4536847249
2025-04-29T20:20:00.000+0000,672324.5049275917,72467.94349231181,1089500.446989642
2025-04-29T20:30:00.000+0000,673901.1679473043,72467.94349231181,1087436.789983252
2025-04-29T20:40:00.000+0000,673935.731274504,72467.94349231181,1087982.2605367822
2025-04-29T20:50:00.000+0000,674415.0125425037,72467.94349231181,1087957.6532550529
2025-04-29T21:00:00.000+0000,675947.1055667598,72467.94349231181,1087231.361190381
2025-04-29T21:10:00.000+0000,679464.0564933675,72467.94349231181,1080549.1007309568
2025-04-29T21:20:00.000+0000,683284.8204549517,72837.25330791186,1076365.734787622
2025-04-29T21:30:00.000+0000,680750.320798056,72837.25330791186,1077729.677656325
2025-04-29T21:40:00.000+0000,679608.5341786798,73476.43725135195,1079697.7868935508
2025-04-29T21:50:00.000+0000,680083.9599535437,74104.6530763118,1079810.5694952772
2025-04-29T22:00:00.000+0000,681642.7311181998,74104.6530763118,1077970.4534147435
2025-04-29T22:10:00.000+0000,681637.1722888242,74104.6530763118,1077904.591802803
2025-04-29T22:20:00.000+0000,683811.3665608078,74104.6530763118,1076256.0235121679
2025-04-29T22:30:00.000+0000,687155.7966146158,74104.6530763118,1076633.4842139839
2025-04-29T22:40:00.000+0000,687533.3713130159,77285.71668791183,1075614.061994309
2025-04-29T22:50:00.000+0000,686003.890137608,77446.93970623182,1076086.7765800422
2025-04-29T23:00:00.000+0000,685665.9525641196,77446.93970623182,1072429.987242381
2025-04-29T23:10:00.000+0000,687123.4112236723,77446.93970623182,1069803.445651534
2025-04-29T23:20:00.000+0000,688518.3953628559,77446.93970623182,1070054.6140872065
2025-04-29T23:30:00.000+0000,686170.4563179757,77446.93970623182,1072869.3504210738
2025-04-29T23:40:00.000+0000,680468.8981963919,77446.93970623182,1074415.1138532364
2025-04-29T23:50:00.000+0000,678017.8013438318,77446.93970623182,1078093.7914666631
2025-04-30T00:00:00.000+0000,676115.4444678164,77446.93970623182,1077260.894710636
2025-04-30T00:10:00.000+0000,675938.1984981195,77446.93970623182,1079602.1568939178
2025-04-30T00:20:00.000+0000,674993.6783392234,77446.93970623182,1079717.8872389556
2025-04-30T00:30:00.000+0000,671989.1496266322,77446.93970623182,1079274.7888835443
2025-04-30T00:40:00.000+0000,673257.2053898155,77446.93970623182,1081036.1182876418
2025-04-30T00:50:00.000+0000,675355.2877600718,77446.93970623182,1080310.2725896682
2025-04-30T01:00:00.000+0000,675105.5976920553,77446.93970623182,1079652.4045195566
2025-04-30T01:10:00.000+0000,679931.552117432,77446.93970623182,1077556.296671818
2025-04-30T01:20:00.000+0000,677702.7028044878,77446.93970623182,1079130.7920109532
2025-04-30T01:30:00.000+0000,677430.098382632,77446.93970623182,1077547.1089053378
2025-04-30T01:40:00.000+0000,683554.5355501198,77446.93970623182,1073938.6171784212
2025-04-30T01:50:00.000+0000,681870.3995776076,77446.93970623182,1074174.4451269617
2025-04-30T02:00:00.000+0000,679584.7121715441,77446.93970623182,1077574.8719173232
2025-04-30T02:10:00.000+0000,678857.0393159115,78080.12525223198,1078344.1321217823
2025-04-30T02:20:00.000+0000,677723.0582271122,78080.12525223198,1079070.0238971906
2025-04-30T02:30:00.000+0000,679767.6412111437,78080.12525223198,1078357.2324378071
2025-04-30T02:40:00.000+0000,676868.8010600081,78080.12525223198,1080388.0940003193
2025-04-30T02:50:00.000+0000,677804.0628715125,78080.12525223198,1082224.2681649781
2025-04-30T03:00:00.000+0000,681152.8210600396,78080.12525223198,1080652.124952777
2025-04-30T03:10:00.000+0000,682881.6509088243,78080.12525223198,1079513.5259622475
2025-04-30T03:20:00.000+0000,683839.3332095757,78080.12525223198,1083199.9121888236
2025-04-30T03:30:00.000+0000,685132.3391366476,78080.12525223198,1083276.0231215013
2025-04-30T03:40:00.000+0000,680522.9370107283,78080.12525223198,1083394.1866796687
2025-04-30T03:50:00.000+0000,677105.73332244,78080.12525223198,1084889.112827117
2025-04-30T04:00:00.000+0000,677351.4711947439,78080.12525223198,1085955.189005558
2025-04-30T04:10:00.000+0000,673853.7735931439,78080.12525223198,1085702.1192673335
2025-04-30T04:20:00.000+0000,673125.0619492081,78080.12525223198,1086072.6562460419
2025-04-30T04:30:00.000+0000,671913.2244354157,78151.99331175195,1085595.6738800008
2025-04-30T04:40:00.000+0000,669590.3704664077,78151.99331175195,1085141.034451955
2025-04-30T04:50:00.000+0000,665395.811380344,78151.99331175195,1086052.2329110191
2025-04-30T05:00:00.000+0000,668361.488599016,78260.61834215195,1085029.801527325
2025-04-30T05:10:00.000+0000,671734.7922554476,78260.61834215195,1084487.3276583035
2025-04-30T05:20:00.000+0000,675345.9460793999,78260.61834215195,1084203.2610660603
2025-04-30T05:30:00.000+0000,676879.1566688882,78260.61834215195,1084441.9401929718
2025-04-30T05:40:00.000+0000,676546.8736281517,78260.61834215195,1083201.4491538703
2025-04-30T05:50:00.000+0000,675800.5409922964,78260.61834215195,1083605.9068355912
2025-04-30T06:00:00.000+0000,676131.6960561364,78260.61834215195,1083007.1530356067
2025-04-30T06:10:00.000+0000,674628.0441207921,78260.61834215195,1083399.6214076055
2025-04-30T06:20:00.000+0000,674688.3570917838,78260.61834215195,1085021.784105883
2025-04-30T06:30:00.000+0000,675070.3450167757,78260.61834215195,1084422.998438289
2025-04-30T06:40:00.000+0000,677742.9466436396,78260.61834215195,1083500.8463675114
2025-04-30T06:50:00.000+0000,675724.608486936,78260.61834215195,1083089.3190857733
2025-04-30T07:00:00.000+0000,678733.6026243283,78260.61834215195,1082218.9845819247
2025-04-30T07:10:00.000+0000,679038.4523692719,78260.61834215195,1082906.4733885766
2025-04-30T07:20:00.000+0000,680051.2500624075,78260.61834215195,1082728.8574095531
2025-04-30T07:30:00.000+0000,680032.746057464,78260.61834215195,1080094.4009231892
2025-04-30T07:40:00.000+0000,680364.1270204403,78260.61834215195,1077770.8563560036
2025-04-30T07:50:00.000+0000,681741.9317141846,78260.61834215195,1077545.1011647433
2025-04-30T08:00:00.000+0000,681425.8962649677,78260.61834215195,1077980.3042452752
2025-04-30T08:10:00.000+0000,677481.8310033998,78260.61834215195,1079810.7114904113
2025-04-30T08:20:00.000+0000,679728.4760283765,78260.61834215195,1079297.450608064
2025-04-30T08:30:00.000+0000,680248.535088024,78260.61834215195,1079510.8914134065
2025-04-30T08:40:00.000+0000,679002.3648623917,78260.61834215195,1080084.4528767932
2025-04-30T08:50:00.000+0000,680391.4976863756,78260.61834215195,1079931.3325459114
2025-04-30T09:00:00.000+0000,678311.5607881198,78260.61834215195,1081299.490784809
2025-04-30T09:10:00.000+0000,677629.2866844081,78260.61834215195,1081347.949526958
2025-04-30T09:20:00.000+0000,676136.9605811435,78260.61834215195,1081965.398275475
2025-04-30T09:30:00.000+0000,676043.6925752882,78260.61834215195,1083770.5380148748
2025-04-30T09:40:00.000+0000,675534.5182209039,78260.61834215195,1084256.7145012058
2025-04-30T09:50:00.000+0000,674776.1564960235,78260.61834215195,1084244.2419456355
2025-04-30T10:00:00.000+0000,676331.253882056,78260.61834215195,1083341.5384235736
2025-04-30T10:10:00.000+0000,677891.7043621831,78260.61834215195,1084054.0919921757
2025-04-30T10:20:00.000+0000,677928.3252620078,78260.61834215195,1084125.3352535686
2025-04-30T10:30:00.000+0000,678772.469885624,78260.61834215195,1083818.8964467
2025-04-30T10:40:00.000+0000,678462.8376697194,78380.73517175196,1085330.068756502
2025-04-30T10:50:00.000+0000,677561.7836500718,78558.46727223197,1085750.3060126924
2025-04-30T11:00:00.000+0000,677911.9276106318,78825.47499503198,1086230.4230163135
2025-04-30T11:10:00.000+0000,681427.764489192,78825.47499503198,1086051.2357785455
2025-04-30T11:20:00.000+0000,679582.3688477026,79112.96082223198,1086517.7523288692
2025-04-30T11:30:00.000+0000,677483.6924530482,79112.96082223198,1087127.9028269586
2025-04-30T11:40:00.000+0000,676093.6805329039,79321.88854623193,1087554.5617546653
2025-04-30T11:50:00.000+0000,676157.6988572397,79321.88854623193,1088246.0893680546
2025-04-30T12:00:00.000+0000,662869.570451176,79321.88854623193,1087853.680867692
2025-04-30T12:10:00.000+0000,667107.2826471117,88670.2513682321,1085292.6815886493
2025-04-30T12:20:00.000+0000,672323.2808876077,88670.2513682321,1081630.1270150873
2025-04-30T12:30:00.000+0000,676358.6619980084,88670.2513682321,1073626.3001360754
2025-04-30T12:40:00.000+0000,687350.5330007763,88670.2513682321,1068790.0518004263
2025-04-30T12:50:00.000+0000,687660.4656961041,90864.80665836015,1070339.370744023
2025-04-30T13:00:00.000+0000,687387.8856946966,90864.80665836015,1066034.7482467433
2025-04-30T13:10:00.000+0000,688961.558908168,90864.80665836015,1061950.9999338672
2025-04-30T13:20:00.000+0000,690198.8874328239,90864.80665836015,1062717.9795294525
2025-04-30T13:30:00.000+0000,691345.1388574962,90864.80665836015,1060763.9790849446
2025-04-30T13:40:00.000+0000,698590.8290643768,90864.80665836015,1054222.4530048112
2025-04-30T13:50:00.000+0000,700245.3698120241,93562.22019980013,1048440.4978904829
2025-04-30T14:00:00.000+0000,700055.6331229041,93562.22019980013,1050455.4662830057
2025-04-30T14:10:00.000+0000,699748.3247264556,93670.41217692013,1051389.5322645907
2025-04-30T14:20:00.000+0000,696795.0837108566,93670.41217692013,1054229.0938280923
2025-04-30T14:30:00.000+0000,695899.2882509924,93695.07982700013,1058711.001104341
2025-04-30T14:40:00.000+0000,696362.7678094002,95454.32535268007,1057494.1217626466
2025-04-30T14:50:00.000+0000,698070.839747808,95454.32535268007,1055143.5312295095
2025-04-30T15:00:00.000+0000,696700.7221994237,95454.32535268007,1059373.2593796328
2025-04-30T15:10:00.000+0000,691597.419570256,95454.32535268007,1060467.495166157
2025-04-30T15:20:00.000+0000,692606.3283070484,98305.9548226,1058473.0160813536
2025-04-30T15:30:00.000+0000,694252.4047415676,98305.9548226,1059636.372459352
2025-04-30T15:40:00.000+0000,694238.664042928,98412.96334724,1061289.0839576444
2025-04-30T15:50:00.000+0000,695314.0590581119,99872.28535492001,1060558.960151314
2025-04-30T16:00:00.000+0000,694909.5194189363,99872.28535492001,1057842.170342994
2025-04-30T16:10:00.000+0000,697595.7496641765,99872.28535492001,1056047.5299723851
2025-04-30T16:20:00.000+0000,698304.3313549685,99872.28535492001,1056290.95365454
2025-04-30T16:30:00.000+0000,698317.6143100956,99872.28535492001,1058270.655863665
2025-04-30T16:40:00.000+0000,696279.8558220956,100846.16856456807,1062711.475185187
2025-04-30T16:50:00.000+0000,697218.4957089762,101299.045972568,1062109.0419437531
2025-04-30T17:00:00.000+0000,696498.0932823438,101553.34227264802,1061339.5763148286
2025-04-30T17:10:00.000+0000,695434.4686333282,101833.88605792804,1060557.3188778104
2025-04-30T17:20:00.000+0000,693202.6574817523,101833.88605792804,1061614.0003629264
2025-04-30T17:30:00.000+0000,690851.3655113603,101833.88605792804,1064633.3711009773
2025-04-30T17:40:00.000+0000,688820.5313894318,102627.95121719204,1067436.3271548955
2025-04-30T17:50:00.000+0000,689734.261000488,102627.95121719204,1069129.9357677307
2025-04-30T18:00:00.000+0000,687407.0105514802,102627.95121719204,1068649.7604863953
2025-04-30T18:10:00.000+0000,687474.229833,102627.95121719204,1074184.712976053
2025-04-30T18:20:00.000+0000,689239.367052632,102627.95121719204,1071611.4163444347
2025-04-30T18:30:00.000+0000,689668.6780588481,102627.95121719204,1071029.9459959713
2025-04-30T18:40:00.000+0000,690525.2500526079,102627.95121719204,1070086.4458994658
2025-04-30T18:50:00.000+0000,690371.5407385121,102627.95121719204,1072346.532256467
2025-04-30T19:00:00.000+0000,693022.4767317602,102627.95121719204,1072792.3037729464
2025-04-30T19:10:00.000+0000,693865.7739338558,102627.95121719204,1071385.2562679925
2025-04-30T19:20:00.000+0000,695851.6883802952,102627.95121719204,1068172.4517798438
2025-04-30T19:30:00.000+0000,694799.7578085281,102627.95121719204,1068439.8340937165
2025-04-30T19:40:00.000+0000,692231.3903175921,102877.71024999207,1070006.3900919245
2025-04-30T19:50:00.000+0000,690669.4684055521,102877.71024999207,1073767.9181054598
2025-04-30T20:00:00.000+0000,686986.0480011522,102877.71024999207,1073893.800651517
2025-04-30T20:10:00.000+0000,685377.2200240077,102877.71024999207,1080613.8892622576
2025-04-30T20:20:00.000+0000,683315.6723126243,102877.71024999207,1082215.7105401899
2025-04-30T20:30:00.000+0000,683220.397963128,102877.71024999207,1081296.021556037
2025-04-30T20:40:00.000+0000,685486.4438050243,102877.71024999207,1080811.0262738513
2025-04-30T20:50:00.000+0000,688422.0352316,102877.71024999207,1080049.8469183235
2025-04-30T21:00:00.000+0000,690650.5710055754,102877.71024999207,1080319.635040006
2025-04-30T21:10:00.000+0000,690147.4433099921,102877.71024999207,1079263.3446037832
2025-04-30T21:20:00.000+0000,689744.6233239921,102877.71024999207,1080498.1223090112
2025-04-30T21:30:00.000+0000,689519.9204402242,102877.71024999207,1079402.3520971225
2025-04-30T21:40:00.000+0000,692758.6880816396,102877.71024999207,1079359.9548957623
2025-04-30T21:50:00.000+0000,693780.1199918718,102877.71024999207,1077478.641487365
2025-04-30T22:00:00.000+0000,693641.0671132402,102877.71024999207,1079788.308010566
2025-04-30T22:10:00.000+0000,693494.1739618483,103149.05659911208,1080607.1258062045
2025-04-30T22:20:00.000+0000,691395.7182505033,103183.1526604241,1079441.6824124474
2025-04-30T22:30:00.000+0000,692305.2998626159,103183.1526604241,1078199.4775189196
2025-04-30T22:40:00.000+0000,692977.4142805842,103183.1526604241,1076675.77602013
2025-04-30T22:50:00.000+0000,692750.6648253842,103183.1526604241,1076998.5236771384
2025-04-30T23:00:00.000+0000,690841.0298365199,103183.1526604241,1078200.9325976125
2025-04-30T23:10:00.000+0000,687252.4177847119,103183.1526604241,1080745.0568670905
2025-04-30T23:20:00.000+0000,687927.0314416883,103183.1526604241,1080305.7780072866
2025-04-30T23:30:00.000+0000,688506.0518345038,103183.1526604241,1081131.8736930124
2025-04-30T23:40:00.000+0000,688433.5874923917,103183.1526604241,1080088.7911121224
2025-04-30T23:50:00.000+0000,686575.446115656,103183.1526604241,1079806.760492434
2025-05-01T00:00:00.000+0000,687163.6193203595,103183.1526604241,1080026.5357362656
2025-05-01T00:10:00.000+0000,687093.5453244396,103183.1526604241,1081267.3797182762
2025-05-01T00:20:00.000+0000,688976.9115051756,103183.1526604241,1081600.008133371
2025-05-01T00:30:00.000+0000,687933.7699665516,103183.1526604241,1080448.6386399274
2025-05-01T00:40:00.000+0000,685566.9095109205,103588.62702122409,1081508.9754881707
2025-05-01T00:50:00.000+0000,685099.5539547118,103588.62702122409,1081775.3832006624
2025-05-01T01:00:00.000+0000,678286.2534778801,383.33084122409673,1083186.8178126528
2025-05-01T01:10:00.000+0000,679287.7059944242,383.33084122409673,1084475.0903383957
2025-05-01T01:20:00.000+0000,679200.5213979448,750.9115412240881,1085456.7525978163
2025-05-01T01:30:00.000+0000,681321.3952604084,1041.734796344148,1086188.0198758442
2025-05-01T01:40:00.000+0000,681314.9280583123,1041.734796344148,1085385.899620798
2025-05-01T01:50:00.000+0000,681931.8069201042,1041.734796344148,1086292.9118919934
2025-05-01T02:00:00.000+0000,681218.1763416561,1041.734796344148,1088102.9880942882
2025-05-01T02:10:00.000+0000,682759.4560906484,1292.6109347442016,1089277.5837386001
2025-05-01T02:20:00.000+0000,682215.2849561039,1315.033882024194,1090379.94340188
2025-05-01T02:30:00.000+0000,682832.0496692881,10218.745589720098,1091097.7479462228
2025-05-01T02:40:00.000+0000,683389.958364984,10637.969302232037,1090316.165432008
2025-05-01T02:50:00.000+0000,685036.4749570963,10637.969302232037,1088326.0376581645
2025-05-01T03:00:00.000+0000,686718.2127696722,10637.969302232037,1088805.8708794166
2025-05-01T03:10:00.000+0000,686312.108493208,10890.112925832052,1087688.2658867906
2025-05-01T03:20:00.000+0000,689462.982555784,14289.565586312036,1088393.395547399
2025-05-01T03:30:00.000+0000,689397.54562724,14542.095900312068,1087908.3830057792
2025-05-01T03:40:00.000+0000,691355.0433952241,14542.095900312068,1088133.5217359553
2025-05-01T03:50:00.000+0000,694728.2379190323,14793.423177512073,1087789.7051911354
2025-05-01T04:00:00.000+0000,696041.5544446163,15070.90221655206,1087323.3434816245
2025-05-01T04:10:00.000+0000,698778.9687798003,15349.065108071956,1086429.4081174247
2025-05-01T04:20:00.000+0000,695050.2832764722,15789.532452072019,1086376.1494106855
2025-05-01T04:30:00.000+0000,696828.3631337043,16437.70809639187,1086275.9821460587
2025-05-01T04:40:00.000+0000,694520.6081158642,16691.505895591923,1087174.8708645783
2025-05-01T04:50:00.000+0000,694014.206921176,16691.505895591923,1087571.826187939
2025-05-01T05:00:00.000+0000,693350.7469740883,16969.032096871873,1087017.8972533979
2025-05-01T05:10:00.000+0000,689311.8596708882,17122.32346559187,1088307.3871006812
2025-05-01T05:20:00.000+0000,690703.49922788,17122.32346559187,1088241.6697250365
2025-05-01T05:30:00.000+0000,690106.9787263594,19356.091120711877,1088340.4712020762
2025-05-01T05:40:00.000+0000,687954.6057034,19356.091120711877,1089992.9036082234
2025-05-01T05:50:00.000+0000,687958.0873958154,19356.091120711877,1090576.9349760814
2025-05-01T06:00:00.000+0000,690192.2811897516,19356.091120711877,1090232.863603285
2025-05-01T06:10:00.000+0000,690790.8995316564,19356.091120711877,1088991.0254001764
2025-05-01T06:20:00.000+0000,688835.6079972717,19356.091120711877,1089033.6374092111
2025-05-01T06:30:00.000+0000,687008.360085976,21631.989843991883,1088505.0097193269
2025-05-01T06:40:00.000+0000,686572.170157304,24207.189135111883,1086960.1211824543
2025-05-01T06:50:00.000+0000,685856.9489323923,40450.66654903191,1087886.9842105517
2025-05-01T07:00:00.000+0000,686202.6324848153,48158.79246183195,1086489.148594329
2025-05-01T07:10:00.000+0000,685251.4754396802,50149.751019751944,1088272.176052004
2025-05-01T07:20:00.000+0000,687665.3746441838,51481.850986551915,1088611.5301833358
2025-05-01T07:30:00.000+0000,688707.2624465995,53763.01959055189,1090259.7518179694
2025-05-01T07:40:00.000+0000,689106.6035079674,56032.97597151186,1091855.307403252
2025-05-01T07:50:00.000+0000,687819.0479071442,58385.050405431924,1092148.9224895674
2025-05-01T08:00:00.000+0000,687758.8507834,60143.02689823192,1091329.9685224674
2025-05-01T08:10:00.000+0000,687041.6466860559,60143.02689823192,1092149.3231038325
2025-05-01T08:20:00.000+0000,686667.9349548075,60143.02689823192,1095150.0204768407
2025-05-01T08:30:00.000+0000,687308.8089950882,61274.26268503192,1095144.2429061094
2025-05-01T08:40:00.000+0000,686273.2734667839,61814.62160179192,1094941.0834245845
2025-05-01T08:50:00.000+0000,684154.696405408,61814.62160179192,1095562.0553152878
2025-05-01T09:00:00.000+0000,683043.9184692244,65998.64719139991,1095268.283928788
2025-05-01T09:10:00.000+0000,680828.5759621836,69750.5216886799,1095001.0490857465
2025-05-01T09:20:00.000+0000,677187.3100871602,69750.5216886799,1096797.3670321796
2025-05-01T09:30:00.000+0000,678132.6740704558,69750.5216886799,1097189.7295027212
2025-05-01T09:40:00.000+0000,678069.9136589839,69750.5216886799,1099612.714603086
2025-05-01T09:50:00.000+0000,676805.6288566156,69750.5216886799,1098823.5145383072
2025-05-01T10:00:00.000+0000,674512.8554638799,69750.5216886799,1099749.6177699352
2025-05-01T10:10:00.000+0000,670160.1926820402,69750.5216886799,1099928.7467318305
2025-05-01T10:20:00.000+0000,670986.0481686795,69750.5216886799,1105723.966574815
2025-05-01T10:30:00.000+0000,674755.4493134165,69750.5216886799,1105642.8472474015
2025-05-01T10:40:00.000+0000,677183.8299934643,69750.5216886799,1104610.4155967294
2025-05-01T10:50:00.000+0000,678938.0001337837,69750.5216886799,1106399.1482785938
2025-05-01T11:00:00.000+0000,676561.4990168555,69750.5216886799,1109125.3967900842
2025-05-01T11:10:00.000+0000,675209.3272603435,69750.5216886799,1108591.6835725512
2025-05-01T11:20:00.000+0000,676799.307417816,69750.5216886799,1105468.8866361105
2025-05-01T11:30:00.000+0000,673305.6026993517,69750.5216886799,1106400.0967481798
2025-05-01T11:40:00.000+0000,671947.1471738799,69750.5216886799,1107834.2775445757
2025-05-01T11:50:00.000+0000,671979.899191288,69750.5216886799,1108165.5873811245
2025-05-01T12:00:00.000+0000,668748.3736615436,69750.5216886799,1107544.9805411482
2025-05-01T12:10:00.000+0000,669137.986261912,69750.5216886799,1108172.030311129
2025-05-01T12:20:00.000+0000,669348.224636552,69750.5216886799,1107884.6520536924
2025-05-01T12:30:00.000+0000,672438.9652244237,69750.5216886799,1106911.8748279596
2025-05-01T12:40:00.000+0000,671343.4572125197,69750.5216886799,1109758.8653604507
2025-05-01T12:50:00.000+0000,670120.1942064394,69750.5216886799,1110364.275762823
2025-05-01T13:00:00.000+0000,665090.5576372396,69750.5216886799,1109855.8317822614
2025-05-01T13:10:00.000+0000,661907.7163089518,69750.5216886799,1111069.4961628572
2025-05-01T13:20:00.000+0000,660945.3690831279,73434.8462691597,1111569.7258457916
2025-05-01T13:30:00.000+0000,661566.42769844,73434.8462691597,1105350.08842727
2025-05-01T13:40:00.000+0000,668677.3361970152,73434.8462691597,1103331.7625741125
2025-05-01T13:50:00.000+0000,672929.7387712393,73434.8462691597,1100500.0083622145
2025-05-01T14:00:00.000+0000,672863.7958678,73434.8462691597,1103765.0629430965
2025-05-01T14:10:00.000+0000,672338.6512798318,73434.8462691597,1104948.8318648331
2025-05-01T14:20:00.000+0000,670232.3209132556,73434.8462691597,1108488.016149935
2025-05-01T14:30:00.000+0000,669575.1334441673,73434.8462691597,1107404.3991953225
2025-05-01T14:40:00.000+0000,669191.6132659593,73434.8462691597,1108871.0749000367
2025-05-01T14:50:00.000+0000,668859.4791859582,73434.8462691597,1111026.913336148
2025-05-01T15:00:00.000+0000,669473.6874459435,73434.8462691597,1113619.792006343
2025-05-01T15:10:00.000+0000,669436.48331308,73434.8462691597,1119441.8198879373
2025-05-01T15:20:00.000+0000,672732.0160960237,73434.8462691597,1117987.4740964193
2025-05-01T15:30:00.000+0000,675103.4718524718,73434.8462691597,1116350.250278702
2025-05-01T15:40:00.000+0000,676067.4463754153,73434.8462691597,1114527.872885985
2025-05-01T15:50:00.000+0000,679050.7016603758,73602.6594111597,1112081.9486040426
2025-05-01T16:00:00.000+0000,677491.4142290636,73866.60328699963,1113858.9209012212
2025-05-01T16:10:00.000+0000,678284.0361638314,73866.60328699963,1112980.3754285858
2025-05-01T16:20:00.000+0000,676639.0320607596,73866.60328699963,1113994.5781656734
2025-05-01T16:30:00.000+0000,673231.4879586155,73866.60328699963,1117502.7478759296
2025-05-01T16:40:00.000+0000,674665.8233515918,73866.60328699963,1117157.6439938887
2025-05-01T16:50:00.000+0000,678085.0844526317,73866.60328699963,1114263.0373349905
2025-05-01T17:00:00.000+0000,676843.9930007276,73866.60328699963,1113822.2899291352
2025-05-01T17:10:00.000+0000,677888.6392945835,73866.60328699963,1115450.6257047215
2025-05-01T17:20:00.000+0000,677423.2259233834,73866.60328699963,1113487.1147987754
2025-05-01T17:30:00.000+0000,679297.4167502793,73866.60328699963,1110702.2752421424
2025-05-01T17:40:00.000+0000,681646.7762378957,73866.60328699963,1108488.1556768944
2025-05-01T17:50:00.000+0000,679770.4480822315,73866.60328699963,1110577.215090641
2025-05-01T18:00:00.000+0000,681223.2735513037,73866.60328699963,1110418.8618519004
2025-05-01T18:10:00.000+0000,683468.4945364232,73866.60328699963,1107343.179848178
2025-05-01T18:20:00.000+0000,686493.5475364396,73866.60328699963,1106716.8251745736
2025-05-01T18:30:00.000+0000,688416.121206071,73866.60328699963,1107236.5698870062
2025-05-01T18:40:00.000+0000,683208.0965216235,75747.19760699943,1109446.5999694013
2025-05-01T18:50:00.000+0000,682339.0477173033,76260.84955643938,1111030.7247038784
2025-05-01T19:00:00.000+0000,686571.5662714794,76260.84955643938,1108439.5080336954
2025-05-01T19:10:00.000+0000,688691.1862940397,67610.62055643937,1106825.2791319038
2025-05-01T19:20:00.000+0000,688283.7603557514,67610.62055643937,1107410.4034344987
2025-05-01T19:30:00.000+0000,686512.9861493194,67610.62055643937,1108143.345952884
2025-05-01T19:40:00.000+0000,688404.838715511,67610.62055643937,1107063.8887751147
2025-05-01T19:50:00.000+0000,687981.1544143271,67610.62055643937,1105249.3178770202
2025-05-01T20:00:00.000+0000,687966.8310022312,67610.62055643937,1103237.5812445574
2025-05-01T20:10:00.000+0000,685647.2023509033,69722.03807003939,1105146.7166165523
2025-05-01T20:20:00.000+0000,684803.5920794632,69722.03807003939,1107326.6579664485
2025-05-01T20:30:00.000+0000,686013.9822720393,69722.03807003939,1104514.5595523494
2025-05-01T20:40:00.000+0000,686956.5472363435,69722.03807003939,1104190.8484532537
2025-05-01T20:50:00.000+0000,685608.9772554636,69722.03807003939,1103529.102983356
2025-05-01T21:00:00.000+0000,685792.549480103,69722.03807003939,1104524.1783880247
2025-05-01T21:10:00.000+0000,686680.4286081031,69722.03807003939,1107165.6462882333
2025-05-01T21:20:00.000+0000,686559.5714512395,69722.03807003939,1106736.7850180138
2025-05-01T21:30:00.000+0000,685743.8446951273,69722.03807003939,1105473.0538022243
2025-05-01T21:40:00.000+0000,686027.3553250311,69722.03807003939,1106959.546387608
2025-05-01T21:50:00.000+0000,686782.4254253197,69722.03807003939,1106231.1229198116
2025-05-01T22:00:00.000+0000,686682.343874663,69722.03807003939,1104985.641785474
2025-05-01T22:10:00.000+0000,686655.758819735,69722.03807003939,1106529.3886761887
2025-05-01T22:20:00.000+0000,686868.2320050952,69722.03807003939,1105858.3867388214
2025-05-01T22:30:00.000+0000,687746.0261075757,69722.03807003939,1103844.2270848858
2025-05-01T22:40:00.000+0000,687482.2125473989,69722.03807003939,1103787.6955567978
2025-05-01T22:50:00.000+0000,686823.4845916876,69722.03807003939,1103827.7295625508
2025-05-01T23:00:00.000+0000,686992.5139998952,69722.03807003939,1102617.941680831
2025-05-01T23:10:00.000+0000,687948.9426243914,69722.03807003939,1102676.8120497365
2025-05-01T23:20:00.000+0000,691652.8772242956,69895.55024915942,1105070.8094419895
2025-05-01T23:30:00.000+0000,698118.8875544711,73114.03579923927,1102737.635850235
2025-05-01T23:40:00.000+0000,703576.3509281995,73114.03579923927,1103151.3388812968
2025-05-01T23:50:00.000+0000,700848.2380458957,75436.85265795924,1104891.660723065
2025-05-02T00:00:00.000+0000,701144.3958699431,75920.86723627918,1105061.586988987
2025-05-02T00:10:00.000+0000,701431.9706059595,75920.86723627918,1105274.9740686042
2025-05-02T00:20:00.000+0000,697250.4730223271,75920.86723627918,1106997.8759642306
2025-05-02T00:30:00.000+0000,695323.956889191,76890.13480139908,1108007.699427498
2025-05-02T00:40:00.000+0000,696581.5584624228,76890.13480139908,1108072.4637376382
2025-05-02T00:50:00.000+0000,694395.827367287,77047.69824971905,1109750.0742257084
2025-05-02T01:00:00.000+0000,692345.9963450473,77299.62254891905,1110869.9239899656
2025-05-02T01:10:00.000+0000,691934.9022436388,77598.84577867901,1109507.2271198065
2025-05-02T01:20:00.000+0000,692132.1389279589,77831.99610907905,1109491.0855432986
2025-05-02T01:30:00.000+0000,694192.3782968547,77831.99610907905,1107781.6151858037
2025-05-02T01:40:00.000+0000,696498.0539595112,77831.99610907905,1105890.201522343
2025-05-02T01:50:00.000+0000,695389.5860238472,77831.99610907905,1106657.4591205532
2025-05-02T02:00:00.000+0000,695351.5989178629,77831.99610907905,1105535.7093254272
2025-05-02T02:10:00.000+0000,697194.3355482628,77831.99610907905,1105971.2500513655
2025-05-02T02:20:00.000+0000,697654.2259213992,77831.99610907905,1107498.0437650636
2025-05-02T02:30:00.000+0000,696400.3012842626,77831.99610907905,1109061.608853902
2025-05-02T02:40:00.000+0000,694584.5302041515,77831.99610907905,1108360.4413779667
2025-05-02T02:50:00.000+0000,693928.2130582468,77831.99610907905,1108926.9257761294
2025-05-02T03:00:00.000+0000,694724.0771572068,77831.99610907905,1108829.6906817642
2025-05-02T03:10:00.000+0000,696872.8775405667,77831.99610907905,1107966.2171637823
2025-05-02T03:20:00.000+0000,698905.3374108549,77831.99610907905,1107424.975684949
2025-05-02T03:30:00.000+0000,697799.107962967,77831.99610907905,1109252.4811222905
2025-05-02T03:40:00.000+0000,698864.7967093836,77831.99610907905,1109659.163632766
2025-05-02T03:50:00.000+0000,698088.0295406472,77831.99610907905,1109999.7916760468
2025-05-02T04:00:00.000+0000,697227.3988164709,77831.99610907905,1109379.542516816
2025-05-02T04:10:00.000+0000,698371.792508519,77831.99610907905,1108999.5219757466
2025-05-02T04:20:00.000+0000,698038.0659834946,77831.99610907905,1109745.2827150938
2025-05-02T04:30:00.000+0000,699022.5017843111,77831.99610907905,1107633.2363596347
2025-05-02T04:40:00.000+0000,702042.2587045832,77831.99610907905,1106256.4371658284
2025-05-02T04:50:00.000+0000,701315.1746974953,77831.99610907905,1106490.9145318214
2025-05-02T05:00:00.000+0000,700036.2007758307,77831.99610907905,1106655.5652822875
2025-05-02T05:10:00.000+0000,700107.1285881511,77831.99610907905,1104246.9066909275
2025-05-02T05:20:00.000+0000,703787.4739545513,77831.99610907905,1103555.4313457336
2025-05-02T05:30:00.000+0000,703361.3630362147,80651.8284370791,1103810.8828573746
2025-05-02T05:40:00.000+0000,703000.7922637829,82911.18720291913,1104291.1073572957
2025-05-02T05:50:00.000+0000,703179.2227051435,84294.08889579907,1102045.091226556
2025-05-02T06:00:00.000+0000,702665.400611927,88417.80398243906,1100872.7037054216
2025-05-02T06:10:00.000+0000,702125.0705021031,91527.26811947905,1101396.1506641007
2025-05-02T06:20:00.000+0000,703424.458679287,91527.26811947905,1100521.5121489551
2025-05-02T06:30:00.000+0000,702867.0487242794,97991.40666827904,1101788.3979452008
2025-05-02T06:40:00.000+0000,706334.7211452548,97991.40666827904,1099323.2799443617
2025-05-02T06:50:00.000+0000,706085.8468640873,97991.40666827904,1100387.5482898098
2025-05-02T07:00:00.000+0000,705977.9008900071,97991.40666827904,1098037.051500858
2025-05-02T07:10:00.000+0000,706448.3650773191,97991.40666827904,1097313.4281798147
2025-05-02T07:20:00.000+0000,705557.8093722949,97991.40666827904,1099013.7896825892
2025-05-02T07:30:00.000+0000,706731.9270860874,98321.87757987909,1096230.250175227
2025-05-02T07:40:00.000+0000,708467.479752311,98321.87757987909,1095594.4791808787
2025-05-02T07:50:00.000+0000,709824.360318759,98321.87757987909,1095527.5267819795
2025-05-02T08:00:00.000+0000,709895.6597335594,98321.87757987909,1095077.719508372
2025-05-02T08:10:00.000+0000,707663.8800867591,98321.87757987909,1097293.2972907017
2025-05-02T08:20:00.000+0000,706675.178461335,98321.87757987909,1099085.3999127112
2025-05-02T08:30:00.000+0000,704186.4290949034,98321.87757987909,1098581.8829697485
2025-05-02T08:40:00.000+0000,702114.8328387912,98321.87757987909,1100304.3918975582
2025-05-02T08:50:00.000+0000,701282.9200418793,98321.87757987909,1099175.439193795
2025-05-02T09:00:00.000+0000,700481.919595287,98624.72880491901,1098363.886188895
2025-05-02T09:10:00.000+0000,700944.747376615,98624.72880491901,1101076.2455401153
2025-05-02T09:20:00.000+0000,702656.4820125189,98624.72880491901,1099873.936700189
2025-05-02T09:30:00.000+0000,702450.815557415,98624.72880491901,1099839.7768328704
2025-05-02T09:40:00.000+0000,702854.9577248229,98624.72880491901,1099722.349339905
2025-05-02T09:50:00.000+0000,702925.0991267748,98624.72880491901,1099427.9336713783
2025-05-02T10:00:00.000+0000,703525.0800377511,98624.72880491901,1099642.3442029532
2025-05-02T10:10:00.000+0000,703540.1680976392,98624.72880491901,1101499.4890937991
2025-05-02T10:20:00.000+0000,704126.5935216872,98624.72880491901,1101338.8004337018
2025-05-02T10:30:00.000+0000,702842.0091519748,98624.72880491901,1102608.8182353824
2025-05-02T10:40:00.000+0000,704067.903031671,98624.72880491901,1102542.6068226052
2025-05-02T10:50:00.000+0000,705459.1889118312,98624.72880491901,1102722.0548978685
2025-05-02T11:00:00.000+0000,706536.1859443749,98624.72880491901,1104134.6448568355
2025-05-02T11:10:00.000+0000,705338.6127300072,98624.72880491901,1104385.0584197212
2025-05-02T11:20:00.000+0000,703953.5588602469,98624.72880491901,1105856.6496520021
2025-05-02T11:30:00.000+0000,704504.8977160229,98624.72880491901,1104669.8146984489
2025-05-02T11:40:00.000+0000,704808.1444843753,98624.72880491901,1104912.6891172081
2025-05-02T11:50:00.000+0000,705859.5428922146,98624.72880491901,1105969.9063937564
2025-05-02T12:00:00.000+0000,706318.7644208549,98624.72880491901,1105978.6623989511
2025-05-02T12:10:00.000+0000,707571.0772284868,98624.72880491901,1103830.2244618041
2025-05-02T12:20:00.000+0000,709941.9971539428,98624.72880491901,1103628.9859492397
2025-05-02T12:30:00.000+0000,706313.9498356069,98624.72880491901,1100313.9122035992
2025-05-02T12:40:00.000+0000,706501.9999150949,98624.72880491901,1104178.8836749583
2025-05-02T12:50:00.000+0000,703684.8604710631,98624.72880491901,1106804.0717261115
2025-05-02T13:00:00.000+0000,703333.8859954474,98624.72880491901,1106379.7069296183
2025-05-02T13:10:00.000+0000,702840.260252215,98624.72880491901,1104317.6011960888
2025-05-02T13:20:00.000+0000,700664.8670601352,98624.72880491901,1105532.6114232377
2025-05-02T13:30:00.000+0000,700297.2986702792,98624.72880491901,1103669.684915915
2025-05-02T13:40:00.000+0000,701119.6687874468,98624.72880491901,1104426.2252450422
2025-05-02T13:50:00.000+0000,701668.8479323753,98624.72880491901,1104613.2385980696
2025-05-02T14:00:00.000+0000,699504.7022750633,98624.72880491901,1106859.6677273596
2025-05-02T14:10:00.000+0000,700058.2810974312,98624.72880491901,1106790.0114378366
2025-05-02T14:20:00.000+0000,699542.0160001831,98624.72880491901,1108833.5034491045
2025-05-02T14:30:00.000+0000,697123.7370722629,98624.72880491901,1109570.975669288
2025-05-02T14:40:00.000+0000,697964.8551990155,98624.72880491901,1110546.243064727
2025-05-02T14:50:00.000+0000,696317.3287754153,98624.72880491901,1112801.7761259757
2025-05-02T15:00:00.000+0000,695426.5547252066,98624.72880491901,1111177.2116656345
2025-05-02T15:10:00.000+0000,699549.660299847,98624.72880491901,1110350.649532101
2025-05-02T15:20:00.000+0000,700545.9109412227,98624.72880491901,1104743.292564631
2025-05-02T15:30:00.000+0000,701798.2747680071,98624.72880491901,1105965.3292761147
2025-05-02T15:40:00.000+0000,701638.839338471,98624.72880491901,1107978.1736785024
2025-05-02T15:50:00.000+0000,701761.2757709031,98624.72880491901,1107011.235214433
2025-05-02T16:00:00.000+0000,700554.9103958951,98624.72880491901,1108204.8125907218
2025-05-02T16:10:00.000+0000,698178.7983674475,98624.72880491901,1115169.9730473403
2025-05-02T16:20:00.000+0000,697869.8334572709,98624.72880491901,1114502.4453100408
2025-05-02T16:30:00.000+0000,697101.9762148866,98624.72880491901,1113876.0489279076
2025-05-02T16:40:00.000+0000,698159.141365639,98624.72880491901,1112240.3182435697
2025-05-02T16:50:00.000+0000,700943.5518138309,98624.72880491901,1110054.2770647386
2025-05-02T17:00:00.000+0000,701513.316317287,98624.72880491901,1106003.4416263427
2025-05-02T17:10:00.000+0000,704441.5102865668,98624.72880491901,1105500.6246054508
2025-05-02T17:20:00.000+0000,703552.0111755915,98624.72880491901,1108194.8581714022
2025-05-02T17:30:00.000+0000,702838.818206775,98624.72880491901,1109106.8328999751
2025-05-02T17:40:00.000+0000,702843.605733687,98624.72880491901,1107483.3278240606
2025-05-02T17:50:00.000+0000,701563.7318525668,98624.72880491901,1107876.762918453
2025-05-02T18:00:00.000+0000,699671.9928554466,98624.72880491901,1109620.937853752
2025-05-02T18:10:00.000+0000,700249.5964426149,98624.72880491901,1110159.7808499066
2025-05-02T18:20:00.000+0000,701086.5383929834,98624.72880491901,1109978.5265831852
2025-05-02T18:30:00.000+0000,702979.9984121833,98624.72880491901,1110100.1818800853
2025-05-02T18:40:00.000+0000,701932.3124520065,98624.72880491901,1110178.2736048256
2025-05-02T18:50:00.000+0000,704238.6000447269,98624.72880491901,1107187.7919555528
2025-05-02T19:00:00.000+0000,704504.8271725026,98624.72880491901,1105560.6758132554
2025-05-02T19:10:00.000+0000,705004.0015133031,98624.72880491901,1103296.9922783785
2025-05-02T19:20:00.000+0000,705244.3723426793,98624.72880491901,1104687.6511205225
2025-05-02T19:30:00.000+0000,705828.9590189027,98624.72880491901,1102064.3167014862
2025-05-02T19:40:00.000+0000,707861.2151722953,98624.72880491901,1098826.6673612234
2025-05-02T19:50:00.000+0000,709209.0014400065,98624.72880491901,1100052.1383907069
2025-05-02T20:00:00.000+0000,706122.4404058154,98624.72880491901,1099579.56771811
2025-05-02T20:10:00.000+0000,705951.9515461032,98624.72880491901,1101806.758415215
2025-05-02T20:20:00.000+0000,705500.941602935,98624.72880491901,1101321.51158628
2025-05-02T20:30:00.000+0000,703915.8477532866,98624.72880491901,1102364.320992081
2025-05-02T20:40:00.000+0000,703249.8797942149,98624.72880491901,1102963.152919272
2025-05-02T20:50:00.000+0000,703584.1145922951,98624.72880491901,1102898.1815898241
2025-05-02T21:00:00.000+0000,703169.6932947749,98624.72880491901,1102830.89431866
2025-05-02T21:10:00.000+0000,703105.1219332232,98624.72880491901,1102623.148313311
2025-05-02T21:20:00.000+0000,703817.6289912071,98624.72880491901,1101840.7205521304
2025-05-02T21:30:00.000+0000,702149.654219383,98624.72880491901,1101365.647507705
2025-05-02T21:40:00.000+0000,704989.222046343,98624.72880491901,1098077.318828131
2025-05-02T21:50:00.000+0000,705007.5382816232,98624.72880491901,1097007.1612774425
2025-05-02T22:00:00.000+0000,704985.0752464395,98624.72880491901,1097525.4984003755
2025-05-02T22:10:00.000+0000,705674.1347574788,98624.72880491901,1097562.1028250437
2025-05-02T22:20:00.000+0000,705755.2282107751,98624.72880491901,1098166.6128475713
2025-05-02T22:30:00.000+0000,706306.9302157991,98624.72880491901,1098134.8219528405
2025-05-02T22:40:00.000+0000,705728.9469526152,98624.72880491901,1097720.514339657
2025-05-02T22:50:00.000+0000,705880.4839659431,98624.72880491901,1097991.4304954582
2025-05-02T23:00:00.000+0000,705891.0725482956,98624.72880491901,1098188.0959580035
2025-05-02T23:10:00.000+0000,705872.503535399,98624.72880491901,1099419.709519245
2025-05-02T23:20:00.000+0000,705443.2109044712,98624.72880491901,1099044.2357572448
2025-05-02T23:30:00.000+0000,705923.1692104072,98624.72880491901,1099511.7345123906
2025-05-02T23:40:00.000+0000,705509.1210341511,98624.72880491901,1100520.5606601008
2025-05-02T23:50:00.000+0000,705204.3393147432,98624.72880491901,1100390.209368797
2025-05-03T00:00:00.000+0000,704341.8518971107,98624.72880491901,1101156.182726088
2025-05-03T00:10:00.000+0000,702587.328059975,98624.72880491901,1101335.532778882
2025-05-03T00:20:00.000+0000,703032.5113082315,98624.72880491901,1100316.7936850789
2025-05-03T00:30:00.000+0000,705514.2111188232,98624.72880491901,1100595.8059891562
2025-05-03T00:40:00.000+0000,708050.581577879,98624.72880491901,1099376.2551755412
2025-05-03T00:50:00.000+0000,711032.3210764396,98624.72880491901,1098953.0549233868
2025-05-03T01:00:00.000+0000,710416.0504276867,98624.72880491901,1098343.6071681227
2025-05-03T01:10:00.000+0000,713678.837847895,98624.72880491901,1097482.895820321
2025-05-03T01:20:00.000+0000,715014.6896308393,98800.19451995906,1097953.6509191715
2025-05-03T01:30:00.000+0000,715181.6986166791,98800.19451995906,1096076.0129989407
2025-05-03T01:40:00.000+0000,716754.959380375,98800.19451995906,1096410.9801156982
2025-05-03T01:50:00.000+0000,716914.0929515916,98800.19451995906,1096307.6931878342
2025-05-03T02:00:00.000+0000,716365.357211655,99559.75208739912,1097916.697015905
2025-05-03T02:10:00.000+0000,716765.6778187591,99559.75208739912,1098868.5604280988
2025-05-03T02:20:00.000+0000,715990.6777152391,99559.75208739912,1099864.9018657291
2025-05-03T02:30:00.000+0000,715955.9171659428,99559.75208739912,1100042.7204969968
2025-05-03T02:40:00.000+0000,716953.6517392229,99559.75208739912,1099019.4114943263
2025-05-03T02:50:00.000+0000,714736.1416876069,99559.75208739912,1099560.812507879
2025-05-03T03:00:00.000+0000,712130.161940567,99559.75208739912,1100319.9681817535
2025-05-03T03:10:00.000+0000,712504.096273591,99559.75208739912,1098597.6047143096
2025-05-03T03:20:00.000+0000,712563.1867833355,99559.75208739912,1098267.6416719167
2025-05-03T03:30:00.000+0000,712240.2216423111,99559.75208739912,1097631.6144415168
2025-05-03T03:40:00.000+0000,712667.3220084552,99559.75208739912,1098912.8115435697
2025-05-03T03:50:00.000+0000,713415.638575895,99559.75208739912,1098523.98150504
2025-05-03T04:00:00.000+0000,713498.376212791,99559.75208739912,1098456.8110190807
2025-05-03T04:10:00.000+0000,713811.3785104713,99559.75208739912,1099170.5783487656
2025-05-03T04:20:00.000+0000,714038.0441927433,99559.75208739912,1099024.4553629009
2025-05-03T04:30:00.000+0000,714598.4089420231,99559.75208739912,1099463.991824744
2025-05-03T04:40:00.000+0000,714415.3622566152,99559.75208739912,1099355.154516267
2025-05-03T04:50:00.000+0000,714282.8375013033,99559.75208739912,1099614.389777814
2025-05-03T05:00:00.000+0000,713985.3589946474,99559.75208739912,1098429.336521774
2025-05-03T05:10:00.000+0000,716384.4205088071,99559.75208739912,1098157.8618594434
2025-05-03T05:20:00.000+0000,716776.3707375748,99559.75208739912,1098553.8777741888
2025-05-03T05:30:00.000+0000,712522.3696032234,99559.75208739912,1097599.2769173775
2025-05-03T05:40:00.000+0000,711229.420690503,99559.75208739912,1098786.880769537
2025-05-03T05:50:00.000+0000,711869.5356685191,99559.75208739912,1097293.1177107394
2025-05-03T06:00:00.000+0000,712841.9178999113,99559.75208739912,1096194.6604978098
2025-05-03T06:10:00.000+0000,714167.3344577193,99559.75208739912,1094427.7532629282
2025-05-03T06:20:00.000+0000,715823.6118549353,99559.75208739912,1094448.8069457
2025-05-03T06:30:00.000+0000,715526.659307175,99559.75208739912,1094941.30904393
2025-05-03T06:40:00.000+0000,714383.1499870631,99559.75208739912,1094977.4516670848
2025-05-03T06:50:00.000+0000,715859.2859927749,99559.75208739912,1094449.256686088
2025-05-03T07:00:00.000+0000,716086.4628457832,99559.75208739912,1095006.5430821844
2025-05-03T07:10:00.000+0000,716684.1333265832,99572.71822618313,1095118.8482141218
2025-05-03T07:20:00.000+0000,718439.6780663433,99572.71822618313,1093834.4671176693
2025-05-03T07:30:00.000+0000,719270.0666036394,99572.71822618313,1094705.7912430132
2025-05-03T07:40:00.000+0000,717950.6016407432,99572.71822618313,1095752.685623607
2025-05-03T07:50:00.000+0000,717705.1822734312,99572.71822618313,1095735.2461035193
2025-05-03T08:00:00.000+0000,718858.7604919749,99572.71822618313,1094076.9090563955
2025-05-03T08:10:00.000+0000,718979.1339561036,99572.71822618313,1094129.6596553319
2025-05-03T08:20:00.000+0000,718369.1892425511,99572.71822618313,1094976.7031699847
2025-05-03T08:30:00.000+0000,717424.6327727267,99572.71822618313,1096344.5432907296
2025-05-03T08:40:00.000+0000,716967.9249315273,99572.71822618313,1096820.4668280422
2025-05-03T08:50:00.000+0000,718375.1359613675,99572.71822618313,1095479.9958790555
2025-05-03T09:00:00.000+0000,719616.3747353188,99572.71822618313,1094199.7991907033
2025-05-03T09:10:00.000+0000,718807.4404408874,99572.71822618313,1094102.4754103858
2025-05-03T09:20:00.000+0000,717951.7917279112,99572.71822618313,1095151.307835369
2025-05-03T09:30:00.000+0000,719949.726920055,99572.71822618313,1094331.22738138
2025-05-03T09:40:00.000+0000,719401.3225348231,99572.71822618313,1094348.7301458728
2025-05-03T09:50:00.000+0000,720044.4757802791,99572.71822618313,1092374.4323919178
2025-05-03T10:00:00.000+0000,721018.6647051591,99572.71822618313,1093713.5958786446
2025-05-03T10:10:00.000+0000,723106.3785368872,99572.71822618313,1092830.005036897
2025-05-03T10:20:00.000+0000,722253.0347185192,99572.71822618313,1093775.285192144
2025-05-03T10:30:00.000+0000,724025.0840440394,99572.71822618313,1092583.400365102
2025-05-03T10:40:00.000+0000,723445.5583957513,99572.71822618313,1091256.500777708
2025-05-03T10:50:00.000+0000,723992.1468748715,99572.71822618313,1090325.1432396572
2025-05-03T11:00:00.000+0000,725742.5122014792,99572.71822618313,1090499.1684631836
2025-05-03T11:10:00.000+0000,725397.1226943111,102938.08537690311,1090857.426292669
2025-05-03T11:20:00.000+0000,725848.9007624872,103619.32784658314,1092278.2675675682
2025-05-03T11:30:00.000+0000,724884.2846332395,103619.32784658314,1091308.3829064963
2025-05-03T11:40:00.000+0000,725718.9168129031,103619.32784658314,1091477.6541485619
2025-05-03T11:50:00.000+0000,726254.3865741193,103619.32784658314,1091717.6344087385
2025-05-03T12:00:00.000+0000,723097.6291619914,103619.32784658314,1092538.1322292625
2025-05-03T12:10:00.000+0000,720090.5077052558,103619.32784658314,1092594.7683880457
2025-05-03T12:20:00.000+0000,719502.0283057037,108245.37944226344,1094601.3122757906
2025-05-03T12:30:00.000+0000,718903.8162984716,112163.27121938362,1094924.145892301
2025-05-03T12:40:00.000+0000,719189.2535058795,119279.29764034378,1095430.1210046525
2025-05-03T12:50:00.000+0000,719702.1363111277,123544.985757624,1095939.5705029187
2025-05-03T13:00:00.000+0000,720933.071314696,129999.10732642404,1096052.9714351976
2025-05-03T13:10:00.000+0000,721371.607065208,129999.10732642404,1097075.8015142337
2025-05-03T13:20:00.000+0000,722299.874756488,129999.10732642404,1097535.205670175
2025-05-03T13:30:00.000+0000,722480.2846330318,129999.10732642404,1097454.0494159977
2025-05-03T13:40:00.000+0000,723656.965914328,129999.10732642404,1098263.86839474
2025-05-03T13:50:00.000+0000,723870.1995908079,129999.10732642404,1098359.2925131195
2025-05-03T14:00:00.000+0000,722383.7009018802,129999.10732642404,1098401.1619860397
2025-05-03T14:10:00.000+0000,722424.8306855441,12.17242642410784,1097731.1189387704
2025-05-03T14:20:00.000+0000,721967.7515216403,12.17242642410784,1097964.143146836
2025-05-03T14:30:00.000+0000,722329.0620218164,12.17242642410784,1097427.7032292776
2025-05-03T14:40:00.000+0000,723056.2818201842,11.14162642410784,1098169.065886299
2025-05-03T14:50:00.000+0000,722984.3981678481,11.14162642410784,1098541.817270487
2025-05-03T15:00:00.000+0000,720376.3568014244,11.14162642410784,1099662.6049895142
2025-05-03T15:10:00.000+0000,720859.0242982717,11.14162642410784,1100179.608790255
2025-05-03T15:20:00.000+0000,721606.6062538719,11.14162642410784,1099805.8368673266
2025-05-03T15:30:00.000+0000,721479.7714929201,11.14162642410784,1099786.0170285893
2025-05-03T15:40:00.000+0000,721147.173664216,11.14162642410784,1099709.1347454812
2025-05-03T15:50:00.000+0000,721877.2765942321,12.17200146410784,1098644.2894539281
2025-05-03T16:00:00.000+0000,723400.3204336319,12.17200146410784,1097725.8079046258
2025-05-03T16:10:00.000+0000,724909.8100650803,12.17200146410784,1097115.0650237743
2025-05-03T16:20:00.000+0000,726051.6765605041,1370.4437141039464,1096765.8731612603
2025-05-03T16:30:00.000+0000,728263.387125424,10203.689859383847,1094104.375166629
2025-05-03T16:40:00.000+0000,731219.0201059204,10635.077173223825,1093144.292951511
2025-05-03T16:50:00.000+0000,730651.8936903036,14165.405149623857,1094468.0359974385
2025-05-03T17:00:00.000+0000,731171.6366530322,16561.89881970383,1088913.3061402491
2025-05-03T17:10:00.000+0000,736156.6199434559,16561.89881970383,1086894.596471788
2025-05-03T17:20:00.000+0000,735277.7100443284,16561.89881970383,1087349.5336155593
2025-05-03T17:30:00.000+0000,735551.4929126715,34640.11408816783,1087806.6619901625
2025-05-03T17:40:00.000+0000,734754.4847896642,34640.11408816783,1088151.0998712154
2025-05-03T17:50:00.000+0000,733425.9322826241,34640.11408816783,1090658.1407017696
2025-05-03T18:00:00.000+0000,734067.3996978239,34640.11408816783,1091230.889108039
2025-05-03T18:10:00.000+0000,732858.4398000955,34640.11408816783,1092563.7212507366
2025-05-03T18:20:00.000+0000,732820.0803522237,34640.11408816783,1093340.8182235062
2025-05-03T18:30:00.000+0000,734720.428366616,34640.11408816783,1092113.2646844825
2025-05-03T18:40:00.000+0000,735512.9669980798,34640.11408816783,1091451.9501427826
2025-05-03T18:50:00.000+0000,735196.0196789436,34640.11408816783,1091297.1187306163
2025-05-03T19:00:00.000+0000,734400.1994448635,34640.11408816783,1091674.6148540527
2025-05-03T19:10:00.000+0000,732253.1530771677,34640.11408816783,1093583.1615410561
2025-05-03T19:20:00.000+0000,731303.6398759037,34640.11408816783,1093937.6459065976
2025-05-03T19:30:00.000+0000,728604.6815912481,34640.11408816783,1095194.559161582
2025-05-03T19:40:00.000+0000,727280.29640768,34640.11408816783,1095727.417476156
2025-05-03T19:50:00.000+0000,726664.7976509202,34640.11408816783,1096465.5238352432
2025-05-03T20:00:00.000+0000,727543.0940712239,34640.11408816783,1097229.5407552612
2025-05-03T20:10:00.000+0000,726690.2518612478,34640.11408816783,1096307.0558675341
2025-05-03T20:20:00.000+0000,727264.0288121758,34640.11408816783,1096639.7455174897
2025-05-03T20:30:00.000+0000,727498.0703989991,34640.11408816783,1096730.2452835543
2025-05-03T20:40:00.000+0000,729258.2116685918,34640.11408816783,1096162.1987763974
2025-05-03T20:50:00.000+0000,729219.0440777519,34640.11408816783,1097130.367850887
2025-05-03T21:00:00.000+0000,729198.3258156318,34640.11408816783,1095618.572381154
2025-05-03T21:10:00.000+0000,729101.76211844,34640.11408816783,1095785.870156288
2025-05-03T21:20:00.000+0000,726902.935448152,34640.11408816783,1098560.4606704935
2025-05-03T21:30:00.000+0000,726653.3173225358,34640.11408816783,1098640.4461410367
2025-05-03T21:40:00.000+0000,728038.3072035278,34640.11408816783,1097794.673349569
2025-05-03T21:50:00.000+0000,728468.7883328958,34640.11408816783,1097431.0538116656
2025-05-03T22:00:00.000+0000,728926.0905681998,34640.11408816783,1096507.5560792608
2025-05-03T22:10:00.000+0000,730876.4038783519,34640.11408816783,1096539.966667769
2025-05-03T22:20:00.000+0000,729640.2315480002,34640.11408816783,1096547.162019657
2025-05-03T22:30:00.000+0000,727135.8805128958,34640.11408816783,1097757.651512595
2025-05-03T22:40:00.000+0000,726208.3541980399,34640.11408816783,1098126.4284669794
2025-05-03T22:50:00.000+0000,726574.2049331198,34640.11408816783,1097302.4902283156
2025-05-03T23:00:00.000+0000,727307.91624412,34640.11408816783,1096383.0619443457
2025-05-03T23:10:00.000+0000,728471.13817152,36710.92691152784,1095979.848713939
2025-05-03T23:20:00.000+0000,728615.6146577919,36710.92691152784,1092742.5447607576
2025-05-03T23:30:00.000+0000,730856.3924203359,36710.92691152784,1092278.2548656494
2025-05-03T23:40:00.000+0000,729788.1640472482,36710.92691152784,1093303.0828121775
2025-05-03T23:50:00.000+0000,732352.8181712555,36710.92691152784,1092413.6192437545
2025-05-04T00:00:00.000+0000,732106.7865641278,36710.92691152784,1092213.4627803378
2025-05-04T00:10:00.000+0000,730567.5446335762,36710.92691152784,1094065.948430965
2025-05-04T00:20:00.000+0000,730993.9475381359,36710.92691152784,1093267.385009412
2025-05-04T00:30:00.000+0000,734126.4033371197,36710.92691152784,1091358.342922051
2025-05-04T00:40:00.000+0000,733905.5560364162,36710.92691152784,1090307.3664743563
2025-05-04T00:50:00.000+0000,734229.2147121677,36710.92691152784,1090835.3052641512
2025-05-04T01:00:00.000+0000,734234.5607019517,36710.92691152784,1091494.4836639694
2025-05-04T01:10:00.000+0000,733893.8318832477,36710.92691152784,1093095.7338652404
2025-05-04T01:20:00.000+0000,732668.3158909997,36710.92691152784,1094267.8865003535
2025-05-04T01:30:00.000+0000,733609.9461836399,36710.92691152784,1092960.3433992693
2025-05-04T01:40:00.000+0000,735119.3229454563,36710.92691152784,1088836.0781131014
2025-05-04T01:50:00.000+0000,734580.5530164876,36710.92691152784,1091185.5393413575
2025-05-04T02:00:00.000+0000,729959.0404466799,36710.92691152784,1095359.087031308
2025-05-04T02:10:00.000+0000,729053.915116688,36710.92691152784,1096766.7253251027
2025-05-04T02:20:00.000+0000,728036.5700743437,36710.92691152784,1096421.8989861356
2025-05-04T02:30:00.000+0000,728837.7187322719,36710.92691152784,1092699.4886519234
2025-05-04T02:40:00.000+0000,735175.3892864718,36710.92691152784,1091062.4031104373
2025-05-04T02:50:00.000+0000,734564.2414961518,36710.92691152784,1091121.7692037816
2025-05-04T03:00:00.000+0000,737431.5884220396,36710.92691152784,1088638.5347981197
2025-05-04T03:10:00.000+0000,739720.2201007998,36710.92691152784,1088558.420572788
2025-05-04T03:20:00.000+0000,737890.4090416636,36710.92691152784,1089110.5618002964
2025-05-04T03:30:00.000+0000,736695.7868346,36710.92691152784,1090503.112656088
2025-05-04T03:40:00.000+0000,736433.3727439521,36710.92691152784,1089989.928212721
2025-05-04T03:50:00.000+0000,737875.6290351355,36710.92691152784,1089878.3686179738
2025-05-04T04:00:00.000+0000,739882.3604746474,36710.92691152784,1089089.447970342
2025-05-04T04:10:00.000+0000,738759.6209354077,36710.92691152784,1090474.4152003361
2025-05-04T04:20:00.000+0000,739992.887172496,36710.92691152784,1090452.2045281325
2025-05-04T04:30:00.000+0000,741186.8623076319,36710.92691152784,1088406.1083332535
2025-05-04T04:40:00.000+0000,742522.1292787995,38906.43986491182,1088348.556219734
2025-05-04T04:50:00.000+0000,740889.7393563042,38906.43986491182,1088134.9988598833
2025-05-04T05:00:00.000+0000,738328.1246288316,38906.43986491182,1089436.723280414
2025-05-04T05:10:00.000+0000,738886.5853225758,38906.43986491182,1090484.122445496
2025-05-04T05:20:00.000+0000,738508.6089058077,38906.43986491182,1091654.278668805
2025-05-04T05:30:00.000+0000,737758.2300495198,38906.43986491182,1093404.306300045
2025-05-04T05:40:00.000+0000,737820.1184391675,38906.43986491182,1093460.049171576
2025-05-04T05:50:00.000+0000,736594.3747792,38906.43986491182,1094950.951901332
2025-05-04T06:00:00.000+0000,736697.47103616,38906.43986491182,1094166.3924568754
2025-05-04T06:10:00.000+0000,737475.2010140321,38906.43986491182,1093214.938807776
2025-05-04T06:20:00.000+0000,738889.5849809279,38906.43986491182,1092083.7991935527
2025-05-04T06:30:00.000+0000,738172.7472702397,38906.43986491182,1091870.4721228844
2025-05-04T06:40:00.000+0000,735105.8756918716,38906.43986491182,1091898.3435824562
2025-05-04T06:50:00.000+0000,733153.836473552,38906.43986491182,1092695.4719194896
2025-05-04T07:00:00.000+0000,732063.9162678239,38906.43986491182,1091740.481240618
2025-05-04T07:10:00.000+0000,730535.8566742403,38906.43986491182,1091962.3189147222
2025-05-04T07:20:00.000+0000,732473.8742188802,38906.43986491182,1091519.9203431476
2025-05-04T07:30:00.000+0000,733611.3648577918,38906.43986491182,1089867.5387943578
2025-05-04T07:40:00.000+0000,735837.1348761437,38906.43986491182,1089880.0420831677
2025-05-04T07:50:00.000+0000,734997.8510207997,38906.43986491182,1090510.9056147835
2025-05-04T08:00:00.000+0000,734378.3316331197,38906.43986491182,1091415.2802426782
2025-05-04T08:10:00.000+0000,735861.643443592,38906.43986491182,1090570.7106086975
2025-05-04T08:20:00.000+0000,735531.851987992,41203.078702815816,1089141.5480049485
2025-05-04T08:30:00.000+0000,735991.6118656078,41203.078702815816,1088832.7033921122
2025-05-04T08:40:00.000+0000,738386.2349533518,43080.423944159804,1087212.9622129276
2025-05-04T08:50:00.000+0000,738246.13596228,43080.423944159804,1088007.9224013146
2025-05-04T09:00:00.000+0000,737996.5314657522,44575.359198431805,1086291.179928871
2025-05-04T09:10:00.000+0000,738624.1192635361,44575.359198431805,1085887.0797429702
2025-05-04T09:20:00.000+0000,739943.3919703597,44575.359198431805,1084835.3563939393
2025-05-04T09:30:00.000+0000,738039.4476553117,44575.359198431805,1084779.5490520908
2025-05-04T09:40:00.000+0000,737009.0755229839,44575.359198431805,1085523.7722230796
2025-05-04T09:50:00.000+0000,736662.079791824,44575.359198431805,1085639.1662877775
2025-05-04T10:00:00.000+0000,736509.3793399918,44575.359198431805,1085267.1930462501
2025-05-04T10:10:00.000+0000,736086.1605261201,44575.359198431805,1083912.076935362
2025-05-04T10:20:00.000+0000,734590.1471750163,44575.359198431805,1084518.865280752
2025-05-04T10:30:00.000+0000,731832.2766478879,44575.359198431805,1086189.6521692704
2025-05-04T10:40:00.000+0000,731532.0871317757,44575.359198431805,1086113.1042045702
2025-05-04T10:50:00.000+0000,733551.5336910475,44575.359198431805,1086189.2440000982
2025-05-04T11:00:00.000+0000,731791.1678912239,44575.359198431805,1086285.5705097085
2025-05-04T11:10:00.000+0000,729068.5264082956,44575.359198431805,1088518.139760885
2025-05-04T11:20:00.000+0000,727978.70738156,44575.359198431805,1088475.9096033806
2025-05-04T11:30:00.000+0000,728351.5975405921,44575.359198431805,1087611.9374047348
2025-05-04T11:40:00.000+0000,729046.0289506718,44575.359198431805,1087508.5446211842
2025-05-04T11:50:00.000+0000,728921.7396217436,44575.359198431805,1086132.8841603184
2025-05-04T12:00:00.000+0000,727868.4143666159,44575.359198431805,1087056.4327052308
2025-05-04T12:10:00.000+0000,727440.3462253116,44575.359198431805,1087642.650983549
2025-05-04T12:20:00.000+0000,729110.2446469839,44575.359198431805,1087593.945339103
2025-05-04T12:30:00.000+0000,729287.6922952076,44575.359198431805,1087784.552497237
2025-05-04T12:40:00.000+0000,728749.7470459677,44575.359198431805,1088384.802297127
2025-05-04T12:50:00.000+0000,728701.3218871118,44575.359198431805,1087897.6156458757
2025-05-04T13:00:00.000+0000,728429.6870689518,44575.359198431805,1088317.2679845109
2025-05-04T13:10:00.000+0000,728863.0563459514,44575.359198431805,1085786.0370538367
2025-05-04T13:20:00.000+0000,731674.8193345921,44575.359198431805,1085732.603608259
2025-05-04T13:30:00.000+0000,730940.6137992877,44575.359198431805,1085678.821863303
2025-05-04T13:40:00.000+0000,733816.694432616,44575.359198431805,1084163.9515800134
2025-05-04T13:50:00.000+0000,732459.7135564801,44575.359198431805,1086118.303559356
2025-05-04T14:00:00.000+0000,729711.6576913358,44575.359198431805,1086103.521624524
2025-05-04T14:10:00.000+0000,727538.4480610079,44575.359198431805,1087484.9318342572
2025-05-04T14:20:00.000+0000,726279.7579093354,44575.359198431805,1088717.8161635338
2025-05-04T14:30:00.000+0000,724955.5643523438,44575.359198431805,1089047.6901043523
2025-05-04T14:40:00.000+0000,725965.1908244883,44575.359198431805,1089714.8113112508
2025-05-04T14:50:00.000+0000,725868.137269496,44575.359198431805,1090405.1681410065
2025-05-04T15:00:00.000+0000,725027.5203814323,44575.359198431805,1091338.8857783629
2025-05-04T15:10:00.000+0000,725614.0771902881,44575.359198431805,1091519.1919462709
2025-05-04T15:20:00.000+0000,728167.301695312,44575.359198431805,1090540.407182863
2025-05-04T15:30:00.000+0000,727965.1025641275,44575.359198431805,1090136.9209604515
2025-05-04T15:40:00.000+0000,730219.2231238878,44575.359198431805,1088853.3500106614
2025-05-04T15:50:00.000+0000,729865.983721664,44575.359198431805,1090715.6477669198
2025-05-04T16:00:00.000+0000,729216.4641933118,44575.359198431805,1091524.429453732
2025-05-04T16:10:00.000+0000,729241.5825325518,44575.359198431805,1089373.5104947865
2025-05-04T16:20:00.000+0000,729419.540801952,44575.359198431805,1090522.2309530964
2025-05-04T16:30:00.000+0000,729511.9242260396,44575.359198431805,1089554.64670462
2025-05-04T16:40:00.000+0000,732088.032399472,44575.359198431805,1088240.6048952544
2025-05-04T16:50:00.000+0000,732303.4513962958,44575.359198431805,1088251.7118023923
2025-05-04T17:00:00.000+0000,731353.1022143518,44575.359198431805,1089791.676170955
2025-05-04T17:10:00.000+0000,729649.7162841354,44579.39996323179,1090511.913026596
2025-05-04T17:20:00.000+0000,730299.9211038158,46946.053924191765,1088924.1439033595
2025-05-04T17:30:00.000+0000,733046.0560169513,46946.053924191765,1087712.0200464264
2025-05-04T17:40:00.000+0000,728478.4603990474,46946.053924191765,1088883.3884845092
2025-05-04T17:50:00.000+0000,729877.6156586634,46946.053924191765,1090700.4501519375
2025-05-04T18:00:00.000+0000,730013.9358851679,48097.21371902376,1090983.2698428843
2025-05-04T18:10:00.000+0000,733493.5794615517,48097.21371902376,1090673.9600548444
2025-05-04T18:20:00.000+0000,734092.205896976,48097.21371902376,1091552.5546536022
2025-05-04T18:30:00.000+0000,735288.2665823358,48097.21371902376,1090593.3009789512
2025-05-04T18:40:00.000+0000,736497.8996610877,48097.21371902376,1089789.365150159
2025-05-04T18:50:00.000+0000,737226.949234464,48097.21371902376,1089004.3590625369
2025-05-04T19:00:00.000+0000,736509.4992939513,48097.21371902376,1087793.1296711552
2025-05-04T19:10:00.000+0000,736220.6916450557,48097.21371902376,1087789.5018973527
2025-05-04T19:20:00.000+0000,737399.1730750799,50665.27741319179,1088110.6289845682
2025-05-04T19:30:00.000+0000,736184.2447958797,54748.762209831766,1089132.1916216463
2025-05-04T19:40:00.000+0000,734413.2400839997,54965.37677943177,1089781.8206685686
2025-05-04T19:50:00.000+0000,736381.4964781916,54965.37677943177,1088958.0051303238
2025-05-04T20:00:00.000+0000,735702.3104420479,54965.37677943177,1089544.5271778156
2025-05-04T20:10:00.000+0000,735114.6674528316,55625.7303835838,1089733.3359319377
2025-05-04T20:20:00.000+0000,733086.5552416318,55625.7303835838,1091175.5162658987
2025-05-04T20:30:00.000+0000,732753.0880689595,55625.7303835838,1092745.3745946246
2025-05-04T20:40:00.000+0000,732603.0331290237,57533.452583903825,1092800.1739193315
2025-05-04T20:50:00.000+0000,732518.096632624,57533.452583903825,1092933.0079645894
2025-05-04T21:00:00.000+0000,732360.1202149442,57533.452583903825,1091927.3258358266
2025-05-04T21:10:00.000+0000,733952.2359226076,57533.452583903825,1090928.6950991235
2025-05-04T21:20:00.000+0000,734020.9713302554,57533.452583903825,1091705.8181588384
2025-05-04T21:30:00.000+0000,730149.6149550077,57533.452583903825,1091994.405856065
2025-05-04T21:40:00.000+0000,729626.9002615681,57533.452583903825,1092738.7455815617
2025-05-04T21:50:00.000+0000,729244.960957648,57533.452583903825,1092930.7738460088
2025-05-04T22:00:00.000+0000,730694.5775159036,57533.452583903825,1087261.7434640117
2025-05-04T22:10:00.000+0000,732751.2467831678,57533.452583903825,1086777.507699065
2025-05-04T22:20:00.000+0000,732893.0364206398,57533.452583903825,1086644.280459899
2025-05-04T22:30:00.000+0000,734272.3363572322,57533.452583903825,1081425.561714849
2025-05-04T22:40:00.000+0000,734653.747843744,57533.452583903825,1080741.549928099
2025-05-04T22:50:00.000+0000,733035.8276961596,57533.452583903825,1081433.502419001
2025-05-04T23:00:00.000+0000,733079.902987696,57533.452583903825,1079055.6909476141
2025-05-04T23:10:00.000+0000,734424.7601805435,57533.452583903825,1078611.6228192786
2025-05-04T23:20:00.000+0000,733424.8778668314,58001.269630623785,1075787.889542589
2025-05-04T23:30:00.000+0000,731638.0204972319,58001.269630623785,1074057.7478152462
2025-05-04T23:40:00.000+0000,732398.379522992,58001.269630623785,1073181.8786448305
2025-05-04T23:50:00.000+0000,733105.9415601599,58278.454705023825,1074424.1663557885
2025-05-05T00:00:00.000+0000,733732.9647599837,58278.454705023825,1073842.6928643314
2025-05-05T00:10:00.000+0000,732251.171743504,58278.454705023825,1075465.610204699
2025-05-05T00:20:00.000+0000,729543.6656425761,58278.454705023825,1077814.6526555822
2025-05-05T00:30:00.000+0000,731515.3736132961,58278.454705023825,1080045.7441615027
2025-05-05T00:40:00.000+0000,731314.6156082877,60235.589383711835,1079588.7368009344
2025-05-05T00:50:00.000+0000,730767.7074850877,60235.589383711835,1080964.662834369
2025-05-05T01:00:00.000+0000,733211.6094781439,60235.589383711835,1077975.5040373215
2025-05-05T01:10:00.000+0000,734231.8820465915,60235.589383711835,1074960.9257098748
2025-05-05T01:20:00.000+0000,734979.22013744,60235.589383711835,1073926.8660690528
2025-05-05T01:30:00.000+0000,737079.41803392,60235.589383711835,1066943.1737160713
2025-05-05T01:40:00.000+0000,737163.8652420639,60235.589383711835,1067294.7330506353
2025-05-05T01:50:00.000+0000,737110.3031860159,60235.589383711835,1067399.4024735063
2025-05-05T02:00:00.000+0000,737416.0311678082,60235.589383711835,1064274.8226621738
2025-05-05T02:10:00.000+0000,729491.7325822879,60521.54243811176,1066584.532027353
2025-05-05T02:20:00.000+0000,728933.7816204315,60521.54243811176,1073297.3813977153
2025-05-05T02:30:00.000+0000,729464.1517046557,60521.54243811176,1074129.9634074378
2025-05-05T02:40:00.000+0000,729102.2825717442,60521.54243811176,1074462.069966299
2025-05-05T02:50:00.000+0000,729043.9416818236,60521.54243811176,1074783.975150404
2025-05-05T03:00:00.000+0000,726470.2068581918,60521.54243811176,1073393.913381246
2025-05-05T03:10:00.000+0000,727179.9296853438,60521.54243811176,1072137.6338467798
2025-05-05T03:20:00.000+0000,726207.8679173759,60521.54243811176,1072695.6324137608
2025-05-05T03:30:00.000+0000,725689.4622739356,61019.092079711816,1073067.6089832073
2025-05-05T03:40:00.000+0000,725416.265586272,65790.26428595181,1073718.3523625094
2025-05-05T03:50:00.000+0000,726379.0156096,65790.26428595181,1073520.4409938832
2025-05-05T04:00:00.000+0000,726197.9156655518,65803.2253088318,1073790.9336830094
2025-05-05T04:10:00.000+0000,724919.9307720314,65803.2253088318,1073518.0579936334
2025-05-05T04:20:00.000+0000,723791.2401075038,65803.2253088318,1076758.6493450769
2025-05-05T04:30:00.000+0000,723358.6983579521,65803.2253088318,1078183.204258976
2025-05-05T04:40:00.000+0000,722950.1822125278,65803.2253088318,1079345.5790336216
2025-05-05T04:50:00.000+0000,722378.4487455038,65803.2253088318,1079457.4238664252
2025-05-05T05:00:00.000+0000,721149.9892799197,65803.2253088318,1079969.440485147
2025-05-05T05:10:00.000+0000,721378.6587578718,65803.2253088318,1078744.991590167
2025-05-05T05:20:00.000+0000,722071.0029190879,65803.2253088318,1080221.126226906
2025-05-05T05:30:00.000+0000,723297.8083489598,65803.2253088318,1080050.2391061918
2025-05-05T05:40:00.000+0000,722679.195855184,65803.2253088318,1081318.5137731312
2025-05-05T05:50:00.000+0000,722337.9240712002,65803.2253088318,1082513.6917781788
2025-05-05T06:00:00.000+0000,721626.3510653756,65803.2253088318,1084001.973434741
2025-05-05T06:10:00.000+0000,721507.6814770561,65803.2253088318,1083382.36869485
2025-05-05T06:20:00.000+0000,723230.221481744,65803.2253088318,1083952.426865543
2025-05-05T06:30:00.000+0000,724457.61855792,65803.2253088318,1084347.0391677902
2025-05-05T06:40:00.000+0000,724400.8001090718,65803.2253088318,1085038.4605584044
2025-05-05T06:50:00.000+0000,723876.6866155685,65803.2253088318,1085186.7702231118
2025-05-05T07:00:00.000+0000,724557.5943732319,65803.2253088318,1084352.0352249332
2025-05-05T07:10:00.000+0000,727232.3224575677,65803.2253088318,1084547.374922956
2025-05-05T07:20:00.000+0000,727004.6820956642,71848.2067517918,1085572.4103529486
2025-05-05T07:30:00.000+0000,727634.5445023038,72618.9766421918,1086194.5806642235
2025-05-05T07:40:00.000+0000,727457.7010103676,75701.97147163186,1086725.4210759664
2025-05-05T07:50:00.000+0000,726648.5349614883,75701.97147163186,1086739.0320413173
2025-05-05T08:00:00.000+0000,725808.5028452325,75701.97147163186,1086209.7320644585
2025-05-05T08:10:00.000+0000,725364.9072058722,75701.97147163186,1085825.4947881275
2025-05-05T08:20:00.000+0000,725817.347883536,75701.97147163186,1085762.3861032333
2025-05-05T08:30:00.000+0000,726196.1786762559,75701.97147163186,1085414.9082352219
2025-05-05T08:40:00.000+0000,726459.9335234393,75701.97147163186,1086803.4910826671
2025-05-05T08:50:00.000+0000,727442.7216634399,75701.97147163186,1085780.9186056708
2025-05-05T09:00:00.000+0000,728056.5245080155,75701.97147163186,1085830.860913064
2025-05-05T09:10:00.000+0000,728120.4333400159,75977.37537211187,1085406.829070833
2025-05-05T09:20:00.000+0000,726480.2069117436,75977.37537211187,1085622.6821521348
2025-05-05T09:30:00.000+0000,725574.6945016638,75977.37537211187,1086042.177914118
2025-05-05T09:40:00.000+0000,726613.45061144,75977.37537211187,1085644.9463642167
2025-05-05T09:50:00.000+0000,727029.0857371197,75977.37537211187,1084317.4144158452
2025-05-05T10:00:00.000+0000,728592.0555401763,75977.37537211187,1082281.5166834253
2025-05-05T10:10:00.000+0000,730885.8241960641,75977.37537211187,1080632.4617714095
2025-05-05T10:20:00.000+0000,734302.0741679359,75977.37537211187,1078932.7553401042
2025-05-05T10:30:00.000+0000,734205.315796608,75977.37537211187,1075350.616985884
2025-05-05T10:40:00.000+0000,735293.4098044637,75977.37537211187,1072370.3091146736
2025-05-05T10:50:00.000+0000,735653.9061364958,75977.37537211187,1072857.3376420431
2025-05-05T11:00:00.000+0000,732071.5428216959,77411.19100123187,1074263.439916551
2025-05-05T11:10:00.000+0000,731218.5398704158,77411.19100123187,1075443.7390968252
2025-05-05T11:20:00.000+0000,731769.1258889437,77411.19100123187,1072497.7018256113
2025-05-05T11:30:00.000+0000,736389.995493536,77411.19100123187,1070817.2799039253
2025-05-05T11:40:00.000+0000,739841.317265504,77603.43368395194,1071246.7794475737
2025-05-05T11:50:00.000+0000,738904.4360505599,78005.9951769119,1073761.6034131758
2025-05-05T12:00:00.000+0000,738306.3924085281,78005.9951769119,1072069.4440974477
2025-05-05T12:10:00.000+0000,736875.8550546877,78005.9951769119,1075116.550884444
2025-05-05T12:20:00.000+0000,736527.1787990235,78005.9951769119,1074986.1827941786
2025-05-05T12:30:00.000+0000,736764.6013089442,78005.9951769119,1075920.778327901
2025-05-05T12:40:00.000+0000,736881.8446591678,78005.9951769119,1075127.8572065278
2025-05-05T12:50:00.000+0000,738215.5586137439,78005.9951769119,1074509.2528336458
2025-05-05T13:00:00.000+0000,736975.4616656,78005.9951769119,1073547.9660520449
2025-05-05T13:10:00.000+0000,738431.656397104,78005.9951769119,1073488.509540593
2025-05-05T13:20:00.000+0000,737884.9798085277,78005.9951769119,1073095.1604075448
2025-05-05T13:30:00.000+0000,739605.615477904,78005.9951769119,1070751.2376360898
2025-05-05T13:40:00.000+0000,741805.0897496957,78284.5796309119,1069417.2269690044
2025-05-05T13:50:00.000+0000,737800.4631959521,78284.5796309119,1070673.233698233
2025-05-05T14:00:00.000+0000,735449.5223344478,78284.5796309119,1075419.7520169588
2025-05-05T14:10:00.000+0000,737422.6598805921,78284.5796309119,1074465.95243537
2025-05-05T14:20:00.000+0000,736543.5230731361,78284.5796309119,1072924.6715005687
2025-05-05T14:30:00.000+0000,734911.5056524,78284.5796309119,1072164.9053751293
2025-05-05T14:40:00.000+0000,733937.049981088,78284.5796309119,1075523.1555478647
2025-05-05T14:50:00.000+0000,733819.1716992157,78284.5796309119,1073614.2057526845
2025-05-05T15:00:00.000+0000,733451.948652864,78284.5796309119,1072026.622301489
2025-05-05T15:10:00.000+0000,733827.2099035035,78560.34963827193,1071921.6611238783
2025-05-05T15:20:00.000+0000,733030.031356944,78560.34963827193,1073463.7048122957
2025-05-05T15:30:00.000+0000,731417.0798712478,86530.78208715192,1072935.5879575848
2025-05-05T15:40:00.000+0000,733639.9198355202,98003.34199091216,1068302.4148788769
2025-05-05T15:50:00.000+0000,737153.4912878722,98003.34199091216,1069545.2412011009
2025-05-05T16:00:00.000+0000,736295.201589376,98003.34199091216,1071169.0131698013
2025-05-05T16:10:00.000+0000,734439.1438244159,98003.34199091216,1072916.5579518615
2025-05-05T16:20:00.000+0000,734222.2480999201,98003.34199091216,1077042.404063988
2025-05-05T16:30:00.000+0000,734062.2532582723,98003.34199091216,1077032.4742713207
2025-05-05T16:40:00.000+0000,734951.4270696964,98003.34199091216,1077360.747722535
2025-05-05T16:50:00.000+0000,735330.3426745124,98003.34199091216,1076561.7346988278
2025-05-05T17:00:00.000+0000,734323.7556888323,98003.34199091216,1076282.8296594326
2025-05-05T17:10:00.000+0000,734090.5945670721,98003.34199091216,1075407.2273790399
2025-05-05T17:20:00.000+0000,733507.546798736,98003.34199091216,1077726.403462769
2025-05-05T17:30:00.000+0000,730786.1557146884,98003.34199091216,1079471.8104632548
2025-05-05T17:40:00.000+0000,730668.1187998243,98003.34199091216,1080756.262359941
2025-05-05T17:50:00.000+0000,730910.6126893922,98003.34199091216,1081028.3233039726
2025-05-05T18:00:00.000+0000,729796.7100050085,98003.34199091216,1080557.7785038154
2025-05-05T18:10:00.000+0000,729327.491700192,101241.20242867206,1082522.457698563
2025-05-05T18:20:00.000+0000,729173.6688370081,101373.34303155198,1082047.711369105
2025-05-05T18:30:00.000+0000,725978.9198624643,101373.34303155198,1082809.3604042132
2025-05-05T18:40:00.000+0000,725573.6617884958,101373.34303155198,1086838.9812161215
2025-05-05T18:50:00.000+0000,725867.7009488319,101373.34303155198,1085759.0609642344
2025-05-05T19:00:00.000+0000,724972.596325856,101373.34303155198,1085995.9308967704
2025-05-05T19:10:00.000+0000,725433.522529664,101373.34303155198,1086968.7479588008
2025-05-05T19:20:00.000+0000,727648.3162360961,102017.3713963519,1085446.113120114
2025-05-05T19:30:00.000+0000,728831.2191560963,102017.3713963519,1083982.0736011707
2025-05-05T19:40:00.000+0000,730232.2015528317,102017.3713963519,1083796.038132594
2025-05-05T19:50:00.000+0000,731153.3498242081,102017.3713963519,1082530.2722159328
2025-05-05T20:00:00.000+0000,732377.3090928318,102017.3713963519,1081033.6136344066
2025-05-05T20:10:00.000+0000,736019.6291838081,102017.3713963519,1081073.198038005
2025-05-05T20:20:00.000+0000,736688.1349110396,102017.3713963519,1080305.6824688246
2025-05-05T20:30:00.000+0000,739404.4318936317,102017.3713963519,1074722.8422688292
2025-05-05T20:40:00.000+0000,740586.1797783996,102017.3713963519,1075719.2536296775
2025-05-05T20:50:00.000+0000,738248.4824935517,102294.57985203195,1077873.7296985837
2025-05-05T21:00:00.000+0000,736897.43653568,102294.57985203195,1079013.857013417
2025-05-05T21:10:00.000+0000,734594.057194496,102294.57985203195,1081918.740168597
2025-05-05T21:20:00.000+0000,732566.0113501598,102294.57985203195,1083241.4553030403
2025-05-05T21:30:00.000+0000,733784.8745588958,102294.57985203195,1080603.260822887
2025-05-05T21:40:00.000+0000,734434.1072568959,102294.57985203195,1082695.5904203113
2025-05-05T21:50:00.000+0000,732873.6512012322,102294.57985203195,1084550.980973193
2025-05-05T22:00:00.000+0000,732385.7493751997,102294.57985203195,1085074.2501901158
2025-05-05T22:10:00.000+0000,731267.2693755997,102294.57985203195,1085849.2740328705
2025-05-05T22:20:00.000+0000,732364.8910751998,102294.57985203195,1086638.2173946782
2025-05-05T22:30:00.000+0000,730227.9852485758,102294.57985203195,1087913.9115558558
2025-05-05T22:40:00.000+0000,729487.3002909597,102294.57985203195,1089747.0502379327
2025-05-05T22:50:00.000+0000,730072.8844285756,102411.20417787199,1089450.4354138158
2025-05-05T23:00:00.000+0000,731183.49434928,102411.20417787199,1089427.7507388971
2025-05-05T23:10:00.000+0000,731360.4334446724,102411.20417787199,1089748.2133723546
2025-05-05T23:20:00.000+0000,732127.845743296,102411.20417787199,1088379.1007953482
2025-05-05T23:30:00.000+0000,733476.5108873444,102411.20417787199,1087654.7006509402
2025-05-05T23:40:00.000+0000,734179.2936909602,102411.20417787199,1086345.0752243204
2025-05-05T23:50:00.000+0000,735586.1563996801,102411.20417787199,1085216.7377557291
2025-05-06T00:00:00.000+0000,736201.9627002082,102411.20417787199,1083912.0730552524
2025-05-06T00:10:00.000+0000,737242.1179098081,102411.20417787199,1082426.4015908998
2025-05-06T00:20:00.000+0000,736170.9106017761,102411.20417787199,1082191.8412234723
2025-05-06T00:30:00.000+0000,736088.3618136799,102411.20417787199,1082056.4323646175
2025-05-06T00:40:00.000+0000,739300.4648138881,102411.20417787199,1080610.7241973262
2025-05-06T00:50:00.000+0000,738685.3482811041,102411.20417787199,1080862.5018604936
2025-05-06T01:00:00.000+0000,737671.7473310882,102411.20417787199,1080530.580647751
2025-05-06T01:10:00.000+0000,734905.3286579519,102411.20417787199,1082183.8861694194
2025-05-06T01:20:00.000+0000,733971.6711220001,102411.20417787199,1083452.7605891023
2025-05-06T01:30:00.000+0000,736677.212815712,102411.20417787199,1078920.703519233
2025-05-06T01:40:00.000+0000,737933.8722032956,102411.20417787199,1076639.30273719
2025-05-06T01:50:00.000+0000,738905.0255186076,102411.20417787199,1076164.5226706539
2025-05-06T02:00:00.000+0000,738964.1101330721,102411.20417787199,1075299.844679573
2025-05-06T02:10:00.000+0000,741388.2173746082,102411.20417787199,1073532.932569543
2025-05-06T02:20:00.000+0000,744269.576641648,102411.20417787199,1071083.3992783749
2025-05-06T02:30:00.000+0000,742815.1315293281,102411.20417787199,1071119.326955621
2025-05-06T02:40:00.000+0000,740092.0471210239,102678.18252419197,1072752.657565201
2025-05-06T02:50:00.000+0000,739645.4315795201,102678.18252419197,1074457.5410757114
2025-05-06T03:00:00.000+0000,739872.6322534563,102678.18252419197,1073930.7117422263
2025-05-06T03:10:00.000+0000,740001.1287739363,102678.18252419197,1073523.274127346
2025-05-06T03:20:00.000+0000,737605.63632224,102678.18252419197,1073805.8649857196
2025-05-06T03:30:00.000+0000,735716.4594737598,102678.18252419197,1075992.4200063257
2025-05-06T03:40:00.000+0000,732894.2573031521,102678.18252419197,1076025.7327095973
2025-05-06T03:50:00.000+0000,732723.4536954401,104812.12330475193,1076803.5985800526
2025-05-06T04:00:00.000+0000,733118.2021438399,104812.12330475193,1075439.2199510098
2025-05-06T04:10:00.000+0000,731658.4501004642,104812.12330475193,1075612.48237607
2025-05-06T04:20:00.000+0000,730642.5097434719,104812.12330475193,1077530.7225121893
2025-05-06T04:30:00.000+0000,730627.0745215357,104812.12330475193,1077465.5055951353
2025-05-06T04:40:00.000+0000,732153.5239842562,104812.12330475193,1076842.400566389
2025-05-06T04:50:00.000+0000,732442.73744824,104812.12330475193,1077967.4235060238
2025-05-06T05:00:00.000+0000,733273.3203299356,104812.12330475193,1077254.2746442044
2025-05-06T05:10:00.000+0000,732882.2587896477,104812.12330475193,1076551.0463776898
2025-05-06T05:20:00.000+0000,733628.7858298562,104812.12330475193,1075340.1532684898
2025-05-06T05:30:00.000+0000,733354.9099459837,104812.12330475193,1074672.2034305034
2025-05-06T05:40:00.000+0000,732560.0707664321,104812.12330475193,1075086.8886196958
2025-05-06T05:50:00.000+0000,733419.8401602239,104812.12330475193,1074117.6777003654
2025-05-06T06:00:00.000+0000,732293.3654615043,104812.12330475193,1074990.0177209177
2025-05-06T06:10:00.000+0000,732136.612524256,104812.12330475193,1076117.5173610584
2025-05-06T06:20:00.000+0000,732803.4593796481,104812.12330475193,1076619.3386145441
2025-05-06T06:30:00.000+0000,732914.3331496157,104812.12330475193,1075866.8352675359
2025-05-06T06:40:00.000+0000,732620.138873472,104812.12330475193,1077201.182032798
2025-05-06T06:50:00.000+0000,731964.6499044958,104812.12330475193,1077461.85369724
2025-05-06T07:00:00.000+0000,730266.5092846719,104812.12330475193,1078921.859052056
2025-05-06T07:10:00.000+0000,731091.1997041119,104812.12330475193,1077941.3511443962
2025-05-06T07:20:00.000+0000,732465.961114432,85124.56030475191,1077865.9664075018
2025-05-06T07:30:00.000+0000,732365.4868976319,85124.56030475191,1076741.0078448008
2025-05-06T07:40:00.000+0000,734185.9922672799,85124.56030475191,1076912.4824264364
2025-05-06T07:50:00.000+0000,735174.7032052481,85124.56030475191,1077688.545201735
2025-05-06T08:00:00.000+0000,736176.2732876638,85124.56030475191,1075849.774733374
2025-05-06T08:10:00.000+0000,739935.833591376,85124.56030475191,1071796.6588691878
2025-05-06T08:20:00.000+0000,745003.7081257119,85124.56030475191,1070236.9037087427
2025-05-06T08:30:00.000+0000,741190.9361454239,85124.56030475191,1072175.2369063012
2025-05-06T08:40:00.000+0000,741336.7445652958,85124.56030475191,1072931.401439188
2025-05-06T08:50:00.000+0000,740834.5209658557,85124.56030475191,1073931.5683791824
2025-05-06T09:00:00.000+0000,741230.8810639037,85124.56030475191,1073619.301372159
2025-05-06T09:10:00.000+0000,741506.974951952,85124.56030475191,1072379.8985308795
2025-05-06T09:20:00.000+0000,743438.1205985119,85124.56030475191,1071965.6813824957
2025-05-06T09:30:00.000+0000,744087.0424453916,85491.4179836319,1071804.4141375218
2025-05-06T09:40:00.000+0000,746453.913252736,84048.68110363199,1070479.2453399082
2025-05-06T09:50:00.000+0000,747120.0413100319,84048.68110363199,1071799.0665006947
2025-05-06T10:00:00.000+0000,747993.9251432321,84048.68110363199,1072371.4756200227
2025-05-06T10:10:00.000+0000,750264.4710721758,84048.68110363199,1071066.4320260836
2025-05-06T10:20:00.000+0000,749693.9127043199,84048.68110363199,1071651.3181605088
2025-05-06T10:30:00.000+0000,751765.3287447203,84241.68817435195,1071185.1360668275
2025-05-06T10:40:00.000+0000,752942.2172600956,85334.58905363201,1066389.4163306833
2025-05-06T10:50:00.000+0000,754429.7024192164,89654.04612131212,1066156.896994964
2025-05-06T11:00:00.000+0000,754695.3968135201,96111.30078163212,1067058.3805605774
2025-05-06T11:10:00.000+0000,755044.524188,99581.64118651226,1068028.3864215305
2025-05-06T11:20:00.000+0000,756089.4649261124,99581.64118651226,1065522.984322956
2025-05-06T11:30:00.000+0000,757273.5737606082,99581.64118651226,1062788.627645993
2025-05-06T11:40:00.000+0000,759423.2178484644,99581.64118651226,1062445.1826218916
2025-05-06T11:50:00.000+0000,759879.1607221281,99835.39072435234,1058586.1959227342
2025-05-06T12:00:00.000+0000,758439.1920393923,99835.39072435234,1061421.554733786
2025-05-06T12:10:00.000+0000,758581.9764803846,101024.69132211235,1062721.882542869
2025-05-06T12:20:00.000+0000,759088.6127268805,103828.30763331246,1061899.5708359042
2025-05-06T12:30:00.000+0000,759948.8493865607,114243.95884099249,1062758.2396486967
2025-05-06T12:40:00.000+0000,759778.5099672005,117561.99168947262,1063213.1260248106
2025-05-06T12:50:00.000+0000,759555.3595504647,117561.99168947262,1064394.8926195288
2025-05-06T13:00:00.000+0000,759501.5818670564,119135.96000667261,1060054.5947286924
2025-05-06T13:10:00.000+0000,760379.1690552004,127869.59640355257,1059739.1331648396
2025-05-06T13:20:00.000+0000,761206.8977420805,129324.84167523263,1058377.4074747586
2025-05-06T13:30:00.000+0000,761096.2668776327,175350.6783257925,1058470.8305826527
2025-05-06T13:40:00.000+0000,759464.0650645284,185469.5403549126,1058410.5578692476
2025-05-06T13:50:00.000+0000,760534.9862900486,185445.29991123264,1055202.6399542738
2025-05-06T14:00:00.000+0000,755179.8243296645,185726.45800467263,1059450.7849971657
2025-05-06T14:10:00.000+0000,751508.9419668005,186581.1347158727,1063211.4628409736
2025-05-06T14:20:00.000+0000,749973.7128734087,182000.62129443267,1066426.0762021802
2025-05-06T14:30:00.000+0000,751304.7770234728,182000.62129443267,1065676.8045676195
2025-05-06T14:40:00.000+0000,752237.1413348325,184133.2812005127,1064314.4129680928
2025-05-06T14:50:00.000+0000,752855.0300680808,184133.2812005127,1062768.614345927
2025-05-06T15:00:00.000+0000,754228.4407798247,184133.2812005127,1060447.776489199
2025-05-06T15:10:00.000+0000,753583.9934304806,184133.2812005127,1061167.1495200652
2025-05-06T15:20:00.000+0000,752830.2823221288,184133.2812005127,1065435.688528886
2025-05-06T15:30:00.000+0000,752356.9434763849,184339.7768717127,1066834.7366363509
2025-05-06T15:40:00.000+0000,752505.7373060167,184339.7768717127,1067119.9466975285
2025-05-06T15:50:00.000+0000,754904.4800953607,184339.7768717127,1065576.7889522777
2025-05-06T16:00:00.000+0000,756507.6002524167,184339.7768717127,1063323.3486370766
2025-05-06T16:10:00.000+0000,754997.8304153127,184339.7768717127,1063217.2949870434
2025-05-06T16:20:00.000+0000,755900.5597536328,184339.7768717127,1064229.7978964453
2025-05-06T16:30:00.000+0000,755197.2958152327,184339.7768717127,1065948.6872562836
2025-05-06T16:40:00.000+0000,755462.8900896969,184339.7768717127,1064308.6400820587
2025-05-06T16:50:00.000+0000,757813.4103079849,184339.7768717127,1061906.550955285
2025-05-06T17:00:00.000+0000,756613.427103153,184372.79943251272,1062210.827531485
2025-05-06T17:10:00.000+0000,754542.502469313,184471.80116771272,1065694.6155580494
2025-05-06T17:20:00.000+0000,754489.9283223047,184471.80116771272,1066795.6279657807
2025-05-06T17:30:00.000+0000,754519.6837189288,184471.80116771272,1068887.2486726267
2025-05-06T17:40:00.000+0000,756276.2058561447,184471.80116771272,1066261.4685179417
2025-05-06T17:50:00.000+0000,756926.2091172008,184471.80116771272,1065523.111928638
2025-05-06T18:00:00.000+0000,754646.8083178248,184471.80116771272,1066993.1852113563
2025-05-06T18:10:00.000+0000,753027.6731030728,184471.80116771272,1067445.0778143378
2025-05-06T18:20:00.000+0000,750415.1102467368,184612.66078979272,1070198.5823149262
2025-05-06T18:30:00.000+0000,751250.1006595849,184612.66078979272,1071381.662057343
2025-05-06T18:40:00.000+0000,752785.8505360167,184612.66078979272,1070727.4247200226
2025-05-06T18:50:00.000+0000,749981.0740736806,184612.66078979272,1071410.121254304
2025-05-06T19:00:00.000+0000,748526.9667708967,184612.66078979272,1074550.7230407898
2025-05-06T19:10:00.000+0000,750516.5183353128,184612.66078979272,1074617.2335792095
2025-05-06T19:20:00.000+0000,749833.9576010888,184612.66078979272,1074860.209393208
2025-05-06T19:30:00.000+0000,749695.1898042088,184612.66078979272,1075848.285859859
2025-05-06T19:40:00.000+0000,750294.0070668489,184612.66078979272,1076495.4872884692
2025-05-06T19:50:00.000+0000,751702.0034678887,184612.66078979272,1074649.9774002898
2025-05-06T20:00:00.000+0000,751981.2563866889,185689.77640739272,1074052.4945065742
2025-05-06T20:10:00.000+0000,751938.0771577288,185689.77640739272,1075030.063773981
2025-05-06T20:20:00.000+0000,753387.5439359049,185689.77640739272,1071667.3448550783
2025-05-06T20:30:00.000+0000,756013.9275068168,185689.77640739272,1067989.1996090177
2025-05-06T20:40:00.000+0000,757856.4264175448,188181.8455059127,1068220.8166001982
2025-05-06T20:50:00.000+0000,757618.5330646008,188181.8455059127,1067779.8558890482
2025-05-06T21:00:00.000+0000,757104.3184456566,190248.6347507127,1069983.6314875425
2025-05-06T21:10:00.000+0000,757833.2517521208,190248.6347507127,1069624.2936166117
2025-05-06T21:20:00.000+0000,759659.6613845767,190248.6347507127,1066310.7618997768
2025-05-06T21:30:00.000+0000,762895.6257703926,190248.6347507127,1066300.7752402327
2025-05-06T21:40:00.000+0000,762223.3542981688,190248.6347507127,1069287.8749358482
2025-05-06T21:50:00.000+0000,759985.8712977045,190248.6347507127,1070064.620652093
2025-05-06T22:00:00.000+0000,752716.7865914088,190248.6347507127,1073404.4800199259
2025-05-06T22:10:00.000+0000,749697.8117249926,190248.6347507127,1077610.4413507571
2025-05-06T22:20:00.000+0000,747833.3611996167,192393.8941691127,1082522.073956381
2025-05-06T22:30:00.000+0000,747143.4027682886,192393.8941691127,1083330.6112357285
2025-05-06T22:40:00.000+0000,744972.5711640166,193857.21700356872,1085505.990188656
2025-05-06T22:50:00.000+0000,745767.4849638246,193857.21700356872,1087149.4937020454
2025-05-06T23:00:00.000+0000,746283.4454449606,193857.21700356872,1085181.1792206753
2025-05-06T23:10:00.000+0000,746650.7935112166,193857.21700356872,1085446.3562788176
2025-05-06T23:20:00.000+0000,745542.9172831527,192921.5178435687,1088605.2174786676
2025-05-06T23:30:00.000+0000,746378.5935468806,192921.5178435687,1089406.4230021269
2025-05-06T23:40:00.000+0000,746210.1656970407,193466.7951924327,1090725.5563944313
2025-05-06T23:50:00.000+0000,745848.2978431047,193695.69572539272,1092744.7385156145
2025-05-07T00:00:00.000+0000,744872.4278502406,175717.09772539267,1093344.256480053
2025-05-07T00:10:00.000+0000,741978.4846783848,175717.09772539267,1093824.0035092642
2025-05-07T00:20:00.000+0000,739306.6237622725,173438.22702539267,1098548.4386901886
2025-05-07T00:30:00.000+0000,740974.2409404006,173438.22702539267,1101759.9544806546
2025-05-07T00:40:00.000+0000,740538.1133218405,173438.22702539267,1102339.0939167428
2025-05-07T00:50:00.000+0000,740234.1807528648,171101.0244547527,1103044.3877089105
2025-05-07T01:00:00.000+0000,738551.0371857926,171101.0244547527,1105898.786480199
2025-05-07T01:10:00.000+0000,738008.7720652167,171101.0244547527,1105465.749953471
2025-05-07T01:20:00.000+0000,737578.4483198407,171101.0244547527,1106773.175137743
2025-05-07T01:30:00.000+0000,737953.9637070087,171101.0244547527,1106238.937056454
2025-05-07T01:40:00.000+0000,737872.6485212408,171101.0244547527,1103511.8555477331
2025-05-07T01:50:00.000+0000,737426.425195713,173211.73333571272,1100775.1357209336
2025-05-07T02:00:00.000+0000,738728.3900199289,173211.73333571272,1097971.903813089
2025-05-07T02:10:00.000+0000,740615.6597053607,173211.73333571272,1097592.8042410598
2025-05-07T02:20:00.000+0000,739260.9030284408,173211.73333571272,1097818.4613192293
2025-05-07T02:30:00.000+0000,740334.8820872968,173211.73333571272,1097276.0872542877
2025-05-07T02:40:00.000+0000,742669.0039547685,173211.73333571272,1095769.2438223418
2025-05-07T02:50:00.000+0000,743923.5589272329,173211.73333571272,1093196.7203190806
2025-05-07T03:00:00.000+0000,744591.5411436085,173395.7599965127,1092005.1788695757
2025-05-07T03:10:00.000+0000,746118.6491490727,173395.7599965127,1089398.3924640643
2025-05-07T03:20:00.000+0000,745105.3506968648,173395.7599965127,1088199.5100622294
2025-05-07T03:30:00.000+0000,744674.360235289,173395.7599965127,1091821.4535887078
2025-05-07T03:40:00.000+0000,744278.7097590887,173395.7599965127,1091788.108421883
2025-05-07T03:50:00.000+0000,743384.8964922004,173395.7599965127,1092108.123094721
2025-05-07T04:00:00.000+0000,743385.1731207207,173395.7599965127,1093135.2591488273
2025-05-07T04:10:00.000+0000,742620.3403768006,173395.7599965127,1094795.9747824455
2025-05-07T04:20:00.000+0000,743117.8038973527,173395.7599965127,1093698.0606403083
2025-05-07T04:30:00.000+0000,744855.0879873286,173395.7599965127,1092378.0879180946
2025-05-07T04:40:00.000+0000,744430.8735006328,173395.7599965127,1091551.6037726128
2025-05-07T04:50:00.000+0000,744312.3933906086,173395.7599965127,1091497.430749909
2025-05-07T05:00:00.000+0000,744245.682032425,173395.7599965127,1091865.7395701013
2025-05-07T05:10:00.000+0000,744305.6493301768,173395.7599965127,1091698.2485250114
2025-05-07T05:20:00.000+0000,743232.1015260407,173395.7599965127,1091440.231396215
2025-05-07T05:30:00.000+0000,743309.7850494646,173395.7599965127,1090987.3536321856
2025-05-07T05:40:00.000+0000,745054.3705336486,173395.7599965127,1090367.5892211832
2025-05-07T05:50:00.000+0000,745945.0536166888,173395.7599965127,1090297.4032394472
2025-05-07T06:00:00.000+0000,744026.2033159767,173395.7599965127,1090970.2389575972
2025-05-07T06:10:00.000+0000,743110.1765041526,173395.7599965127,1094287.4717881503
2025-05-07T06:20:00.000+0000,744698.5955415205,173323.8397965127,1092363.2716465574
2025-05-07T06:30:00.000+0000,746279.8415197048,173323.8397965127,1091582.9767002603
2025-05-07T06:40:00.000+0000,745377.2174471046,173323.8397965127,1091117.1751845842
2025-05-07T06:50:00.000+0000,743790.2828712168,173323.8397965127,1092304.068461623
2025-05-07T07:00:00.000+0000,742284.8176976246,173323.8397965127,1093253.9691523986
2025-05-07T07:10:00.000+0000,741653.7872561606,173323.8397965127,1094246.8347475056
2025-05-07T07:20:00.000+0000,739796.9898334008,173323.8397965127,1095285.7158906367
2025-05-07T07:30:00.000+0000,739178.5706648409,173323.8397965127,1095468.8561147945
2025-05-07T07:40:00.000+0000,737896.5778002648,173323.8397965127,1096252.4795691757
2025-05-07T07:50:00.000+0000,738436.5072208968,173323.8397965127,1097668.790955509
2025-05-07T08:00:00.000+0000,738798.4829984247,173323.8397965127,1098326.8783843636
2025-05-07T08:10:00.000+0000,739962.1467221047,173323.8397965127,1097462.0729550277
2025-05-07T08:20:00.000+0000,738362.7570782487,173323.8397965127,1098284.8249743208
2025-05-07T08:30:00.000+0000,737212.5324247048,173354.7536456327,1099098.635183671
2025-05-07T08:40:00.000+0000,735498.7033656808,173354.7536456327,1101172.1104873735
2025-05-07T08:50:00.000+0000,735857.3453923448,173354.7536456327,1100531.0531386724
2025-05-07T09:00:00.000+0000,735866.4329165046,173394.28599443272,1101186.5643888633
2025-05-07T09:10:00.000+0000,736800.5042411607,173394.28599443272,1100166.0466938484
2025-05-07T09:20:00.000+0000,737039.2892202325,173394.28599443272,1100401.9620575788
2025-05-07T09:30:00.000+0000,737506.2118130886,173394.28599443272,1099870.4615600628
2025-05-07T09:40:00.000+0000,736688.4522545207,173394.28599443272,1101556.6854100323
2025-05-07T09:50:00.000+0000,737251.4762247207,173394.28599443272,1101626.7223727866
2025-05-07T10:00:00.000+0000,736328.2070614165,173394.28599443272,1101219.3598345825
2025-05-07T10:10:00.000+0000,736180.7510606648,174677.5825352327,1100681.0232580036
2025-05-07T10:20:00.000+0000,736321.6297674647,174677.5825352327,1098920.0853165796
2025-05-07T10:30:00.000+0000,736271.8971753927,174677.5825352327,1097887.9791073499
2025-05-07T10:40:00.000+0000,734963.3837342648,174677.5825352327,1100275.3519469872
2025-05-07T10:50:00.000+0000,736318.7763620166,174677.5825352327,1099652.116661073
2025-05-07T11:00:00.000+0000,738313.3979271846,174677.5825352327,1098561.8198351192
2025-05-07T11:10:00.000+0000,739456.5464961287,174677.5825352327,1099860.9445782572
2025-05-07T11:20:00.000+0000,739597.4293396168,174677.5825352327,1098991.5049098115
2025-05-07T11:30:00.000+0000,739745.7240488649,174677.5825352327,1099085.4803783237
2025-05-07T11:40:00.000+0000,738745.5950526567,174677.5825352327,1099929.0218701237
2025-05-07T11:50:00.000+0000,736790.1991818089,174677.5825352327,1099398.0338950867
2025-05-07T12:00:00.000+0000,736194.3495631528,174677.5825352327,1098225.6926335492
2025-05-07T12:10:00.000+0000,738405.8517648967,174677.5825352327,1097916.264326307
2025-05-07T12:20:00.000+0000,737987.5761033368,174677.5825352327,1097405.2177112058
2025-05-07T12:30:00.000+0000,739593.5870059448,174677.5825352327,1096102.037130751
2025-05-07T12:40:00.000+0000,741722.7603535047,174677.5825352327,1096012.1174547058
2025-05-07T12:50:00.000+0000,741575.5404037606,174677.5825352327,1096892.1346621567
2025-05-07T13:00:00.000+0000,742928.5336225769,174677.5825352327,1094996.481178486
2025-05-07T13:10:00.000+0000,744232.670757553,175928.23149500872,1094195.4042239685
2025-05-07T13:20:00.000+0000,744619.4170428086,175928.23149500872,1093279.2997587807
2025-05-07T13:30:00.000+0000,742067.9375806329,176008.5476406487,1094253.982884826
2025-05-07T13:40:00.000+0000,739808.2446423447,177060.86771056874,1094520.4211904812
2025-05-07T13:50:00.000+0000,740535.3809020487,172939.8727105687,1094382.0903511802
2025-05-07T14:00:00.000+0000,740245.2482540009,173060.1234329687,1096309.532903121
2025-05-07T14:10:00.000+0000,740003.8522154489,173178.80317316073,1097513.7937647228
2025-05-07T14:20:00.000+0000,738826.3114123207,173178.80317316073,1097469.674828106
2025-05-07T14:30:00.000+0000,738863.8269258806,173178.80317316073,1098737.9449879061
2025-05-07T14:40:00.000+0000,740918.5518298807,173178.80317316073,1095198.869836955
2025-05-07T14:50:00.000+0000,743271.4544806967,173178.80317316073,1091783.288320281
2025-05-07T15:00:00.000+0000,743590.2229117767,173178.80317316073,1091056.3776485892
2025-05-07T15:10:00.000+0000,744377.6162128008,173178.80317316073,1091783.3479612207
2025-05-07T15:20:00.000+0000,744273.6018309286,173178.80317316073,1092538.8726258362
2025-05-07T15:30:00.000+0000,745673.8978272248,173178.80317316073,1091060.1675416434
2025-05-07T15:40:00.000+0000,744881.8927585687,173178.80317316073,1090746.2956312601
2025-05-07T15:50:00.000+0000,746094.6690707209,173178.80317316073,1090112.3615616094
2025-05-07T16:00:00.000+0000,748241.3986020888,174233.80809348077,1088675.5936112606
2025-05-07T16:10:00.000+0000,749056.0267078246,174233.80809348077,1087926.9037970325
2025-05-07T16:20:00.000+0000,750648.3772974327,174233.80809348077,1085891.1829503083
2025-05-07T16:30:00.000+0000,752605.8795917928,174233.80809348077,1085226.5584774124
2025-05-07T16:40:00.000+0000,750918.1769449047,175852.76868804081,1087168.0910584154
2025-05-07T16:50:00.000+0000,750072.1498784488,176668.76296996087,1090551.362020437
2025-05-07T17:00:00.000+0000,750964.6973787607,177438.89197348076,1089730.4180172198
2025-05-07T17:10:00.000+0000,752518.7053370328,177438.89197348076,1089054.0483198282
2025-05-07T17:20:00.000+0000,751370.8465093126,177438.89197348076,1088509.990901161
2025-05-07T17:30:00.000+0000,751315.6193264327,177438.89197348076,1086867.2092394647
2025-05-07T17:40:00.000+0000,749944.6396682889,177438.89197348076,1086642.8351323735
2025-05-07T17:50:00.000+0000,749132.8303457206,177438.89197348076,1082222.0583811011
2025-05-07T18:00:00.000+0000,745485.9042824727,177438.89197348076,1080527.5495761097
2025-05-07T18:10:00.000+0000,745007.8615228729,180099.71630972082,1080914.297288183
2025-05-07T18:20:00.000+0000,744113.6101167768,180099.71630972082,1087656.704200135
2025-05-07T18:30:00.000+0000,742342.673880073,180099.71630972082,1088334.2265656658
2025-05-07T18:40:00.000+0000,742792.0984425608,180099.71630972082,1084694.5513505791
2025-05-07T18:50:00.000+0000,744155.2633275288,180099.71630972082,1082840.233189931
2025-05-07T19:00:00.000+0000,744406.8833903128,180217.64469148085,1086315.8697018803
2025-05-07T19:10:00.000+0000,746595.915742329,180217.64469148085,1086167.8274819737
2025-05-07T19:20:00.000+0000,747335.8547671688,180217.64469148085,1081650.6486830213
2025-05-07T19:30:00.000+0000,749878.1367332329,184499.54405937684,1079504.6648246674
2025-05-07T19:40:00.000+0000,746544.8602494248,184538.36317921683,1082391.9377657461
2025-05-07T19:50:00.000+0000,749300.4159998568,184538.36317921683,1083192.1996984521
2025-05-07T20:00:00.000+0000,750390.1866253449,184538.36317921683,1083128.3468377509
2025-05-07T20:10:00.000+0000,749291.9975600011,185052.71856545683,1084624.9672217518
2025-05-07T20:20:00.000+0000,749058.6320818568,186638.46755057684,1083746.1854513357
2025-05-07T20:30:00.000+0000,749359.3111060489,186638.46755057684,1083700.6253730673
2025-05-07T20:40:00.000+0000,749776.670711041,186638.46755057684,1082260.0026409612
2025-05-07T20:50:00.000+0000,748130.8788187049,186638.46755057684,1085424.5489371985
2025-05-07T21:00:00.000+0000,747848.7553781606,186638.46755057684,1087075.2536480245
2025-05-07T21:10:00.000+0000,746978.0075741289,186638.46755057684,1089157.3894302056
2025-05-07T21:20:00.000+0000,744768.206010785,187496.39745713686,1090727.6100346744
2025-05-07T21:30:00.000+0000,743445.9836355848,187496.39745713686,1090769.7647438094
2025-05-07T21:40:00.000+0000,743975.3767220329,187496.39745713686,1092091.078620511
2025-05-07T21:50:00.000+0000,743283.934838417,187496.39745713686,1091410.1714338758
2025-05-07T22:00:00.000+0000,740350.5740858729,187496.39745713686,1093515.7224519802
2025-05-07T22:10:00.000+0000,739573.410054881,187496.39745713686,1093366.4198882342
2025-05-07T22:20:00.000+0000,741720.9884166407,187496.39745713686,1093080.1539554752
2025-05-07T22:30:00.000+0000,738868.5062494248,187496.39745713686,1094367.95876449
2025-05-07T22:40:00.000+0000,739130.8518049449,187496.39745713686,1096781.3492027277
2025-05-07T22:50:00.000+0000,739010.668588497,187771.63409153683,1096536.329537187
2025-05-07T23:00:00.000+0000,738654.9299272809,187771.63409153683,1096900.2435544387
2025-05-07T23:10:00.000+0000,738566.2680935368,187972.47129313683,1098789.0487157584
2025-05-07T23:20:00.000+0000,739298.558751969,187972.47129313683,1097447.0784874808
2025-05-07T23:30:00.000+0000,740539.9123539849,187972.47129313683,1095349.0312797404
2025-05-07T23:40:00.000+0000,740888.9133296646,187972.47129313683,1093316.0447346403
2025-05-07T23:50:00.000+0000,740797.4571531849,187972.47129313683,1093643.3220019047
2025-05-08T00:00:00.000+0000,739345.1418956168,187972.47129313683,1093837.4939659033
2025-05-08T00:10:00.000+0000,739518.7577317448,187972.47129313683,1094571.5583743388
2025-05-08T00:20:00.000+0000,739538.4618358408,189467.71603961685,1095012.336605896
2025-05-08T00:30:00.000+0000,739728.9015820647,189467.71603961685,1093127.6181561295
2025-05-08T00:40:00.000+0000,741026.5300081768,189467.71603961685,1093039.2283525388
2025-05-08T00:50:00.000+0000,736707.4168651367,189467.71603961685,1094614.3699374744
2025-05-08T01:00:00.000+0000,733129.8459133768,189467.71603961685,1106000.1339893963
2025-05-08T01:10:00.000+0000,734823.4120157446,189781.74011921673,1101496.1613612338
2025-05-08T01:20:00.000+0000,734100.2450325289,189781.74011921673,1104565.526121017
2025-05-08T01:30:00.000+0000,735116.8058527528,189781.74011921673,1103887.2274850565
2025-05-08T01:40:00.000+0000,736408.9820841127,190652.25964601676,1102321.9161221676
2025-05-08T01:50:00.000+0000,736849.5549636167,190928.18872601667,1100285.5394175788
2025-05-08T02:00:00.000+0000,737464.0669604167,190928.18872601667,1102624.3156563004
2025-05-08T02:10:00.000+0000,736423.2269990565,194041.27506297673,1104413.877340946
2025-05-08T02:20:00.000+0000,732868.0574917926,195020.00565161658,1106160.9092315966
2025-05-08T02:30:00.000+0000,732089.8618267684,203459.9724722567,1111636.2502243088
2025-05-08T02:40:00.000+0000,731462.2465409926,203459.9724722567,1111969.5031634802
2025-05-08T02:50:00.000+0000,730929.0308151047,203459.9724722567,1112180.4042097582
2025-05-08T03:00:00.000+0000,729528.8360277768,204307.79766905672,1111447.9494892107
2025-05-08T03:10:00.000+0000,727080.0405526407,204307.79766905672,1116010.8685627747
2025-05-08T03:20:00.000+0000,726074.6745094247,204307.79766905672,1117334.3658856256
2025-05-08T03:30:00.000+0000,725174.0499659209,207324.19501913674,1116960.8823904395
2025-05-08T03:40:00.000+0000,723101.2178592806,207785.97050297674,1120096.6290766932
2025-05-08T03:50:00.000+0000,723148.129519905,211976.90157377685,1123634.7690515425
2025-05-08T04:00:00.000+0000,721231.5555666569,211976.90157377685,1130589.0723707667
2025-05-08T04:10:00.000+0000,720428.1088386569,211976.90157377685,1130447.1973578043
2025-05-08T04:20:00.000+0000,720443.9079892167,211976.90157377685,1131613.26832709
2025-05-08T04:30:00.000+0000,721641.6189532968,211976.90157377685,1132040.8774052416
2025-05-08T04:40:00.000+0000,722789.9154006409,211976.90157377685,1129169.4776455048
2025-05-08T04:50:00.000+0000,726442.3360247209,211976.90157377685,1126964.6832422684
2025-05-08T05:00:00.000+0000,724751.909188929,211976.90157377685,1127384.68387844
2025-05-08T05:10:00.000+0000,725774.8472033129,211976.90157377685,1125501.0194298655
2025-05-08T05:20:00.000+0000,726005.2340063048,211976.90157377685,1124360.661964084
2025-05-08T05:30:00.000+0000,725234.6773851527,211976.90157377685,1125876.492916319
2025-05-08T05:40:00.000+0000,724566.425934337,211976.90157377685,1126602.3201756384
2025-05-08T05:50:00.000+0000,724404.1819334568,211976.90157377685,1125307.152833567
2025-05-08T06:00:00.000+0000,723864.646327521,211976.90157377685,1125384.537125259
2025-05-08T06:10:00.000+0000,723180.1503827047,211976.90157377685,1126897.1516158574
2025-05-08T06:20:00.000+0000,723537.3261133449,211976.90157377685,1127120.9135840782
2025-05-08T06:30:00.000+0000,722232.8735708969,214040.32551297685,1126900.363340579
2025-05-08T06:40:00.000+0000,721545.5557653768,214040.32551297685,1127900.0451652566
2025-05-08T06:50:00.000+0000,719672.894194097,214040.32551297685,1128720.2067960617
2025-05-08T07:00:00.000+0000,717627.352677505,214040.32551297685,1129883.8948575605
2025-05-08T07:10:00.000+0000,717845.4216426569,215631.88004993688,1130892.1963264404
2025-05-08T07:20:00.000+0000,715802.8919346889,215631.88004993688,1132400.5942200113
2025-05-08T07:30:00.000+0000,715711.7486476966,219067.9919595368,1133069.4800013811
2025-05-08T07:40:00.000+0000,714792.1306311368,219067.9919595368,1136914.700523602
2025-05-08T07:50:00.000+0000,715887.2693387208,219067.9919595368,1136381.160818996
2025-05-08T08:00:00.000+0000,713036.1023984809,219067.9919595368,1136974.4900836213
2025-05-08T08:10:00.000+0000,712854.1383462729,219067.9919595368,1138867.9675378161
2025-05-08T08:20:00.000+0000,712724.8255793129,219067.9919595368,1139637.0496755177
2025-05-08T08:30:00.000+0000,711560.4351374728,219067.9919595368,1140229.286284637
2025-05-08T08:40:00.000+0000,709051.3925785928,219067.9919595368,1143346.0253313682
2025-05-08T08:50:00.000+0000,709533.9200075848,219640.40676105674,1142662.1210390765
2025-05-08T09:00:00.000+0000,709674.9637422569,219640.40676105674,1140908.3232241983
2025-05-08T09:10:00.000+0000,710266.6733555688,219640.40676105674,1142145.935219136
2025-05-08T09:20:00.000+0000,710044.0516155529,219640.40676105674,1142800.612870627
2025-05-08T09:30:00.000+0000,708559.9150953768,219640.40676105674,1142203.7099259337
2025-05-08T09:40:00.000+0000,708564.0287018567,219640.40676105674,1142803.0839296232
2025-05-08T09:50:00.000+0000,708163.3707248647,219640.40676105674,1144769.813308592
2025-05-08T10:00:00.000+0000,708798.6207179846,219640.40676105674,1148222.7027809967
2025-05-08T10:10:00.000+0000,709837.341655921,219640.40676105674,1148048.7253652182
2025-05-08T10:20:00.000+0000,708847.3263023208,219640.40676105674,1149952.5700615672
2025-05-08T10:30:00.000+0000,708982.7937815688,219640.40676105674,1149779.0175233018
2025-05-08T10:40:00.000+0000,708432.2285264168,219640.40676105674,1149778.6998198503
2025-05-08T10:50:00.000+0000,709082.0066677127,219640.40676105674,1151375.8446448222
2025-05-08T11:00:00.000+0000,709854.2050743848,219640.40676105674,1150693.000964711
2025-05-08T11:10:00.000+0000,712092.5005643368,219640.40676105674,1150207.9288288436
2025-05-08T11:20:00.000+0000,712507.3960821767,219640.40676105674,1147810.724033162
2025-05-08T11:30:00.000+0000,712466.3520836647,219640.40676105674,1146514.78651988
2025-05-08T11:40:00.000+0000,712388.6814898887,219640.40676105674,1148909.3380067486
2025-05-08T11:50:00.000+0000,712051.8802066408,219640.40676105674,1150327.7779370488
2025-05-08T12:00:00.000+0000,712127.6752220809,219640.40676105674,1150245.039633764
2025-05-08T12:10:00.000+0000,711016.6653416008,219640.40676105674,1150796.4964664804
2025-05-08T12:20:00.000+0000,708011.3272770087,219640.40676105674,1153753.8190823633
2025-05-08T12:30:00.000+0000,708542.7245188486,219640.40676105674,1150631.6775863222
2025-05-08T12:40:00.000+0000,708981.6705009129,219640.40676105674,1150718.1813857849
2025-05-08T12:50:00.000+0000,709169.0870676169,219640.40676105674,1150707.4962131665
2025-05-08T13:00:00.000+0000,709477.7564344167,219640.40676105674,1151776.8407058166
2025-05-08T13:10:00.000+0000,710597.4284996006,219640.40676105674,1152687.1554009141
2025-05-08T13:20:00.000+0000,710565.6589755686,219640.40676105674,1153161.8525108653
2025-05-08T13:30:00.000+0000,708346.7117346247,219640.40676105674,1153138.217777044
2025-05-08T13:40:00.000+0000,710375.000764257,219640.40676105674,1151303.2500053286
2025-05-08T13:50:00.000+0000,710572.2253182888,219640.40676105674,1152725.9632594571
2025-05-08T14:00:00.000+0000,709591.3871370727,219640.40676105674,1154670.295884085
2025-05-08T14:10:00.000+0000,711084.6129599847,219640.40676105674,1152252.5487040407
2025-05-08T14:20:00.000+0000,709664.5989407367,219640.40676105674,1154131.4326667443
2025-05-08T14:30:00.000+0000,705970.7855174087,219640.40676105674,1158926.9458449741
2025-05-08T14:40:00.000+0000,706391.1064514407,219640.40676105674,1160709.168126362
2025-05-08T14:50:00.000+0000,705123.5998285929,219640.40676105674,1162198.1992046526
2025-05-08T15:00:00.000+0000,704672.6593498087,219640.40676105674,1163457.3208602031
2025-05-08T15:10:00.000+0000,701642.956412721,219640.40676105674,1168344.2278086552
2025-05-08T15:20:00.000+0000,693620.795419809,219917.6907562568,1169267.0609939182
2025-05-08T15:30:00.000+0000,693945.1314432491,223506.4728319369,1178183.5377046275
2025-05-08T15:40:00.000+0000,691349.1200551367,223506.4728319369,1189232.4972619899
2025-05-08T15:50:00.000+0000,694684.8514934089,223506.4728319369,1186139.733696314
2025-05-08T16:00:00.000+0000,695306.5468189449,223506.4728319369,1184426.6634363355
2025-05-08T16:10:00.000+0000,691554.133932721,223506.4728319369,1188448.1955184827
2025-05-08T16:20:00.000+0000,692648.5485800167,223506.4728319369,1185671.384541665
2025-05-08T16:30:00.000+0000,690701.2570005449,223506.4728319369,1184302.560712797
2025-05-08T16:40:00.000+0000,689130.3229140168,223506.4728319369,1188012.6298783724
2025-05-08T16:50:00.000+0000,680847.7373675528,223506.4728319369,1188804.3365410464
2025-05-08T17:00:00.000+0000,679831.7583814888,223506.4728319369,1186739.7189133242
2025-05-08T17:10:00.000+0000,681074.2590850887,225605.10638089688,1188091.702974848
2025-05-08T17:20:00.000+0000,677654.0937480167,225605.10638089688,1188850.2385823305
2025-05-08T17:30:00.000+0000,678618.8875949767,228059.45732809685,1186972.484917881
2025-05-08T17:40:00.000+0000,679544.1881218889,230208.55307497695,1182618.5395103074
2025-05-08T17:50:00.000+0000,682088.4240035688,230208.55307497695,1184949.7964113865
2025-05-08T18:00:00.000+0000,678261.689901921,230208.55307497695,1185359.6692937906
2025-05-08T18:10:00.000+0000,676144.802327873,230208.55307497695,1188939.2173519854
2025-05-08T18:20:00.000+0000,677240.7062627851,230208.55307497695,1190305.069541383
2025-05-08T18:30:00.000+0000,678831.939297153,230208.55307497695,1191344.8161508236
2025-05-08T18:40:00.000+0000,681364.450825825,222715.03067497694,1192687.59137691
2025-05-08T18:50:00.000+0000,680854.6691800489,222715.03067497694,1192105.3488467708
2025-05-08T19:00:00.000+0000,680658.6617115688,222715.03067497694,1192028.897912088
2025-05-08T19:10:00.000+0000,679674.8536081929,222715.03067497694,1191576.0816612295
2025-05-08T19:20:00.000+0000,678825.9689396489,222715.03067497694,1193862.5014508138
2025-05-08T19:30:00.000+0000,678122.9656125929,222715.03067497694,1193482.6403501593
2025-05-08T19:40:00.000+0000,675832.2198964171,222715.03067497694,1194197.1596440182
2025-05-08T19:50:00.000+0000,676309.513355937,222715.03067497694,1199040.1526281352
2025-05-08T20:00:00.000+0000,671324.5138085288,222715.03067497694,1206179.0080832306
2025-05-08T20:10:00.000+0000,670001.3920733929,222715.03067497694,1203068.4252690757
2025-05-08T20:20:00.000+0000,668497.8393386248,222715.03067497694,1204771.5351011364
2025-05-08T20:30:00.000+0000,665071.431619457,222715.03067497694,1209329.4363024505
2025-05-08T20:40:00.000+0000,662092.7279502889,222715.03067497694,1217011.9237850886
2025-05-08T20:50:00.000+0000,654438.041102689,222715.03067497694,1223605.1841130825
2025-05-08T21:00:00.000+0000,652927.852900545,222715.03067497694,1219005.59067344
2025-05-08T21:10:00.000+0000,647611.368253537,222715.03067497694,1223478.0607467555
2025-05-08T21:20:00.000+0000,645722.430014017,222715.03067497694,1233119.9978204833
2025-05-08T21:30:00.000+0000,648590.9051965768,222715.03067497694,1231338.9522397858
2025-05-08T21:40:00.000+0000,654411.332506673,222715.03067497694,1224029.624768218
2025-05-08T21:50:00.000+0000,660119.7688013129,222715.03067497694,1220447.2873679826
2025-05-08T22:00:00.000+0000,660328.468088209,222715.03067497694,1220886.8153273165
2025-05-08T22:10:00.000+0000,662251.966937105,223006.84823401674,1220114.3847853467
2025-05-08T22:20:00.000+0000,661575.9751435209,224846.63482633693,1223890.0133876104
2025-05-08T22:30:00.000+0000,659566.3906006889,201553.61212633687,1222567.5024526408
2025-05-08T22:40:00.000+0000,659249.988804785,201553.61212633687,1225409.5653048977
2025-05-08T22:50:00.000+0000,659498.1259761129,201553.61212633687,1226193.1456856835
2025-05-08T23:00:00.000+0000,658843.6370264809,201553.61212633687,1223451.3422940876
2025-05-08T23:10:00.000+0000,656591.3574727367,203834.47597433685,1226983.7827474584
2025-05-08T23:20:00.000+0000,656604.4017089929,203834.47597433685,1229566.9605564694
2025-05-08T23:30:00.000+0000,655643.6900136969,203834.47597433685,1229894.2547646132
2025-05-08T23:40:00.000+0000,655665.6312666408,203834.47597433685,1234249.9085792396
2025-05-08T23:50:00.000+0000,655463.4314360169,203834.47597433685,1234996.7232254737
2025-05-09T00:00:00.000+0000,656048.4568609609,203834.47597433685,1234798.8873921542
2025-05-09T00:10:00.000+0000,656524.0536588968,203834.47597433685,1233406.9471280035
2025-05-09T00:20:00.000+0000,654815.744160689,203834.47597433685,1231734.5828842847
2025-05-09T00:30:00.000+0000,655268.1307016968,203834.47597433685,1229486.3705111723
2025-05-09T00:40:00.000+0000,654321.0040296807,203834.47597433685,1231339.7834177478
2025-05-09T00:50:00.000+0000,651129.0760964969,203834.47597433685,1232532.747871534
2025-05-09T01:00:00.000+0000,650652.5732040168,203834.47597433685,1229872.345860328
2025-05-09T01:10:00.000+0000,645472.2399087208,203834.47597433685,1234144.8576180944
2025-05-09T01:20:00.000+0000,647111.0237719687,203834.47597433685,1232173.4452885948
2025-05-09T01:30:00.000+0000,649056.4064397928,203834.47597433685,1230843.348043465
2025-05-09T01:40:00.000+0000,648582.8143967688,203834.47597433685,1231078.4515741486
2025-05-09T01:50:00.000+0000,646580.1925369609,203834.47597433685,1233199.1408885345
2025-05-09T02:00:00.000+0000,639119.3344222249,203834.47597433685,1234164.7840430115
2025-05-09T02:10:00.000+0000,639837.5242303687,203834.47597433685,1234050.7538982744
2025-05-09T02:20:00.000+0000,644237.6253911208,204035.78679673676,1231674.5733256503
2025-05-09T02:30:00.000+0000,645900.3264652808,204035.78679673676,1231530.1414342648
2025-05-09T02:40:00.000+0000,647393.9227485929,0.7167967367615731,1232194.1015458656
2025-05-09T02:50:00.000+0000,644415.1069492006,0.7167967367615731,1233588.3142204273
2025-05-09T03:00:00.000+0000,635873.126604721,0.7167967367615731,1234184.1825108612
2025-05-09T03:10:00.000+0000,628192.1423718728,707.9499572167452,1239578.7078611597
2025-05-09T03:20:00.000+0000,619278.5239558888,707.9499572167452,1238258.0141387077
2025-05-09T03:30:00.000+0000,623458.9347096807,4.060936016584876,1234376.3484976836
2025-05-09T03:40:00.000+0000,630745.0440520967,4.060936016584876,1233106.8766818554
2025-05-09T03:50:00.000+0000,628533.4082573124,4.060936016584876,1228780.2180798722
2025-05-09T04:00:00.000+0000,631277.1112575366,2195.310532816578,1228785.1925562883
2025-05-09T04:10:00.000+0000,630364.9629204485,2195.310532816578,1231935.2932007962
2025-05-09T04:20:00.000+0000,632272.2927549126,2195.310532816578,1232728.1648280364
2025-05-09T04:30:00.000+0000,635345.4090335207,2195.310532816578,1231002.8613561937
2025-05-09T04:40:00.000+0000,631978.3232388163,2195.310532816578,1232013.1560957264
2025-05-09T04:50:00.000+0000,631265.6471361766,2195.310532816578,1233288.652246349
2025-05-09T05:00:00.000+0000,624994.0387599205,2195.310532816578,1233111.5137343516
2025-05-09T05:10:00.000+0000,624387.7812342567,2600.885812816568,1234405.660815072
2025-05-09T05:20:00.000+0000,628716.7835396326,2600.885812816568,1233054.3430310036
2025-05-09T05:30:00.000+0000,628319.7371910245,2600.885812816568,1234075.864002561
2025-05-09T05:40:00.000+0000,623122.6709328166,2600.885812816568,1235501.842796836
2025-05-09T05:50:00.000+0000,617436.6479931367,2600.885812816568,1234770.8532934994
2025-05-09T06:00:00.000+0000,617097.3715516006,2600.885812816568,1236683.5980940266
2025-05-09T06:10:00.000+0000,618338.8287107046,3060.856741456571,1237725.0186309756
2025-05-09T06:20:00.000+0000,616622.0847854406,3060.856741456571,1242621.0821073458
2025-05-09T06:30:00.000+0000,614149.106312192,3060.856741456571,1244244.7834168097
2025-05-09T06:40:00.000+0000,609722.5039293923,3060.856741456571,1243627.6876121229
2025-05-09T06:50:00.000+0000,601266.6341413126,3060.856741456571,1247849.1430038211
2025-05-09T07:00:00.000+0000,587494.0306456324,5128.755997536554,1252284.4716397286
2025-05-09T07:10:00.000+0000,574205.4140104644,7225.624259856511,1258937.682148298
2025-05-09T07:20:00.000+0000,569071.9040065445,7472.808254336513,1260348.0564282595
2025-05-09T07:30:00.000+0000,574519.3603722884,7472.808254336513,1261050.6751487248
2025-05-09T07:40:00.000+0000,569576.9096985285,7472.808254336513,1263847.2335636774
2025-05-09T07:50:00.000+0000,571969.2402217926,7472.808254336513,1276599.9291226238
2025-05-09T08:00:00.000+0000,581873.5370405123,7472.808254336513,1277875.0589096707
2025-05-09T08:10:00.000+0000,575612.9577139525,7472.808254336513,1279690.5762841578
2025-05-09T08:20:00.000+0000,554008.4100900325,7472.808254336513,1282785.2269013948
2025-05-09T08:30:00.000+0000,546410.1161519844,7472.808254336513,1295134.7978075908
2025-05-09T08:40:00.000+0000,571593.9509336005,7472.808254336513,1276269.5761116995
2025-05-09T08:50:00.000+0000,570994.2484796806,7472.808254336513,1282686.5004755224
2025-05-09T09:00:00.000+0000,567271.8008420645,7472.808254336513,1277606.6722599005
2025-05-09T09:10:00.000+0000,583603.6968644643,7472.808254336513,1266690.3848299962
2025-05-09T09:20:00.000+0000,582127.4424535525,7472.808254336513,1258778.309130783
2025-05-09T09:30:00.000+0000,582346.8421532644,7472.808254336513,1261530.2562199682
2025-05-09T09:40:00.000+0000,583972.6376155528,7472.808254336513,1268377.9245265357
2025-05-09T09:50:00.000+0000,580832.8815514564,7472.808254336513,1264649.0267330355
2025-05-09T10:00:00.000+0000,580670.3430863365,7472.808254336513,1269717.7895713416
2025-05-09T10:10:00.000+0000,574396.1151474086,7472.808254336513,1275132.1818008434
2025-05-09T10:20:00.000+0000,572557.0816521285,7472.808254336513,1271803.57197976
2025-05-09T10:30:00.000+0000,573529.4234758725,7472.808254336513,1271925.678424202
2025-05-09T10:40:00.000+0000,567399.1189060645,7472.808254336513,1276175.3083725898
2025-05-09T10:50:00.000+0000,565859.1796837925,7472.808254336513,1284134.7835346549
2025-05-09T11:00:00.000+0000,569355.9611788645,7472.808254336513,1286086.0834061515
2025-05-09T11:10:00.000+0000,570256.7123809605,7472.808254336513,1291131.831484566
2025-05-09T11:20:00.000+0000,570418.0139963526,7472.808254336513,1283041.6586525845
2025-05-09T11:30:00.000+0000,582181.4862638887,7472.808254336513,1285138.3173594829
2025-05-09T11:40:00.000+0000,581873.8723320648,7472.808254336513,1287145.1623814933
2025-05-09T11:50:00.000+0000,585988.6077481925,7472.808254336513,1287133.837971493
2025-05-09T12:00:00.000+0000,587661.9087356327,7472.808254336513,1279264.2297091929
2025-05-09T12:10:00.000+0000,596735.2013499846,7472.808254336513,1277075.2545308764
2025-05-09T12:20:00.000+0000,588087.0080239205,7472.808254336513,1282604.2477986924
2025-05-09T12:30:00.000+0000,590338.3049444006,7472.808254336513,1283580.373428694
2025-05-09T12:40:00.000+0000,587926.0876033284,7472.808254336513,1283842.3160946309
2025-05-09T12:50:00.000+0000,582710.7766525603,7472.808254336513,1284161.9980439031
2025-05-09T13:00:00.000+0000,571497.7009752165,7472.808254336513,1286463.71543195
2025-05-09T13:10:00.000+0000,566261.9952133603,7472.808254336513,1284807.1992265466
2025-05-09T13:20:00.000+0000,567003.0282922564,7472.808254336513,1283787.833922282
2025-05-09T13:30:00.000+0000,544714.5770492805,7472.808254336513,1281815.7800811345
2025-05-09T13:40:00.000+0000,521619.34105086466,7472.808254336513,1288867.6462039854
2025-05-09T13:50:00.000+0000,530374.4087889446,7472.808254336513,1295320.4967325442
2025-05-09T14:00:00.000+0000,531374.5697195847,7472.808254336513,1286307.3175657778
2025-05-09T14:10:00.000+0000,527182.7915470086,7472.808254336513,1288340.381685149
2025-05-09T14:20:00.000+0000,544080.9536138726,7472.808254336513,1270451.134564075
2025-05-09T14:30:00.000+0000,546946.7222234246,7472.808254336513,1260140.1581480852
2025-05-09T14:40:00.000+0000,552945.6843313285,7472.808254336513,1264777.4966433041
2025-05-09T14:50:00.000+0000,548530.4141355206,7472.808254336513,1268743.237187349
2025-05-09T15:00:00.000+0000,546107.2701028003,7472.808254336513,1270793.0313099446
2025-05-09T15:10:00.000+0000,547158.4692501765,7472.808254336513,1274127.748472783
2025-05-09T15:20:00.000+0000,555315.2925469925,7472.808254336513,1266427.0141386238
2025-05-09T15:30:00.000+0000,551351.9153673284,7472.808254336513,1265671.7518120417
2025-05-09T15:40:00.000+0000,550092.2269648965,7472.808254336513,1265794.6457786704
2025-05-09T15:50:00.000+0000,547885.0384494405,7472.808254336513,1271579.9417697624
2025-05-09T16:00:00.000+0000,549799.9159209605,7472.808254336513,1262441.882970077
2025-05-09T16:10:00.000+0000,554742.8297638885,7472.808254336513,1265143.466732413
2025-05-09T16:20:00.000+0000,554367.8874179205,7472.808254336513,1271659.8575314349
2025-05-09T16:30:00.000+0000,553184.0556416005,7472.808254336513,1272596.1699252643
2025-05-09T16:40:00.000+0000,556565.9526778244,7472.808254336513,1270386.7288986333
2025-05-09T16:50:00.000+0000,567782.6426014566,7472.808254336513,1266276.9356752208
2025-05-09T17:00:00.000+0000,563842.1511185765,7472.808254336513,1266666.6141952514
2025-05-09T17:10:00.000+0000,556943.1330719205,7472.808254336513,1275445.9947026153
2025-05-09T17:20:00.000+0000,556888.5691380166,7472.808254336513,1279774.5258321578
2025-05-09T17:30:00.000+0000,549731.5420238727,7472.808254336513,1281611.094371787
2025-05-09T17:40:00.000+0000,546245.2978521925,7472.808254336513,1283150.9597969349
2025-05-09T17:50:00.000+0000,535046.5005030405,7472.808254336513,1285852.3579394482
2025-05-09T18:00:00.000+0000,532177.3128509126,7472.808254336513,1284444.666382243
2025-05-09T18:10:00.000+0000,538274.7132651203,7472.808254336513,1283718.750388437
2025-05-09T18:20:00.000+0000,537279.9130624644,7472.808254336513,1283093.0428615434
2025-05-09T18:30:00.000+0000,538892.8495201924,7472.808254336513,1284352.4986963472
2025-05-09T18:40:00.000+0000,538950.5246231683,7472.808254336513,1285429.5309355627
2025-05-09T18:50:00.000+0000,535818.5719713448,7472.808254336513,1285493.8302124168
2025-05-09T19:00:00.000+0000,525571.4639411685,7472.808254336513,1284778.8814423636
2025-05-09T19:10:00.000+0000,533060.3636246885,7472.808254336513,1279282.092615238
2025-05-09T19:20:00.000+0000,537912.9894358725,7472.808254336513,1276606.294751482
2025-05-09T19:30:00.000+0000,533700.8871356165,7472.808254336513,1278883.0459996758
2025-05-09T19:40:00.000+0000,531781.3281323204,7472.808254336513,1279075.0785835735
2025-05-09T19:50:00.000+0000,533428.1238609445,7472.808254336513,1280085.7197987866
2025-05-09T20:00:00.000+0000,534459.3126294406,7472.808254336513,1282729.265243687
2025-05-09T20:10:00.000+0000,523160.8901841766,7472.808254336513,1285766.463686035
2025-05-09T20:20:00.000+0000,524212.5818172486,7472.808254336513,1288047.3855481271
2025-05-09T20:30:00.000+0000,522349.56208632037,7472.808254336513,1283915.479091704
2025-05-09T20:40:00.000+0000,499620.09459881636,7472.808254336513,1284064.3305097497
2025-05-09T20:50:00.000+0000,492763.18639731244,7472.808254336513,1285226.61495875
2025-05-09T21:00:00.000+0000,474612.37507219263,7472.808254336513,1286421.436926429
2025-05-09T21:10:00.000+0000,452178.4875513927,7472.808254336513,1281860.6747982877
2025-05-09T21:20:00.000+0000,477838.5876357125,7472.808254336513,1279010.0548989933
2025-05-09T21:30:00.000+0000,469558.1412765286,7472.808254336513,1283879.3166712748
2025-05-09T21:40:00.000+0000,472295.70355326455,7472.808254336513,1281952.7949052902
2025-05-09T21:50:00.000+0000,469876.33387864043,7472.808254336513,1283865.6995600127
2025-05-09T22:00:00.000+0000,467125.31301739265,7472.808254336513,1284471.2728671108
2025-05-09T22:10:00.000+0000,474560.33188008063,7472.808254336513,1283561.8189032497
2025-05-09T22:20:00.000+0000,477329.3382813765,7472.808254336513,1285722.3827399656
2025-05-09T22:30:00.000+0000,479230.3911014726,2984.517654336512,1286464.4666270004
2025-05-09T22:40:00.000+0000,482228.84770835243,2984.517654336512,1285859.03960875
2025-05-09T22:50:00.000+0000,488896.24238206446,2984.517654336512,1285163.0390670556
2025-05-09T23:00:00.000+0000,488057.66923769657,2984.517654336512,1284800.0995120306
2025-05-09T23:10:00.000+0000,485340.4033908166,2984.517654336512,1286139.286080022
2025-05-09T23:20:00.000+0000,480465.19068361644,2984.517654336512,1286754.8099814872
2025-05-09T23:30:00.000+0000,475196.35113001656,2984.517654336512,1285229.524374591
2025-05-09T23:40:00.000+0000,473372.2642278885,2984.517654336512,1285029.690121765
2025-05-09T23:50:00.000+0000,475030.1418638885,4814.883389376484,1285956.2047122507
2025-05-10T00:00:00.000+0000,468994.6610943047,4814.883389376484,1287791.7633204197
2025-05-10T00:10:00.000+0000,455415.96830585663,5623.058931296593,1290843.9689458204
2025-05-10T00:20:00.000+0000,458858.5732968327,6110.912336096608,1291741.3464467283
2025-05-10T00:30:00.000+0000,476373.44012488064,6110.912336096608,1285283.4329133248
2025-05-10T00:40:00.000+0000,481438.4854843686,6262.732382816615,1280459.4609482305
2025-05-10T00:50:00.000+0000,503597.0498800167,6262.732382816615,1277464.5752491993
2025-05-10T01:00:00.000+0000,510036.44737750466,6262.732382816615,1280934.4590569765
2025-05-10T01:10:00.000+0000,512797.6670931367,7400.8385189366145,1282209.9427336142
2025-05-10T01:20:00.000+0000,502646.63009460067,7400.8385189366145,1284715.8329074155
2025-05-10T01:30:00.000+0000,499240.28698089643,7639.576375736582,1285817.6338353115
2025-05-10T01:40:00.000+0000,499303.0534675047,7639.576375736582,1283628.7861419423
2025-05-10T01:50:00.000+0000,506555.81830015255,9094.270548648556,1281359.9684119248
2025-05-10T02:00:00.000+0000,501253.6451647684,9259.275139288531,1282977.262074771
2025-05-10T02:10:00.000+0000,499968.4962370646,10227.337869048502,1281548.1033757713
2025-05-10T02:20:00.000+0000,496621.79309318465,10227.337869048502,1283084.323647641
2025-05-10T02:30:00.000+0000,495440.0378443125,10227.337869048502,1283427.813429881
2025-05-10T02:40:00.000+0000,494848.8883925125,10392.582367608518,1286802.3835232707
2025-05-10T02:50:00.000+0000,496634.2637386805,10392.582367608518,1285311.783013617
2025-05-10T03:00:00.000+0000,497855.11950209644,10392.582367608518,1282928.1740707096
2025-05-10T03:10:00.000+0000,508401.9992329045,10392.582367608518,1283471.8956695097
2025-05-10T03:20:00.000+0000,506895.4965000246,10392.582367608518,1282604.1362566464
2025-05-10T03:30:00.000+0000,507300.41314735246,10392.582367608518,1283310.6525943999
2025-05-10T03:40:00.000+0000,510554.3615044725,10392.582367608518,1281834.8555106046
2025-05-10T03:50:00.000+0000,504172.4355229607,10392.582367608518,1283666.9553059083
2025-05-10T04:00:00.000+0000,504907.32883760054,10392.582367608518,1279195.8209580753
2025-05-10T04:10:00.000+0000,515245.41135991254,10392.582367608518,1278497.7117722821
2025-05-10T04:20:00.000+0000,515089.31287868053,10392.582367608518,1279614.2472401222
2025-05-10T04:30:00.000+0000,510512.48335381655,10392.582367608518,1278178.9537968098
2025-05-10T04:40:00.000+0000,502421.5048689767,10392.582367608518,1280121.3335427807
2025-05-10T04:50:00.000+0000,501988.80465629656,10392.582367608518,1280813.367442117
2025-05-10T05:00:00.000+0000,505094.27499093645,10392.582367608518,1282269.9427105263
2025-05-10T05:10:00.000+0000,507640.6872900886,10392.582367608518,1280849.2516805213
2025-05-10T05:20:00.000+0000,504658.76420851256,10392.582367608518,1281480.2485665274
2025-05-10T05:30:00.000+0000,502673.36570898443,10392.582367608518,1280860.4288816492
2025-05-10T05:40:00.000+0000,503093.76719852054,10392.582367608518,1282908.4772831295
2025-05-10T05:50:00.000+0000,502910.35643460846,10392.582367608518,1284044.458297688
2025-05-10T06:00:00.000+0000,507466.69006931246,10392.582367608518,1287810.2705673329
2025-05-10T06:10:00.000+0000,502672.06158312055,10392.582367608518,1289575.5252760327
2025-05-10T06:20:00.000+0000,497304.6697144965,10392.582367608518,1292229.3809542926
2025-05-10T06:30:00.000+0000,496867.75717437646,10392.582367608518,1292127.237122749
2025-05-10T06:40:00.000+0000,497918.4159144247,10392.582367608518,1288008.8061350342
2025-05-10T06:50:00.000+0000,506470.71133024053,10392.582367608518,1288320.5390370097
2025-05-10T07:00:00.000+0000,493542.10549584054,10469.761374968517,1292748.2088724554
2025-05-10T07:10:00.000+0000,487002.75624377636,10469.761374968517,1291182.9221408237
2025-05-10T07:20:00.000+0000,485398.6310913606,10558.152405528532,1288737.0301402714
2025-05-10T07:30:00.000+0000,478428.1760200806,10558.152405528532,1290401.1461708064
2025-05-10T07:40:00.000+0000,485305.2135852007,10617.43693992854,1290884.0575802268
2025-05-10T07:50:00.000+0000,476850.28223576845,10617.43693992854,1291756.4479555772
2025-05-10T08:00:00.000+0000,468314.2938838566,10617.43693992854,1302370.7938672334
2025-05-10T08:10:00.000+0000,475735.1226976726,10617.43693992854,1302263.7871526168
2025-05-10T08:20:00.000+0000,475618.7785275285,10617.43693992854,1303264.3572530053
2025-05-10T08:30:00.000+0000,474689.6440102643,10861.35165192848,1304437.8192656175
2025-05-10T08:40:00.000+0000,478501.0114051205,10861.35165192848,1303458.8806089996
2025-05-10T08:50:00.000+0000,492874.72827508056,11059.780781528525,1292995.7278245748
2025-05-10T09:00:00.000+0000,492965.06820527255,11059.780781528525,1290426.259653388
2025-05-10T09:10:00.000+0000,493794.9097904805,13013.972576408498,1289465.3747558936
2025-05-10T09:20:00.000+0000,488122.1496320806,13087.862417208493,1293332.239975819
2025-05-10T09:30:00.000+0000,487272.4244065207,13087.862417208493,1294806.21501956
2025-05-10T09:40:00.000+0000,482467.11410262436,13087.862417208493,1299572.9608482409
2025-05-10T09:50:00.000+0000,479562.6035414485,13087.862417208493,1301625.1259548105
2025-05-10T10:00:00.000+0000,481567.85721412045,13087.862417208493,1296260.1479040692
2025-05-10T10:10:00.000+0000,483925.4152776245,13087.862417208493,1300342.0399821037
2025-05-10T10:20:00.000+0000,482819.8636670325,13087.862417208493,1300026.5107152401
2025-05-10T10:30:00.000+0000,486203.97707873664,13087.862417208493,1301262.1461478658
2025-05-10T10:40:00.000+0000,504913.3036739045,13087.862417208493,1300063.1898971088
2025-05-10T10:50:00.000+0000,512295.42527828057,17882.96816128852,1294870.2953332593
2025-05-10T11:00:00.000+0000,524069.9545930967,19276.83517488853,1293356.5052744988
2025-05-10T11:10:00.000+0000,525203.5838835605,19912.12973232853,1292789.1553184849
2025-05-10T11:20:00.000+0000,524143.7842221045,19912.12973232853,1292595.6357461973
2025-05-10T11:30:00.000+0000,525822.2842769607,19336.770224088625,1289599.2522244845
2025-05-10T11:40:00.000+0000,535375.3559963527,21337.24736104866,1286278.6709402082
2025-05-10T11:50:00.000+0000,534492.7447007132,21903.342922009015,1287946.9823102038
2025-05-10T12:00:00.000+0000,528536.2767202891,21903.342922009015,1289332.3085841686
2025-05-10T12:10:00.000+0000,527955.426112817,22141.67960000902,1293412.946015548
2025-05-10T12:20:00.000+0000,529337.8226101771,22141.67960000902,1295278.948077052
2025-05-10T12:30:00.000+0000,527144.130908625,22141.67960000902,1297331.2403911802
2025-05-10T12:40:00.000+0000,533875.844915673,22141.67960000902,1296463.419605222
2025-05-10T12:50:00.000+0000,524467.627485697,23682.095280809033,1298814.8041342213
2025-05-10T13:00:00.000+0000,523538.8564873851,23682.095280809033,1300128.344074159
2025-05-10T13:10:00.000+0000,526997.3855389131,23682.095280809033,1299527.5372261903
2025-05-10T13:20:00.000+0000,522606.19061746506,26549.67957664908,1299901.7817904507
2025-05-10T13:30:00.000+0000,522345.3027748411,26549.67957664908,1300175.0872315676
2025-05-10T13:40:00.000+0000,516844.72283198516,26549.67957664908,1301580.2853369182
2025-05-10T13:50:00.000+0000,517593.8517989851,26549.67957664908,1305658.8584255488
2025-05-10T14:00:00.000+0000,520462.47122605715,26549.67957664908,1302116.508671638
2025-05-10T14:10:00.000+0000,522786.402342657,26549.67957664908,1296737.9666357324
2025-05-10T14:20:00.000+0000,522186.7347008652,26549.67957664908,1297808.7703855291
2025-05-10T14:30:00.000+0000,519938.313438017,26549.67957664908,1299880.7602059853
2025-05-10T14:40:00.000+0000,516539.72044924914,26549.67957664908,1301527.4166380856
2025-05-10T14:50:00.000+0000,516713.4780918412,26695.84295232908,1304196.539232866
2025-05-10T15:00:00.000+0000,522771.80872689706,26695.84295232908,1303959.2139678868
2025-05-10T15:10:00.000+0000,527766.137834681,26695.84295232908,1302186.9141531142
2025-05-10T15:20:00.000+0000,529893.6694766572,26695.84295232908,1303315.0964586544
2025-05-10T15:30:00.000+0000,530687.9576074011,26695.84295232908,1302182.772497292
2025-05-10T15:40:00.000+0000,529997.6920219932,26695.84295232908,1304150.0297896266
2025-05-10T15:50:00.000+0000,534565.4064447772,26695.84295232908,1302673.755471344
2025-05-10T16:00:00.000+0000,535293.6714163371,26695.84295232908,1302000.003657461
2025-05-10T16:10:00.000+0000,531153.9390138092,27952.443666889074,1303439.3772031795
2025-05-10T16:20:00.000+0000,524918.670632281,31008.772646089084,1307288.3480128543
2025-05-10T16:30:00.000+0000,515180.13402921695,31008.772646089084,1306448.8177375458
2025-05-10T16:40:00.000+0000,514112.5081637372,31008.772646089084,1310869.1293219035
2025-05-10T16:50:00.000+0000,510268.3584357452,31008.772646089084,1309521.8638183777
2025-05-10T17:00:00.000+0000,508613.1228943771,31008.772646089084,1309673.7842226243
2025-05-10T17:10:00.000+0000,508192.46866719297,31008.772646089084,1314845.6405888936
2025-05-10T17:20:00.000+0000,505057.3370006172,31301.92813392909,1316668.852437292
2025-05-10T17:30:00.000+0000,498967.55685531325,31301.92813392909,1318499.8304377715
2025-05-10T17:40:00.000+0000,501096.7402848011,31301.92813392909,1310313.0239659825
2025-05-10T17:50:00.000+0000,509595.9304888011,31301.92813392909,1309974.9690069058
2025-05-10T18:00:00.000+0000,511560.8892831852,31301.92813392909,1309653.4582435414
2025-05-10T18:10:00.000+0000,511918.7666520651,31301.92813392909,1313082.5910004536
2025-05-10T18:20:00.000+0000,512198.65802968916,31301.92813392909,1310936.0542715536
2025-05-10T18:30:00.000+0000,512386.2418924491,31301.92813392909,1310416.4924570988
2025-05-10T18:40:00.000+0000,511996.20036549727,31301.92813392909,1312672.0362693865
2025-05-10T18:50:00.000+0000,509381.8357916891,31301.92813392909,1316063.2402451828
2025-05-10T19:00:00.000+0000,510449.9045425769,31301.92813392909,1315701.0667698514
2025-05-10T19:10:00.000+0000,512505.54789123306,31301.92813392909,1313217.269117061
2025-05-10T19:20:00.000+0000,510003.52548173716,31301.92813392909,1314888.8706108476
2025-05-10T19:30:00.000+0000,508841.4801922731,31301.92813392909,1314447.1166435387
2025-05-10T19:40:00.000+0000,509811.9159221131,31301.92813392909,1317691.6221448951
2025-05-10T19:50:00.000+0000,511404.44352999306,31301.92813392909,1317784.2500850747
2025-05-10T20:00:00.000+0000,512625.0704166571,31301.92813392909,1312888.911254495
2025-05-10T20:10:00.000+0000,508978.16326826497,31301.92813392909,1314499.4252913748
2025-05-10T20:20:00.000+0000,507497.15574288915,31756.146168569045,1314919.4598953212
2025-05-10T20:30:00.000+0000,507961.73049552087,31756.146168569045,1317944.5170527392
2025-05-10T20:40:00.000+0000,507579.894498889,31756.146168569045,1318801.6135658007
2025-05-10T20:50:00.000+0000,510830.13413536106,31944.834696888996,1318387.902748214
2025-05-10T21:00:00.000+0000,515869.3944993609,31944.834696888996,1318216.1516187203
2025-05-10T21:10:00.000+0000,510634.946090817,31944.834696888996,1320960.9825709024
2025-05-10T21:20:00.000+0000,508488.516988913,31944.834696888996,1321972.8077815955
2025-05-10T21:30:00.000+0000,506176.5030809129,31944.834696888996,1323698.6668055844
2025-05-10T21:40:00.000+0000,503540.746964041,31944.834696888996,1324172.8527114317
2025-05-10T21:50:00.000+0000,498309.5646305451,31944.834696888996,1326486.2474827296
2025-05-10T22:00:00.000+0000,499157.07331076096,31944.834696888996,1329941.4961334951
2025-05-10T22:10:00.000+0000,502161.6530025368,31944.834696888996,1327488.1310063635
2025-05-10T22:20:00.000+0000,500759.54282874503,31944.834696888996,1331936.915810739
2025-05-10T22:30:00.000+0000,501362.24756891304,31944.834696888996,1333619.818940991
2025-05-10T22:40:00.000+0000,502602.4097048652,31944.834696888996,1337879.2109516263
2025-05-10T22:50:00.000+0000,499157.3966918491,31944.834696888996,1338214.2638896524
2025-05-10T23:00:00.000+0000,502166.9337545531,31944.834696888996,1342794.8805504213
2025-05-10T23:10:00.000+0000,487592.37433727307,31944.834696888996,1343036.5653448573
2025-05-10T23:20:00.000+0000,485864.5269718731,31944.834696888996,1351660.0485810312
2025-05-10T23:30:00.000+0000,483035.41093678505,31944.834696888996,1347486.5174547406
2025-05-10T23:40:00.000+0000,473870.85790921707,31944.834696888996,1350975.61829706
2025-05-10T23:50:00.000+0000,469465.5942617608,31944.834696888996,1354728.5178333558
2025-05-11T00:00:00.000+0000,474290.168192417,31944.834696888996,1352951.5011908985
2025-05-11T00:10:00.000+0000,476558.09387923294,31944.834696888996,1346079.808510612
2025-05-11T00:20:00.000+0000,493249.25911614497,26986.269615289097,1327528.8003640384
2025-05-11T00:30:00.000+0000,496444.5012472812,12615.236247929348,1335385.700858824
2025-05-11T00:40:00.000+0000,491906.24594832934,14862.138986569234,1337122.287847033
2025-05-11T00:50:00.000+0000,487517.61156680924,16953.758351369223,1344824.455827296
2025-05-11T01:00:00.000+0000,485503.36855136906,17167.28857042522,1342462.7054458489
2025-05-11T01:10:00.000+0000,481590.4964552892,17916.160593145185,1347868.2734609013
2025-05-11T01:20:00.000+0000,480920.4352634252,18021.532228345204,1346371.6716528677
2025-05-11T01:30:00.000+0000,480419.12150552927,18326.756997017324,1346691.018774725
2025-05-11T01:40:00.000+0000,488519.0993091373,18632.01259701733,1343555.0659261453
2025-05-11T01:50:00.000+0000,499030.3894344252,18632.01259701733,1336527.4729351904
2025-05-11T02:00:00.000+0000,495034.7401231374,18672.052939097328,1336993.5076541873
2025-05-11T02:10:00.000+0000,491883.13170851354,21070.11520329746,1342983.6644138624
2025-05-11T02:20:00.000+0000,488598.39035551343,21742.050924337444,1345970.2601417261
2025-05-11T02:30:00.000+0000,481526.45912016183,22604.028989777467,1345630.0957721903
2025-05-11T02:40:00.000+0000,479636.66869293776,23636.494855777823,1340450.8477363093
2025-05-11T02:50:00.000+0000,492952.0773573221,25483.204105538,1332715.2853000497
2025-05-11T03:00:00.000+0000,489157.3962327621,28224.112523218046,1334386.3847404027
2025-05-11T03:10:00.000+0000,476712.9352124102,31373.006591058034,1336700.3295111156
2025-05-11T03:20:00.000+0000,474029.5497994819,35164.582601698035,1340534.3835301092
2025-05-11T03:30:00.000+0000,468102.13406865,35164.582601698035,1337474.8314985577
2025-05-11T03:40:00.000+0000,453420.5243901461,35164.582601698035,1339779.5784979013
2025-05-11T03:50:00.000+0000,454542.92160346615,35311.47759161797,1338555.3473622163
2025-05-11T04:00:00.000+0000,460596.7836562502,38521.95135625809,1338156.0426365293
2025-05-11T04:10:00.000+0000,462195.44479337824,40787.81131697813,1342140.3543410094
2025-05-11T04:20:00.000+0000,464186.4635730821,43874.57053249817,1342505.529607616
2025-05-11T04:30:00.000+0000,461536.8801069462,44551.229671778165,1339408.1333921475
2025-05-11T04:40:00.000+0000,456593.56273709843,44551.229671778165,1339601.774300708
2025-05-11T04:50:00.000+0000,453750.8311032102,44651.582525218175,1341288.9741171259
2025-05-11T05:00:00.000+0000,449571.67843214626,45872.478326578195,1341510.3778564301
2025-05-11T05:10:00.000+0000,452756.68918350636,45872.478326578195,1342021.9321225449
2025-05-11T05:20:00.000+0000,452088.30555851426,45872.478326578195,1341312.3246163952
2025-05-11T05:30:00.000+0000,452856.8080243061,45872.478326578195,1341777.8250911892
2025-05-11T05:40:00.000+0000,456897.5530501382,45872.478326578195,1344306.165465826
2025-05-11T05:50:00.000+0000,462247.44264179416,45923.72969265821,1342104.858553379
2025-05-11T06:00:00.000+0000,461860.77968981816,46213.22760889822,1333554.140372403
2025-05-11T06:10:00.000+0000,458565.9974459624,46213.22760889822,1334543.6374848946
2025-05-11T06:20:00.000+0000,456637.2930748182,46213.22760889822,1338302.0167901802
2025-05-11T06:30:00.000+0000,458384.2401182422,46213.22760889822,1334920.588804462
2025-05-11T06:40:00.000+0000,466175.99970985006,46213.22760889822,1327459.405927261
2025-05-11T06:50:00.000+0000,471955.90254548215,46213.22760889822,1329662.288470121
2025-05-11T07:00:00.000+0000,474554.12144617003,51790.43986681817,1321116.9685544746
2025-05-11T07:10:00.000+0000,481393.4574366983,53971.15854509833,1320843.2873619674
2025-05-11T07:20:00.000+0000,482986.16661920235,53974.93202389834,1321366.552026901
2025-05-11T07:30:00.000+0000,486085.5319317704,57785.14821045836,1320224.9686885353
2025-05-11T07:40:00.000+0000,492426.2158533463,57915.20578109836,1310882.4881563075
2025-05-11T07:50:00.000+0000,492111.14568129054,58238.62014245836,1314594.4340893242
2025-05-11T08:00:00.000+0000,487852.8214282023,58238.62014245836,1317350.2769748631
2025-05-11T08:10:00.000+0000,485861.90124955465,58238.62014245836,1322623.8438988803
2025-05-11T08:20:00.000+0000,482383.5187435066,63521.45059437868,1321787.2658721802
2025-05-11T08:30:00.000+0000,489259.2450484747,63521.45059437868,1317420.1968722607
2025-05-11T08:40:00.000+0000,483259.7135664346,65105.08003649062,1320092.8047320978
2025-05-11T08:50:00.000+0000,483599.3358310908,65105.08003649062,1319426.5657904702
2025-05-11T09:00:00.000+0000,479672.7342374027,65105.08003649062,1319453.886161107
2025-05-11T09:10:00.000+0000,476158.7425415147,69835.69011841061,1324804.2378062354
2025-05-11T09:20:00.000+0000,472756.0525529707,69835.69011841061,1328526.9421172363
2025-05-11T09:30:00.000+0000,473172.4022765146,69835.69011841061,1329786.534585816
2025-05-11T09:40:00.000+0000,468170.15626732225,70044.43239089065,1328972.0582354027
2025-05-11T09:50:00.000+0000,469272.5777440261,70333.57489169016,1331844.4616909886
2025-05-11T10:00:00.000+0000,466736.5203243381,70333.57489169016,1331476.349099741
2025-05-11T10:10:00.000+0000,468354.05490062607,70333.57489169016,1325028.0788025733
2025-05-11T10:20:00.000+0000,461282.0668707462,70333.57489169016,1327499.5311942883
2025-05-11T10:30:00.000+0000,453346.8044633062,70333.57489169016,1328820.3911493854
2025-05-11T10:40:00.000+0000,450997.75288916216,70333.57489169016,1327287.0114028358
2025-05-11T10:50:00.000+0000,437532.6380256262,70333.57489169016,1329406.1858685655
2025-05-11T11:00:00.000+0000,431051.1467001621,71775.10234641017,1332380.9045171596
2025-05-11T11:10:00.000+0000,430555.34672770614,72204.9189178502,1330814.1950862142
2025-05-11T11:20:00.000+0000,427635.79665777023,28711.244610330235,1329906.757705888
2025-05-11T11:30:00.000+0000,431149.63251322624,28755.33820721024,1330665.4097772574
2025-05-11T11:40:00.000+0000,425703.3287546582,29006.03758713024,1331438.259189063
2025-05-11T11:50:00.000+0000,417653.7761825542,29006.03758713024,1333952.685179913
2025-05-11T12:00:00.000+0000,408415.62448106584,31616.738254410146,1336103.7960446682
2025-05-11T12:10:00.000+0000,406249.190745682,33254.541762569985,1334217.1103635812
2025-05-11T12:20:00.000+0000,406891.3682023941,33880.19593849002,1333168.68419161
2025-05-11T12:30:00.000+0000,403531.9064835461,34153.748820970046,1332291.594739744
2025-05-11T12:40:00.000+0000,399944.65524221805,34282.91820273005,1330672.7426189817
2025-05-11T12:50:00.000+0000,399721.811090274,34884.085383930105,1331881.1896684524
2025-05-11T13:00:00.000+0000,397902.44204084214,34849.98998209007,1332055.828719997
2025-05-11T13:10:00.000+0000,396965.9215970499,34839.449621130065,1333731.4919251488
2025-05-11T13:20:00.000+0000,402824.2610231701,34839.449621130065,1325052.83614335
2025-05-11T13:30:00.000+0000,408624.5732082501,35330.80022593009,1319466.1673840135
2025-05-11T13:40:00.000+0000,412976.5474713461,35347.634947370076,1318685.092516208
2025-05-11T13:50:00.000+0000,416969.3155694502,35574.821752410084,1312780.1186217726
2025-05-11T14:00:00.000+0000,422148.48776437005,35672.82039073004,1314629.3790317862
2025-05-11T14:10:00.000+0000,421468.242786058,35726.721335450035,1315337.2261996623
2025-05-11T14:20:00.000+0000,417184.06368341006,35747.35631425006,1314312.2981744288
2025-05-11T14:30:00.000+0000,410678.9465437301,36117.79252801005,1315393.7239888303
2025-05-11T14:40:00.000+0000,410527.7570621541,36117.79252801005,1320069.1482070636
2025-05-11T14:50:00.000+0000,410158.2296108021,36216.008292490056,1318166.4376449734
2025-05-11T15:00:00.000+0000,403347.7228484262,36265.11967193006,1318410.642428778
2025-05-11T15:10:00.000+0000,400843.954346922,36452.66531529002,1322858.4022302823
2025-05-11T15:20:00.000+0000,402230.55448867404,36612.29570873001,1319024.0318701414
2025-05-11T15:30:00.000+0000,409706.174554394,36644.832158729994,1316880.382020464
2025-05-11T15:40:00.000+0000,411401.97081121,36644.832158729994,1312453.7751491924
2025-05-11T15:50:00.000+0000,413512.66662263393,36644.832158729994,1306893.9711506614
2025-05-11T16:00:00.000+0000,413550.1081254501,36767.41437444208,1303631.0912762752
2025-05-11T16:10:00.000+0000,417862.9066742101,36937.318342442166,1305320.447267151
2025-05-11T16:20:00.000+0000,411309.4190918661,37056.031695722144,1310874.4463335597
2025-05-11T16:30:00.000+0000,408082.1695286102,37056.031695722144,1312004.671035875
2025-05-11T16:40:00.000+0000,408713.2301059461,37056.031695722144,1309198.4084693007
2025-05-11T16:50:00.000+0000,410063.1502751702,37056.031695722144,1309308.44269597
2025-05-11T17:00:00.000+0000,409007.87087461026,37056.031695722144,1311270.313187236
2025-05-11T17:10:00.000+0000,414836.9150257142,37312.31339621015,1312331.089079809
2025-05-11T17:20:00.000+0000,414055.43013417814,37312.31339621015,1313355.6686701938
2025-05-11T17:30:00.000+0000,410773.13842989015,37312.31339621015,1315532.0148069083
2025-05-11T17:40:00.000+0000,408647.5509613301,37416.95801349014,1316402.732802901
2025-05-11T17:50:00.000+0000,406938.08131198614,37416.95801349014,1318223.4416322303
2025-05-11T18:00:00.000+0000,408394.1573185461,37416.95801349014,1316350.559196761
2025-05-11T18:10:00.000+0000,409167.83502083423,37416.95801349014,1315188.6234618402
2025-05-11T18:20:00.000+0000,408783.8446790582,37416.95801349014,1315563.998878211
2025-05-11T18:30:00.000+0000,409638.68785697815,37416.95801349014,1313517.520554413
2025-05-11T18:40:00.000+0000,404104.1161992662,38937.69784757019,1323471.7660937067
2025-05-11T18:50:00.000+0000,404336.6056787702,38937.69784757019,1326084.2036296723
2025-05-11T19:00:00.000+0000,407341.70113760204,38937.69784757019,1325427.6766243489
2025-05-11T19:10:00.000+0000,404934.9151279862,40663.44084781019,1326115.1607407774
2025-05-11T19:20:00.000+0000,405365.87848126626,40663.44084781019,1327186.1811695592
2025-05-11T19:30:00.000+0000,407962.8378104182,40663.44084781019,1329546.845643802
2025-05-11T19:40:00.000+0000,412014.5870758102,40663.44084781019,1329154.6459882867
2025-05-11T19:50:00.000+0000,412885.39223392226,40663.44084781019,1326481.4290840386
2025-05-11T20:00:00.000+0000,415106.8229864662,43483.126193490265,1322277.7816826159
2025-05-11T20:10:00.000+0000,413563.82481331436,43483.126193490265,1323303.0457126428
2025-05-11T20:20:00.000+0000,413975.8185544342,43483.126193490265,1324890.916369352
2025-05-11T20:30:00.000+0000,416009.4872169142,43483.126193490265,1323735.40699525
2025-05-11T20:40:00.000+0000,417241.2708810103,45734.82639109029,1323584.8644387955
2025-05-11T20:50:00.000+0000,415794.79502817825,45769.31877509027,1324017.4897467417
2025-05-11T21:00:00.000+0000,416080.72630001843,47985.25160949029,1321662.2480812287
2025-05-11T21:10:00.000+0000,415336.27411859424,47985.25160949029,1320971.228344945
2025-05-11T21:20:00.000+0000,415025.42299859424,49045.98020720229,1323129.732616072
2025-05-11T21:30:00.000+0000,413241.5646278744,51298.98536000232,1323581.267906318
2025-05-11T21:40:00.000+0000,414520.52514027426,51298.98536000232,1322950.5917331274
2025-05-11T21:50:00.000+0000,409669.36945205036,51298.98536000232,1326952.7890030753
2025-05-11T22:00:00.000+0000,406529.97363952233,51298.98536000232,1322806.2470756907
2025-05-11T22:10:00.000+0000,409363.93826263427,56633.314799746244,1322900.5062752748
2025-05-11T22:20:00.000+0000,406875.2089501464,60832.240469746284,1321031.2544334417
2025-05-11T22:30:00.000+0000,407658.6366062261,60976.07131294626,1317023.9765119152
2025-05-11T22:40:00.000+0000,412905.8750545463,60976.07131294626,1315427.6020440008
2025-05-11T22:50:00.000+0000,411376.2154420023,60976.07131294626,1319596.7331260343
2025-05-11T23:00:00.000+0000,405451.47308076225,60976.07131294626,1321686.7930468656
2025-05-11T23:10:00.000+0000,404302.1321896422,60976.07131294626,1324117.6715517207
2025-05-11T23:20:00.000+0000,405491.61420215433,60976.07131294626,1323306.310175242
2025-05-11T23:30:00.000+0000,408746.8918350022,60976.07131294626,1321557.6038013846
2025-05-11T23:40:00.000+0000,408550.60795782635,60976.07131294626,1321016.9563450066
2025-05-11T23:50:00.000+0000,408396.3948171142,60976.07131294626,1324086.0283127471
2025-05-12T00:00:00.000+0000,407275.6576846662,60976.07131294626,1327684.1361862365
2025-05-12T00:10:00.000+0000,405105.9985216904,60976.07131294626,1328304.2738034213
2025-05-12T00:20:00.000+0000,401509.88174708234,59337.02426902628,1331427.0262114997
2025-05-12T00:30:00.000+0000,397494.6656617464,59337.02426902628,1337370.0010999637
2025-05-12T00:40:00.000+0000,398864.0237182104,59337.02426902628,1333360.109520075
2025-05-12T00:50:00.000+0000,400921.68895805837,59337.02426902628,1334475.6321423159
2025-05-12T01:00:00.000+0000,394124.1541398183,59373.62496502629,1337287.7381598558
2025-05-12T01:10:00.000+0000,392053.43283318635,60875.17374424227,1337572.3048627144
2025-05-12T01:20:00.000+0000,395888.5142716183,60875.17374424227,1332601.6575566628
2025-05-12T01:30:00.000+0000,401565.64673937025,62344.59009997825,1321033.7040499449
2025-05-12T01:40:00.000+0000,404686.2279556262,65189.11649690636,1322931.017849085
2025-05-12T01:50:00.000+0000,399298.8834818663,67847.2741482023,1325698.5247374533
2025-05-12T02:00:00.000+0000,393799.4372213384,68812.2053152183,1326974.4547046763
2025-05-12T02:10:00.000+0000,387537.6494123384,68953.3826029623,1328701.7934797814
2025-05-12T02:20:00.000+0000,385983.26531521825,68953.3826029623,1332268.2525250055
2025-05-12T02:30:00.000+0000,386968.5582597703,68953.3826029623,1335266.91155251
2025-05-12T02:40:00.000+0000,390204.77117660234,68953.3826029623,1331877.9949596259
2025-05-12T02:50:00.000+0000,393756.14576223434,68953.3826029623,1328249.5593112144
2025-05-12T03:00:00.000+0000,396036.79421269044,68953.3826029623,1326499.1433602944
2025-05-12T03:10:00.000+0000,398451.9370714744,68953.3826029623,1326081.5287730612
2025-05-12T03:20:00.000+0000,393582.82336117036,68953.3826029623,1329329.3003638156
2025-05-12T03:30:00.000+0000,397342.35266969836,68953.3826029623,1327866.7477847277
2025-05-12T03:40:00.000+0000,397982.4334051304,68953.3826029623,1327690.781697899
2025-05-12T03:50:00.000+0000,394181.5046726584,68960.3022628023,1330652.9547201067
2025-05-12T04:00:00.000+0000,393969.8862729224,69097.97123944231,1330782.345389157
2025-05-12T04:10:00.000+0000,386574.7716912504,69097.97123944231,1330742.8484932114
2025-05-12T04:20:00.000+0000,386026.84761146613,69097.97123944231,1328723.5281873387
2025-05-12T04:30:00.000+0000,380015.23047569004,69336.29902456207,1329315.2754925564
2025-05-12T04:40:00.000+0000,375012.80965645803,69336.29902456207,1331700.9965905654
2025-05-12T04:50:00.000+0000,367720.9790714341,69336.29902456207,1334652.75611839
2025-05-12T05:00:00.000+0000,370438.80812738603,69336.29902456207,1332826.2082957793
2025-05-12T05:10:00.000+0000,374491.00852158596,70102.9428184819,1329832.4456202474
2025-05-12T05:20:00.000+0000,388190.9381828819,70102.9428184819,1326462.1551806019
2025-05-12T05:30:00.000+0000,388242.9876100019,70102.9428184819,1324378.0640945972
2025-05-12T05:40:00.000+0000,387496.5926440499,72121.8346119219,1327542.8733779502
2025-05-12T05:50:00.000+0000,387243.367246562,72121.8346119219,1325713.3039594225
2025-05-12T06:00:00.000+0000,388028.82221948996,72121.8346119219,1324910.071242386
2025-05-12T06:10:00.000+0000,388062.3701696419,72121.8346119219,1324388.385300483
2025-05-12T06:20:00.000+0000,380915.1046199939,72121.8346119219,1326703.6282940062
2025-05-12T06:30:00.000+0000,379958.40901924996,72282.39326216198,1331247.9970681933
2025-05-12T06:40:00.000+0000,376969.423761938,72282.39326216198,1332804.0584830595
2025-05-12T06:50:00.000+0000,376436.491449138,72282.39326216198,1334780.6993561173
2025-05-12T07:00:00.000+0000,362153.278168338,72282.39326216198,1345201.432027186
2025-05-12T07:10:00.000+0000,361363.30336417,77990.47574008205,1354357.5657547833
2025-05-12T07:20:00.000+0000,355842.905138634,77990.47574008205,1356837.27692948
2025-05-12T07:30:00.000+0000,352043.4538432661,77990.47574008205,1360345.0085147368
2025-05-12T07:40:00.000+0000,365211.686632618,78072.09519224214,1340725.7662592146
2025-05-12T07:50:00.000+0000,376090.49533764226,78149.69286440215,1340175.105551025
2025-05-12T08:00:00.000+0000,379342.429617314,78149.69286440215,1337757.0296437058
2025-05-12T08:10:00.000+0000,380646.57442614634,80346.95719556222,1334567.0800612536
2025-05-12T08:20:00.000+0000,380377.01291801024,80380.78890852223,1334854.5736445235
2025-05-12T08:30:00.000+0000,374609.14722495433,80485.41813812222,1339202.1941424191
2025-05-12T08:40:00.000+0000,365197.9167873143,80485.41813812222,1343084.9952369987
2025-05-12T08:50:00.000+0000,363712.07502242626,80487.95890388222,1349768.5638353436
2025-05-12T09:00:00.000+0000,362368.83705316216,80487.95890388222,1347854.448651311
2025-05-12T09:10:00.000+0000,360065.73203234625,80487.95890388222,1346774.402648474
2025-05-12T09:20:00.000+0000,362326.73389265826,80720.37602132221,1346898.652747618
2025-05-12T09:30:00.000+0000,363231.17733859416,80730.5109069222,1344406.7870888116
2025-05-12T09:40:00.000+0000,368114.4116233942,73951.25478692219,1342051.2550757122
2025-05-12T09:50:00.000+0000,369762.16584751406,74072.09643620212,1341318.1942212083
2025-05-12T10:00:00.000+0000,370238.63551659405,74072.09643620212,1339133.4283175517
2025-05-12T10:10:00.000+0000,371217.4756175541,75416.87545164213,1339824.0366052778
2025-05-12T10:20:00.000+0000,371455.37226785807,75416.87545164213,1338093.7903836314
2025-05-12T10:30:00.000+0000,369914.35474891413,75416.87545164213,1339613.0063885888
2025-05-12T10:40:00.000+0000,369844.28747761017,75416.87545164213,1342000.1447596692
2025-05-12T10:50:00.000+0000,368402.51990513806,75504.1791527621,1343208.760770077
2025-05-12T11:00:00.000+0000,368431.4763314501,75577.86945332219,1344235.0264854876
2025-05-12T11:10:00.000+0000,370025.1479134182,75577.86945332219,1342574.3168595468
2025-05-12T11:20:00.000+0000,373264.406261954,76420.33204364212,1340152.9878897504
2025-05-12T11:30:00.000+0000,371343.5826411622,76803.94750556204,1339167.4912043079
2025-05-12T11:40:00.000+0000,372528.44683089026,78585.42448292217,1335651.9085155765
2025-05-12T11:50:00.000+0000,379119.9158137862,78585.42448292217,1330350.8398766213
2025-05-12T12:00:00.000+0000,381971.4686050983,63633.65790908225,1332477.8708219193
2025-05-12T12:10:00.000+0000,382560.3309941223,63633.65790908225,1335104.5533696772
2025-05-12T12:20:00.000+0000,383325.5911158662,64519.37936460227,1335563.5771783101
2025-05-12T12:30:00.000+0000,384132.1237631542,64678.860677402234,1337291.6150451612
2025-05-12T12:40:00.000+0000,381326.29415401036,64720.01812508225,1340666.8132203228
2025-05-12T12:50:00.000+0000,380460.49575728225,64720.01812508225,1341831.7804863846
2025-05-12T13:00:00.000+0000,380751.71536506625,64720.01812508225,1340458.697889646
2025-05-12T13:10:00.000+0000,376051.54215415433,64720.01812508225,1342804.698852112
2025-05-12T13:20:00.000+0000,375843.2981027783,64720.01812508225,1345886.9261753722
2025-05-12T13:30:00.000+0000,375701.54344729823,65356.61386074626,1343322.207527962
2025-05-12T13:40:00.000+0000,381370.36997014633,65338.40539420225,1340851.1683654939
2025-05-12T13:50:00.000+0000,375375.3288129703,65338.40539420225,1350856.2715397114
2025-05-12T14:00:00.000+0000,371361.19488121825,65450.53787639424,1349943.3736172868
2025-05-12T14:10:00.000+0000,370861.85454332235,65450.53787639424,1351438.1027301063
2025-05-12T14:20:00.000+0000,373235.24274257827,65759.23921759425,1329676.416418223
2025-05-12T14:30:00.000+0000,388930.0030416504,66578.84525779427,1324884.8111211907
2025-05-12T14:40:00.000+0000,385916.01463287446,72279.97230451436,1333739.4562550879
2025-05-12T14:50:00.000+0000,392487.3216382664,72324.34277971437,1327489.064911527
2025-05-12T15:00:00.000+0000,395119.1403276023,72615.80662195418,1321269.3981678407
2025-05-12T15:10:00.000+0000,395649.8058452902,75301.23866626616,1324192.502083913
2025-05-12T15:20:00.000+0000,395364.1063179062,75945.49884546617,1327339.7702642507
2025-05-12T15:30:00.000+0000,397387.62069032213,75945.49884546617,1323391.0475991576
2025-05-12T15:40:00.000+0000,401991.40807163424,75945.49884546617,1318442.7815210896
2025-05-12T15:50:00.000+0000,402920.84494681825,75945.49884546617,1318139.7061367615
2025-05-12T16:00:00.000+0000,406210.7401934025,77900.61420090626,1312902.7475430826
2025-05-12T16:10:00.000+0000,402043.7159018664,79177.52945082636,1316236.1357004168
2025-05-12T16:20:00.000+0000,401012.56093630637,79268.55517194631,1325115.507139647
2025-05-12T16:30:00.000+0000,401620.2168823382,79268.55517194631,1322838.9936000716
2025-05-12T16:40:00.000+0000,405333.21616469044,79268.55517194631,1322845.3681531674
2025-05-12T16:50:00.000+0000,404233.81233193836,79268.55517194631,1326094.2354069506
2025-05-12T17:00:00.000+0000,400598.7764689144,79268.55517194631,1326154.7170091318
2025-05-12T17:10:00.000+0000,401293.8111559863,79268.55517194631,1326906.5769777864
2025-05-12T17:20:00.000+0000,404053.84599028237,79268.55517194631,1321305.0664147448
2025-05-12T17:30:00.000+0000,406190.34538231435,79268.55517194631,1319909.4288463993
2025-05-12T17:40:00.000+0000,409768.61479485827,79268.55517194631,1310163.9810697222
2025-05-12T17:50:00.000+0000,414967.2047631223,79268.55517194631,1310029.4098543925
2025-05-12T18:00:00.000+0000,413450.3171048342,79948.4341932583,1301089.3416170864
2025-05-12T18:10:00.000+0000,420524.45904021035,80867.24434662629,1300688.3028643208
2025-05-12T18:20:00.000+0000,421258.0987485383,83425.88986137033,1296928.6731458148
2025-05-12T18:30:00.000+0000,428054.39926501026,88460.78481049834,1293993.8107209723
2025-05-12T18:40:00.000+0000,429827.03468128224,119308.2199742023,1284464.1739681722
2025-05-12T18:50:00.000+0000,431685.25759273826,130479.36348413827,1286016.395901547
2025-05-12T19:00:00.000+0000,428579.2723103861,138778.45874225823,1294724.686342191
2025-05-12T19:10:00.000+0000,428524.7634523862,139065.7557206582,1299630.3522023289
2025-05-12T19:20:00.000+0000,429157.06252813037,140581.79192065823,1297810.1459657806
2025-05-12T19:30:00.000+0000,430155.93927693827,140581.79192065823,1299208.9683845863
2025-05-12T19:40:00.000+0000,428414.8250834984,140581.79192065823,1295875.230518878
2025-05-12T19:50:00.000+0000,428263.1130802742,141318.94092929826,1301369.9528653803
2025-05-12T20:00:00.000+0000,427753.4418237302,141318.94092929826,1299976.458002292
2025-05-12T20:10:00.000+0000,428843.09792091436,141318.94092929826,1300215.2567342422
2025-05-12T20:20:00.000+0000,427193.56775159424,141318.94092929826,1303837.2834470812
2025-05-12T20:30:00.000+0000,425173.0171962263,141318.94092929826,1308677.5548296506
2025-05-12T20:40:00.000+0000,423879.09220499423,141318.94092929826,1310223.0949727606
2025-05-12T20:50:00.000+0000,421423.4147798263,141318.94092929826,1311993.476638407
2025-05-12T21:00:00.000+0000,420471.51414004224,141318.94092929826,1312320.5314057767
2025-05-12T21:10:00.000+0000,420698.20018601033,141318.94092929826,1311868.4654738733
2025-05-12T21:20:00.000+0000,420599.7879688183,141318.94092929826,1309213.24902233
2025-05-12T21:30:00.000+0000,418239.7495611783,141318.94092929826,1309155.779772011
2025-05-12T21:40:00.000+0000,418547.2953375703,141318.94092929826,1311906.5006626898
2025-05-12T21:50:00.000+0000,419289.22351981024,141318.94092929826,1311559.1302424443
2025-05-12T22:00:00.000+0000,418886.44233274634,141318.94092929826,1310638.101286708
2025-05-12T22:10:00.000+0000,418661.39901154616,141318.94092929826,1314095.2531543435
2025-05-12T22:20:00.000+0000,416226.9664169062,141318.94092929826,1315694.2027580936
2025-05-12T22:30:00.000+0000,413164.1945261623,141318.94092929826,1317368.565056072
2025-05-12T22:40:00.000+0000,412905.00852097827,142799.7729152183,1319010.752973623
2025-05-12T22:50:00.000+0000,414766.1536727704,148263.36837934633,1318268.9053825266
2025-05-12T23:00:00.000+0000,415320.4272488903,148263.36837934633,1318857.2611659514
2025-05-12T23:10:00.000+0000,415008.2742712103,148263.36837934633,1319987.4308699379
2025-05-12T23:20:00.000+0000,413379.49536758626,148263.36837934633,1322439.6371372482
2025-05-12T23:30:00.000+0000,414484.5650840022,148263.36837934633,1319443.4336002953
2025-05-12T23:40:00.000+0000,415062.8947598345,148877.3884699865,1320703.7336419995
2025-05-12T23:50:00.000+0000,415117.01553854655,150227.9002955065,1320290.8760419078
2025-05-13T00:00:00.000+0000,415203.21181631426,150227.9002955065,1317148.9590533294
2025-05-13T00:10:00.000+0000,418612.7760910263,151477.47143822623,1314142.555365691
2025-05-13T00:20:00.000+0000,419087.6341704098,177282.4058623058,1311979.7452558854
2025-05-13T00:30:00.000+0000,420138.22870186577,179255.74592630577,1309362.547496401
2025-05-13T00:40:00.000+0000,420996.58191950584,179255.74592630577,1307084.1221870699
2025-05-13T00:50:00.000+0000,421217.0005134498,179411.68357630575,1306645.689754373
2025-05-13T01:00:00.000+0000,423995.3910314418,179411.68357630575,1307454.9835938127
2025-05-13T01:10:00.000+0000,428183.30674645776,179411.68357630575,1304367.9437321462
2025-05-13T01:20:00.000+0000,428519.06893164973,179411.68357630575,1305747.5676923767
2025-05-13T01:30:00.000+0000,429477.5159501378,181442.8373523058,1299463.449283769
2025-05-13T01:40:00.000+0000,431324.3823240978,181442.8373523058,1297366.5928473882
2025-05-13T01:50:00.000+0000,429957.88378818583,196707.9442892658,1303349.1464494073
2025-05-13T02:00:00.000+0000,430571.42509216187,196707.9442892658,1298519.2468096847
2025-05-13T02:10:00.000+0000,434370.12482925784,196707.9442892658,1289125.013998503
2025-05-13T02:20:00.000+0000,436143.9292196016,198419.4454720818,1288399.320415813
2025-05-13T02:30:00.000+0000,437104.3896660578,200203.09339129773,1293051.8247527094
2025-05-13T02:40:00.000+0000,437971.87101534574,200203.09339129773,1290176.3167483057
2025-05-13T02:50:00.000+0000,437738.01915661775,200203.09339129773,1291116.3107322834
2025-05-13T03:00:00.000+0000,437638.07363704965,200203.09339129773,1291130.13045094
2025-05-13T03:10:00.000+0000,437178.3320348017,200203.09339129773,1294359.213013902
2025-05-13T03:20:00.000+0000,437877.4372928098,200203.09339129773,1286733.2595093339
2025-05-13T03:30:00.000+0000,440243.8175828819,200203.09339129773,1285998.6072252756
2025-05-13T03:40:00.000+0000,438463.3429430097,200365.88125673775,1287861.6060352118
2025-05-13T03:50:00.000+0000,439893.1083049376,200365.88125673775,1284520.1446744741
2025-05-13T04:00:00.000+0000,437821.38193300174,200365.88125673775,1284611.304783666
2025-05-13T04:10:00.000+0000,436741.16253041767,200365.88125673775,1286272.2647286023
2025-05-13T04:20:00.000+0000,433137.12135179376,200365.88125673775,1292989.79855648
2025-05-13T04:30:00.000+0000,432271.1442481457,200530.5514151377,1295841.0902346633
2025-05-13T04:40:00.000+0000,432712.2844334419,200631.2735728978,1297859.1997356792
2025-05-13T04:50:00.000+0000,432413.65891512984,201046.6574996978,1299755.2261032935
2025-05-13T05:00:00.000+0000,431248.0954524578,201046.6574996978,1301189.1431068887
2025-05-13T05:10:00.000+0000,430458.86572175374,201046.6574996978,1302433.7388824169
2025-05-13T05:20:00.000+0000,430217.95027841785,201046.6574996978,1300373.3119002483
2025-05-13T05:30:00.000+0000,430194.1265126898,201046.6574996978,1295284.0096328838
2025-05-13T05:40:00.000+0000,429317.24186206574,201046.6574996978,1296200.1833986882
2025-05-13T05:50:00.000+0000,427856.96150168177,201046.6574996978,1296853.8543056417
2025-05-13T06:00:00.000+0000,426282.7059944179,201046.6574996978,1301115.5434421194
2025-05-13T06:10:00.000+0000,426292.9916193299,201046.6574996978,1303195.4532163246
2025-05-13T06:20:00.000+0000,425061.8033785138,201046.6574996978,1301465.0862141037
2025-05-13T06:30:00.000+0000,423425.65841245773,201046.6574996978,1303037.1833964835
2025-05-13T06:40:00.000+0000,424259.8792414658,201046.6574996978,1304725.5265893731
2025-05-13T06:50:00.000+0000,425674.4235100178,201046.6574996978,1303463.788734857
2025-05-13T07:00:00.000+0000,423618.02459629776,201046.6574996978,1304740.0029743416
2025-05-13T07:10:00.000+0000,421993.13490880973,201046.6574996978,1308007.880961186
2025-05-13T07:20:00.000+0000,421356.3043711378,201046.6574996978,1309695.464407061
2025-05-13T07:30:00.000+0000,422095.3297874498,201046.6574996978,1308423.1553910682
2025-05-13T07:40:00.000+0000,422119.9997256979,201046.6574996978,1307942.02103563
2025-05-13T07:50:00.000+0000,422471.6988211538,201046.6574996978,1306869.0274649183
2025-05-13T08:00:00.000+0000,422469.91700774577,201046.6574996978,1308331.2960757907
2025-05-13T08:10:00.000+0000,422629.34052681783,201046.6574996978,1308817.1934251266
2025-05-13T08:20:00.000+0000,423509.32540527376,201134.12596889774,1304775.8587179054
2025-05-13T08:30:00.000+0000,423083.13774837763,201209.73203561772,1304625.2550620602
2025-05-13T08:40:00.000+0000,421375.11075398576,201209.73203561772,1308869.253038317
2025-05-13T08:50:00.000+0000,421256.59922911384,201209.73203561772,1308079.5391821393
2025-05-13T09:00:00.000+0000,420310.8500242417,201209.73203561772,1310134.2135461518
2025-05-13T09:10:00.000+0000,418359.94845507364,201209.73203561772,1312677.1095224842
2025-05-13T09:20:00.000+0000,417437.34949517786,201209.73203561772,1316224.5243054684
2025-05-13T09:30:00.000+0000,416423.48925276176,201315.51822890577,1316271.9023589317
2025-05-13T09:40:00.000+0000,417798.4334167617,202892.5798694658,1317507.3432920054
2025-05-13T09:50:00.000+0000,417742.50297693774,204381.19526367378,1319993.9904340191
2025-05-13T10:00:00.000+0000,417861.5931784978,204744.90510284176,1318795.6725473118
2025-05-13T10:10:00.000+0000,422371.66778005776,204744.90510284176,1316399.2292317217
2025-05-13T10:20:00.000+0000,423617.2811415379,204744.90510284176,1318530.2134856482
2025-05-13T10:30:00.000+0000,424849.30792098586,204744.90510284176,1317686.176175105
2025-05-13T10:40:00.000+0000,424317.13369123376,204744.90510284176,1318746.704792766
2025-05-13T10:50:00.000+0000,422356.6375338818,204744.90510284176,1320927.5132056563
2025-05-13T11:00:00.000+0000,422720.2226029458,204744.90510284176,1320068.542123307
2025-05-13T11:10:00.000+0000,422634.47489603376,204744.90510284176,1319825.0109915438
2025-05-13T11:20:00.000+0000,420004.5584536819,204744.90510284176,1322634.6051634247
2025-05-13T11:30:00.000+0000,418891.8624431858,204744.90510284176,1325273.4085525186
2025-05-13T11:40:00.000+0000,419158.3002822577,204744.90510284176,1328667.3895336837
2025-05-13T11:50:00.000+0000,417725.29552392184,204744.90510284176,1326233.8949214045
2025-05-13T12:00:00.000+0000,419110.0083767138,204744.90510284176,1324095.9975964995
2025-05-13T12:10:00.000+0000,408462.61340248183,204744.90510284176,1322371.779270106
2025-05-13T12:20:00.000+0000,408256.44697767386,204744.90510284176,1320838.6772515557
2025-05-13T12:30:00.000+0000,401368.5922032498,204856.45439196177,1327400.920876039
2025-05-13T12:40:00.000+0000,401818.4616095777,204856.45439196177,1332722.8034869714
2025-05-13T12:50:00.000+0000,401449.59339041775,204856.45439196177,1330364.7796607888
2025-05-13T13:00:00.000+0000,401223.26720632974,204856.45439196177,1329136.258359306
2025-05-13T13:10:00.000+0000,402320.7432325618,204856.45439196177,1329651.7599703015
2025-05-13T13:20:00.000+0000,402028.8967167058,204856.45439196177,1334715.7161470132
2025-05-13T13:30:00.000+0000,401554.2755976018,204856.45439196177,1337066.5845500673
2025-05-13T13:40:00.000+0000,402954.08805104176,204856.45439196177,1332078.9329789458
2025-05-13T13:50:00.000+0000,405097.3364695298,204856.45439196177,1334147.824210648
2025-05-13T14:00:00.000+0000,405774.0296715379,204856.45439196177,1330586.9818455782
2025-05-13T14:10:00.000+0000,416555.1674658498,204856.45439196177,1326368.951943448
2025-05-13T14:20:00.000+0000,414127.1311001298,205287.84979932182,1333309.7023415759
2025-05-13T14:30:00.000+0000,415428.3895798737,205287.84979932182,1329792.0983296311
2025-05-13T14:40:00.000+0000,417031.47276652977,205287.84979932182,1326198.4540030793
2025-05-13T14:50:00.000+0000,418891.5069478098,205503.35765500178,1328620.9705097005
2025-05-13T15:00:00.000+0000,418462.4909953619,205503.35765500178,1329556.4699361124
2025-05-13T15:10:00.000+0000,417424.92486284184,205503.35765500178,1335652.7629727987
2025-05-13T15:20:00.000+0000,416750.6099566738,205503.35765500178,1335235.6808948498
2025-05-13T15:30:00.000+0000,418079.6335765219,205503.35765500178,1336427.0951871723
2025-05-13T15:40:00.000+0000,418720.5512019059,205503.35765500178,1339297.2550054973
2025-05-13T15:50:00.000+0000,416996.90794052987,205503.35765500178,1338686.7517942744
2025-05-13T16:00:00.000+0000,414176.50265126594,205503.35765500178,1341003.9119847165
2025-05-13T16:10:00.000+0000,411866.58131786576,205503.35765500178,1348793.6151668946
2025-05-13T16:20:00.000+0000,410988.2344679378,205503.35765500178,1349420.1399348855
2025-05-13T16:30:00.000+0000,409248.1134792977,205620.83419852177,1351209.972970923
2025-05-13T16:40:00.000+0000,410382.2480052497,205620.83419852177,1350310.4708436914
2025-05-13T16:50:00.000+0000,410969.4028452977,205620.83419852177,1347968.7760421424
2025-05-13T17:00:00.000+0000,409654.49863088166,205620.83419852177,1351615.6643200412
2025-05-13T17:10:00.000+0000,410083.3452888738,205620.83419852177,1352849.3801927026
2025-05-13T17:20:00.000+0000,406940.60794171377,205620.83419852177,1354284.7336925766
2025-05-13T17:30:00.000+0000,408466.2204545297,205748.3061393217,1349944.9239666667
2025-05-13T17:40:00.000+0000,405889.2706249617,205748.3061393217,1356867.8315479208
2025-05-13T17:50:00.000+0000,406598.58358027367,205748.3061393217,1358245.5866691521
2025-05-13T18:00:00.000+0000,399630.7761791617,205748.3061393217,1359485.5021711448
2025-05-13T18:10:00.000+0000,398414.5755286737,205748.3061393217,1360966.310425581
2025-05-13T18:20:00.000+0000,398888.8232667217,205748.3061393217,1361596.4067458957
2025-05-13T18:30:00.000+0000,397383.49194596166,205748.3061393217,1364615.2735684132
2025-05-13T18:40:00.000+0000,397488.51497027365,205748.3061393217,1362713.995899136
2025-05-13T18:50:00.000+0000,397679.47491000965,205748.3061393217,1367302.5682547512
2025-05-13T19:00:00.000+0000,398551.6843038337,205748.3061393217,1369598.4414585761
2025-05-13T19:10:00.000+0000,399335.7474511136,205748.3061393217,1372088.7864852985
2025-05-13T19:20:00.000+0000,396444.2074951456,209776.11631132173,1377445.5201963426
2025-05-13T19:30:00.000+0000,394355.43901780975,209776.11631132173,1385096.6664045968
2025-05-13T19:40:00.000+0000,392987.8718574818,209776.11631132173,1388302.6669623654
2025-05-13T19:50:00.000+0000,394525.081724986,210310.93331516196,1383544.2232575193
2025-05-13T20:00:00.000+0000,397223.646934354,210310.93331516196,1378659.592897011
2025-05-13T20:10:00.000+0000,398582.51523933787,210436.56802692197,1378402.3862838082
2025-05-13T20:20:00.000+0000,397721.57192543393,210436.56802692197,1378592.2766742182
2025-05-13T20:30:00.000+0000,397751.0572982501,210436.56802692197,1383146.4469495197
2025-05-13T20:40:00.000+0000,398221.41050441796,210436.56802692197,1386302.4342138146
2025-05-13T20:50:00.000+0000,398876.36558085,210436.56802692197,1387150.637904822
2025-05-13T21:00:00.000+0000,399510.05404419394,210436.56802692197,1384409.0140384347
2025-05-13T21:10:00.000+0000,401436.01159455394,210436.56802692197,1382620.505220611
2025-05-13T21:20:00.000+0000,400413.0310042579,210436.56802692197,1383493.9818309306
2025-05-13T21:30:00.000+0000,398909.9431872579,210436.56802692197,1385253.1917492696
2025-05-13T21:40:00.000+0000,401004.04881145793,210436.56802692197,1383644.9856835764
2025-05-13T21:50:00.000+0000,400535.8760994979,210436.56802692197,1386732.9067237568
2025-05-13T22:00:00.000+0000,400512.51759126596,210436.56802692197,1384106.592600416
2025-05-13T22:10:00.000+0000,400479.41834186594,210436.56802692197,1385492.8654717356
2025-05-13T22:20:00.000+0000,399612.26576934604,210436.56802692197,1387057.2717206273
2025-05-13T22:30:00.000+0000,400723.15943287406,210436.56802692197,1386856.3170819734
2025-05-13T22:40:00.000+0000,400549.4433669939,210436.56802692197,1387198.9126732873
2025-05-13T22:50:00.000+0000,400988.7115710739,210436.56802692197,1383932.9254247237
2025-05-13T23:00:00.000+0000,400686.1388230739,210436.56802692197,1379659.85102314
2025-05-13T23:10:00.000+0000,398320.3164263301,210436.56802692197,1385245.0746426913
2025-05-13T23:20:00.000+0000,398608.6138537301,210436.56802692197,1382657.1033830107
2025-05-13T23:30:00.000+0000,399349.37894718605,210436.56802692197,1383294.9797860011
2025-05-13T23:40:00.000+0000,397818.782404786,210436.56802692197,1387342.1707001666
2025-05-13T23:50:00.000+0000,397277.36173810594,210436.56802692197,1387075.0934289927
2025-05-14T00:00:00.000+0000,399239.6317552341,210436.56802692197,1383460.9957738821
2025-05-14T00:10:00.000+0000,399572.7743977382,211321.47453492202,1385598.3924552705
2025-05-14T00:20:00.000+0000,399631.37619876233,211915.71995796214,1383920.8489360344
2025-05-14T00:30:00.000+0000,400489.7104515862,211915.71995796214,1383717.9501080005
2025-05-14T00:40:00.000+0000,400668.48185995425,212841.99694308214,1383599.982271613
2025-05-14T00:50:00.000+0000,400967.61581119406,212841.99694308214,1383617.8406615364
2025-05-14T01:00:00.000+0000,400064.57396308216,212841.99694308214,1385047.843106043
2025-05-14T01:10:00.000+0000,398429.65645427426,213216.98671108217,1389251.6349296086
2025-05-14T01:20:00.000+0000,400148.9838910742,216698.4467131622,1389562.1377301705
2025-05-14T01:30:00.000+0000,400780.9322076503,221417.89872868216,1391112.219060295
2025-05-14T01:40:00.000+0000,400293.36328508216,226666.82612476218,1385557.3871312058
2025-05-14T01:50:00.000+0000,401967.48152819416,226666.82612476218,1381290.7049844319
2025-05-14T02:00:00.000+0000,402008.04185395426,233569.7593567622,1368657.6186710752
2025-05-14T02:10:00.000+0000,401237.36320050614,233569.7593567622,1367937.8065061793
2025-05-14T02:20:00.000+0000,401232.6340068902,233569.7593567622,1366341.950230753
2025-05-14T02:30:00.000+0000,400233.0694987301,233786.71005724222,1365166.4371274833
2025-05-14T02:40:00.000+0000,399514.0549509062,234089.19007948218,1369490.2836210318
2025-05-14T02:50:00.000+0000,401865.3484700581,234089.19007948218,1367980.4404485212
2025-05-14T03:00:00.000+0000,402114.6485802903,234089.19007948218,1364919.3309515065
2025-05-14T03:10:00.000+0000,402581.55490617006,234224.13933364212,1366102.6147130763
2025-05-14T03:20:00.000+0000,403807.338803922,234224.13933364212,1364180.4678950137
2025-05-14T03:30:00.000+0000,403013.6860344821,234224.13933364212,1364159.6565643921
2025-05-14T03:40:00.000+0000,401699.1124253701,234224.13933364212,1367456.7431662418
2025-05-14T03:50:00.000+0000,401565.97363168217,234398.11224388206,1367626.106375487
2025-05-14T04:00:00.000+0000,402228.94820737815,234398.11224388206,1366702.785254152
2025-05-14T04:10:00.000+0000,402436.644087642,234398.11224388206,1367164.4253066005
2025-05-14T04:20:00.000+0000,402888.1123038981,234398.11224388206,1369478.4498918257
2025-05-14T04:30:00.000+0000,401525.9275741782,234398.11224388206,1372091.3602998198
2025-05-14T04:40:00.000+0000,401596.21197164204,234398.11224388206,1376787.2947638643
2025-05-14T04:50:00.000+0000,402624.57180509815,234398.11224388206,1375928.5599783745
2025-05-14T05:00:00.000+0000,401351.86390660226,234398.11224388206,1378816.1012734533
2025-05-14T05:10:00.000+0000,401461.24826905003,234398.11224388206,1377510.7938830294
2025-05-14T05:20:00.000+0000,400968.02196601,234398.11224388206,1376718.2212450393
2025-05-14T05:30:00.000+0000,398414.08149421815,234398.11224388206,1375807.1239047467
2025-05-14T05:40:00.000+0000,396333.63157670613,234398.11224388206,1379113.422072168
2025-05-14T05:50:00.000+0000,395499.4930917701,234398.11224388206,1382328.9168444271
2025-05-14T06:00:00.000+0000,394719.42688437796,234398.11224388206,1380807.0831372035
2025-05-14T06:10:00.000+0000,393678.4158100182,234398.11224388206,1380070.4297035048
2025-05-14T06:20:00.000+0000,393550.75689891406,234398.11224388206,1378717.8411495592
2025-05-14T06:30:00.000+0000,393572.6695647461,234398.11224388206,1380112.6372841462
2025-05-14T06:40:00.000+0000,393919.3897365302,234398.11224388206,1380931.9918215827
2025-05-14T06:50:00.000+0000,394530.8011757621,234398.11224388206,1383827.773958022
2025-05-14T07:00:00.000+0000,396855.573428914,234398.11224388206,1380485.988608767
2025-05-14T07:10:00.000+0000,396303.64390605,234398.11224388206,1376601.5809244437
2025-05-14T07:20:00.000+0000,398698.09711980197,234398.11224388206,1370836.1972922035
2025-05-14T07:30:00.000+0000,399757.4905065381,234398.11224388206,1370896.7443132256
2025-05-14T07:40:00.000+0000,399787.04621304205,234398.11224388206,1373766.2829335514
2025-05-14T07:50:00.000+0000,400878.62539053016,234398.11224388206,1372454.908544834
2025-05-14T08:00:00.000+0000,401828.2908099221,234398.11224388206,1365208.5691378713
2025-05-14T08:10:00.000+0000,405448.8829371861,234398.11224388206,1363430.8939129417
2025-05-14T08:20:00.000+0000,403196.86040765804,234398.11224388206,1366832.4164148662
2025-05-14T08:30:00.000+0000,402917.07150798605,234398.11224388206,1364759.361391837
2025-05-14T08:40:00.000+0000,401676.0188450261,234398.11224388206,1366079.2910422971
2025-05-14T08:50:00.000+0000,406332.14739987423,234398.11224388206,1353955.7825737405
2025-05-14T09:00:00.000+0000,408853.36460124206,234474.95761836207,1347905.3855230478
2025-05-14T09:10:00.000+0000,410047.10737241805,246823.02005932198,1353030.0048797014
2025-05-14T09:20:00.000+0000,410139.045912698,246823.02005932198,1352468.2373970817
2025-05-14T09:30:00.000+0000,410288.0144424579,246823.02005932198,1354894.868113039
2025-05-14T09:40:00.000+0000,410709.2588371299,246823.02005932198,1355512.474984517
2025-05-14T09:50:00.000+0000,409974.8583279299,246823.02005932198,1357461.7092463628
2025-05-14T10:00:00.000+0000,409118.10767721006,246823.02005932198,1360857.0121284667
2025-05-14T10:10:00.000+0000,407982.049771194,246823.02005932198,1356951.9073040627
2025-05-14T10:20:00.000+0000,408126.21122968994,246823.02005932198,1357246.5899559965
2025-05-14T10:30:00.000+0000,408402.84857262595,246823.02005932198,1361095.7882304147
2025-05-14T10:40:00.000+0000,409192.76075693,246823.02005932198,1358976.2038166653
2025-05-14T10:50:00.000+0000,410683.46823613,246823.02005932198,1357500.5374047398
2025-05-14T11:00:00.000+0000,408782.09107571404,246823.02005932198,1359192.3006124208
2025-05-14T11:10:00.000+0000,408165.6499834261,246823.02005932198,1362488.8056237139
2025-05-14T11:20:00.000+0000,408052.274166698,246823.02005932198,1362758.1794760837
2025-05-14T11:30:00.000+0000,406576.83536277787,246823.02005932198,1364965.986096633
2025-05-14T11:40:00.000+0000,406523.1262944341,246823.02005932198,1369521.7746108656
2025-05-14T11:50:00.000+0000,407055.15834801795,246823.02005932198,1367133.0727684866
2025-05-14T12:00:00.000+0000,408313.1042855379,246823.02005932198,1366611.4881751304
2025-05-14T12:10:00.000+0000,407992.99528776994,246823.02005932198,1370145.6682961683
2025-05-14T12:20:00.000+0000,408036.72639487404,246823.02005932198,1369821.2022318232
2025-05-14T12:30:00.000+0000,409235.6476199699,246823.02005932198,1365209.8714429885
2025-05-14T12:40:00.000+0000,412631.13607435394,246823.02005932198,1365066.0685306017
2025-05-14T12:50:00.000+0000,415520.16748876194,246823.02005932198,1362097.8708934477
2025-05-14T13:00:00.000+0000,417092.24703818595,246823.02005932198,1361165.7783330234
2025-05-14T13:10:00.000+0000,418205.0983943061,246823.02005932198,1362417.9495770514
2025-05-14T13:20:00.000+0000,418572.349458226,246823.02005932198,1361631.969162674
2025-05-14T13:30:00.000+0000,417259.30567427404,246823.02005932198,1361777.5736623115
2025-05-14T13:40:00.000+0000,420127.39932230604,246823.02005932198,1351286.2138173988
2025-05-14T13:50:00.000+0000,422244.844110226,246823.02005932198,1353330.4086200257
2025-05-14T14:00:00.000+0000,423607.76564003504,257479.09047764307,1354895.7078311685
2025-05-14T14:10:00.000+0000,424746.2776611872,258445.57876796307,1344655.6122214287
2025-05-14T14:20:00.000+0000,426874.69391490717,258445.57876796307,1342862.8055830686
2025-05-14T14:30:00.000+0000,425678.1372266671,258445.57876796307,1341842.2807020776
2025-05-14T14:40:00.000+0000,425109.52370169107,258445.57876796307,1346204.8483988927
2025-05-14T14:50:00.000+0000,425251.11015184305,258813.02457596312,1347551.5736066091
2025-05-14T15:00:00.000+0000,425490.8913732831,258813.02457596312,1339329.9496839286
2025-05-14T15:10:00.000+0000,425808.38404578733,258813.02457596312,1345095.4802789143
2025-05-14T15:20:00.000+0000,426992.67902125104,258813.02457596312,1342715.167377775
2025-05-14T15:30:00.000+0000,426159.2782956352,258813.02457596312,1344131.3985367368
2025-05-14T15:40:00.000+0000,426365.73505798716,258813.02457596312,1347549.8804595773
2025-05-14T15:50:00.000+0000,425846.7387374672,258813.02457596312,1348337.4228886447
2025-05-14T16:00:00.000+0000,424861.2374697071,258813.02457596312,1350389.8675450694
2025-05-14T16:10:00.000+0000,424266.62292220304,258813.02457596312,1347091.4509937963
2025-05-14T16:20:00.000+0000,426544.61918610707,258813.02457596312,1345975.7408767384
2025-05-14T16:30:00.000+0000,426251.70921169926,258813.02457596312,1347479.8661624654
2025-05-14T16:40:00.000+0000,426979.24489715515,258813.02457596312,1342198.3879785808
2025-05-14T16:50:00.000+0000,428350.07297665917,258813.02457596312,1342787.2134425067
2025-05-14T17:00:00.000+0000,429272.2477761551,258813.02457596312,1343011.176237432
2025-05-14T17:10:00.000+0000,431882.46899729915,258813.02457596312,1336445.5539862895
2025-05-14T17:20:00.000+0000,431731.4650571712,258813.02457596312,1331269.5546495065
2025-05-14T17:30:00.000+0000,431235.0346094991,258813.02457596312,1337291.710640674
2025-05-14T17:40:00.000+0000,430832.6928406192,258813.02457596312,1341132.800106063
2025-05-14T17:50:00.000+0000,430779.6646171632,260274.86891416315,1342485.0744208682
2025-05-14T18:00:00.000+0000,429233.71132000315,261365.4983220751,1344833.6843038606
2025-05-14T18:10:00.000+0000,429628.4579198833,261365.4983220751,1342029.0832328969
2025-05-14T18:20:00.000+0000,429150.5014711795,262840.4249260835,1346904.225105519
2025-05-14T18:30:00.000+0000,429710.3979054116,263327.67053750745,1346995.4644487093
2025-05-14T18:40:00.000+0000,429186.05439606786,266251.9200748597,1348470.8700698307
2025-05-14T18:50:00.000+0000,428621.6652189079,270138.7641800037,1348096.3232845478
2025-05-14T19:00:00.000+0000,428971.73848606786,273538.62129665987,1352020.3549789912
2025-05-14T19:10:00.000+0000,428819.8160912919,273538.62129665987,1353552.4276285274
2025-05-14T19:20:00.000+0000,428931.65985464386,273538.62129665987,1352639.430855151
2025-05-14T19:30:00.000+0000,429303.9887330599,273538.62129665987,1352400.939082981
2025-05-14T19:40:00.000+0000,429195.39900439593,273538.62129665987,1351918.6679583758
2025-05-14T19:50:00.000+0000,428564.1533652279,273538.62129665987,1352541.786693466
2025-05-14T20:00:00.000+0000,428063.2315834998,273538.62129665987,1351741.0332660724
2025-05-14T20:10:00.000+0000,428404.9989407079,273538.62129665987,1351123.7595328614
2025-05-14T20:20:00.000+0000,428533.2489985159,273538.62129665987,1352276.428518035
2025-05-14T20:30:00.000+0000,428960.11259422783,273538.62129665987,1351457.8196587858
2025-05-14T20:40:00.000+0000,429247.64541380387,273538.62129665987,1351880.1158790956
2025-05-14T20:50:00.000+0000,428915.0488840598,273538.62129665987,1352061.096967965
2025-05-14T21:00:00.000+0000,429874.9686134358,273538.62129665987,1348606.949755367
2025-05-14T21:10:00.000+0000,430981.0555654119,273538.62129665987,1346630.0464994255
2025-05-14T21:20:00.000+0000,431157.25133593986,273538.62129665987,1347310.7372863065
2025-05-14T21:30:00.000+0000,431241.5528007719,273538.62129665987,1348921.409449831
2025-05-14T21:40:00.000+0000,430973.6544210678,273538.62129665987,1350149.352442905
2025-05-14T21:50:00.000+0000,430506.1608353719,273538.62129665987,1351847.2526818314
2025-05-14T22:00:00.000+0000,429910.24777750793,273629.4230670839,1352943.8395131375
2025-05-14T22:10:00.000+0000,429807.70046104386,273629.4230670839,1351405.97567991
2025-05-14T22:20:00.000+0000,429945.2302091559,273629.4230670839,1351150.8403235695
2025-05-14T22:30:00.000+0000,430270.33967334795,273629.4230670839,1348581.141677354
2025-05-14T22:40:00.000+0000,430926.0530126839,273629.4230670839,1346368.6500958088
2025-05-14T22:50:00.000+0000,431690.1523537959,273629.4230670839,1345247.656719778
2025-05-14T23:00:00.000+0000,431656.8950009798,274081.0602280759,1347169.0764393045
2025-05-14T23:10:00.000+0000,431457.06782071583,274081.0602280759,1346333.279517017
2025-05-14T23:20:00.000+0000,431247.667105412,275021.97339487594,1345279.6038661592
2025-05-14T23:30:00.000+0000,430873.1067036439,275021.97339487594,1348481.7310167481
2025-05-14T23:40:00.000+0000,430909.57670428394,276897.32441287587,1350937.8028571003
2025-05-14T23:50:00.000+0000,430806.0567165801,277833.0075170759,1352232.0218724243
2025-05-15T00:00:00.000+0000,429866.95423007605,280175.07935947605,1353316.0195011892
2025-05-15T00:10:00.000+0000,428790.9676285401,280175.07935947605,1355977.5424035452
2025-05-15T00:20:00.000+0000,428787.796137764,280175.07935947605,1361328.2935607524
2025-05-15T00:30:00.000+0000,428795.79538324394,286686.3861534679,1359921.7787481663
2025-05-15T00:40:00.000+0000,429049.47167972405,290416.167939068,1362949.759293185
2025-05-15T00:50:00.000+0000,429251.5541543073,296940.54650726734,1360856.3679052808
2025-05-15T01:00:00.000+0000,428748.3797061554,299807.06354759535,1359319.4986620813
2025-05-15T01:10:00.000+0000,429588.2211150993,299807.06354759535,1356029.4312624428
2025-05-15T01:20:00.000+0000,429842.3074432913,299807.06354759535,1354166.1440238436
2025-05-15T01:30:00.000+0000,430991.89553649136,299807.06354759535,1346809.224178268
2025-05-15T01:40:00.000+0000,432021.5020218273,299807.06354759535,1342359.4169656846
2025-05-15T01:50:00.000+0000,432920.5233189553,300280.25968759536,1336849.440409186
2025-05-15T02:00:00.000+0000,432557.8959331314,301190.7180577394,1339624.7918514684
2025-05-15T02:10:00.000+0000,432962.5624207473,302638.2912719793,1340166.767130447
2025-05-15T02:20:00.000+0000,432386.7294459553,302638.2912719793,1343757.8426996134
2025-05-15T02:30:00.000+0000,432205.61780127534,309195.9084480033,1343445.660428022
2025-05-15T02:40:00.000+0000,431541.71447917126,310290.9351052993,1343488.804946341
2025-05-15T02:50:00.000+0000,431417.7185553313,310290.9351052993,1345486.3334956171
2025-05-15T03:00:00.000+0000,431511.4972722909,319376.8239346109,1344692.3894322142
2025-05-15T03:10:00.000+0000,431454.7042530829,319376.8239346109,1342296.091440598
2025-05-15T03:20:00.000+0000,431595.31646325096,319407.1745746589,1341348.4220018773
2025-05-15T03:30:00.000+0000,431832.5192890589,319407.1745746589,1343212.2878757284
2025-05-15T03:40:00.000+0000,432409.61634574685,318212.1790504589,1339515.5484328181
2025-05-15T03:50:00.000+0000,433695.3223774109,318212.1790504589,1336594.4052734696
2025-05-15T04:00:00.000+0000,434230.7128920749,318212.1790504589,1336269.984870936
2025-05-15T04:10:00.000+0000,433735.49672220286,318212.1790504589,1337646.1041303978
2025-05-15T04:20:00.000+0000,433641.16785571486,318212.1790504589,1340182.4436736691
2025-05-15T04:30:00.000+0000,433252.414837131,318212.1790504589,1342113.1376960077
2025-05-15T04:40:00.000+0000,433540.49959480285,318212.1790504589,1340342.562851027
2025-05-15T04:50:00.000+0000,432654.25354929094,318212.1790504589,1340763.6270079915
2025-05-15T05:00:00.000+0000,432781.6261895949,318212.1790504589,1339523.5841153567
2025-05-15T05:10:00.000+0000,433591.9853432269,318212.1790504589,1336911.2353559644
2025-05-15T05:20:00.000+0000,434087.4726560109,318212.1790504589,1335885.179711313
2025-05-15T05:30:00.000+0000,433699.71910721087,318212.1790504589,1333822.8422329137
2025-05-15T05:40:00.000+0000,435063.0477310828,318212.1790504589,1331563.9298006978
2025-05-15T05:50:00.000+0000,436067.0470785309,320344.44986805884,1331522.3321854123
2025-05-15T06:00:00.000+0000,435522.1076291309,320344.44986805884,1332473.7967640301
2025-05-15T06:10:00.000+0000,435054.5503344429,320344.44986805884,1335454.4511997001
2025-05-15T06:20:00.000+0000,435204.00464526686,320344.44986805884,1336227.839267622
2025-05-15T06:30:00.000+0000,436658.2552932829,320344.44986805884,1330666.211009751
2025-05-15T06:40:00.000+0000,437561.9804243309,320344.44986805884,1329035.8512760438
2025-05-15T06:50:00.000+0000,436722.2344190029,320344.44986805884,1331432.6479501664
2025-05-15T07:00:00.000+0000,436469.8457416029,320344.44986805884,1329998.311202482
2025-05-15T07:10:00.000+0000,437662.0271328829,320344.44986805884,1325706.3829036858
2025-05-15T07:20:00.000+0000,438526.34022880293,320344.44986805884,1318991.4671872498
2025-05-15T07:30:00.000+0000,439067.7451580828,320344.44986805884,1316586.5979111933
2025-05-15T07:40:00.000+0000,439322.3315359148,320344.44986805884,1312094.197174
2025-05-15T07:50:00.000+0000,439518.3356570748,326502.97973954683,1311891.999495791
2025-05-15T08:00:00.000+0000,436644.5054219868,326502.97973954683,1316563.7869323897
2025-05-15T08:10:00.000+0000,437302.9746948108,326502.97973954683,1319748.2625759717
2025-05-15T08:20:00.000+0000,437351.9293197548,326502.97973954683,1319101.1225213774
2025-05-15T08:30:00.000+0000,436226.7093864188,328004.0857732428,1323257.8259432917
2025-05-15T08:40:00.000+0000,433725.42204839486,328004.0857732428,1326388.7930170065
2025-05-15T08:50:00.000+0000,433903.0483335948,328004.0857732428,1327286.0229233578
2025-05-15T09:00:00.000+0000,433863.1943922748,328004.0857732428,1325557.444391767
2025-05-15T09:10:00.000+0000,434326.2687361948,328004.0857732428,1322152.3510296089
2025-05-15T09:20:00.000+0000,434838.4583064748,328004.0857732428,1321435.6590378778
2025-05-15T09:30:00.000+0000,435316.42357811483,328004.0857732428,1317250.7956398707
2025-05-15T09:40:00.000+0000,436711.06297331484,328004.0857732428,1311320.51262087
2025-05-15T09:50:00.000+0000,435670.16245044273,329553.6214721868,1313290.4521297177
2025-05-15T10:00:00.000+0000,436377.2237784988,329553.6214721868,1312838.2384972072
2025-05-15T10:10:00.000+0000,436756.2070191629,329553.6214721868,1311566.190040401
2025-05-15T10:20:00.000+0000,436553.5651224748,331481.13981291483,1316265.9656714005
2025-05-15T10:30:00.000+0000,437126.6947616668,331481.13981291483,1312131.5752672944
2025-05-15T10:40:00.000+0000,438114.79193104286,333098.0332625148,1308436.2618964668
2025-05-15T10:50:00.000+0000,437209.35222275485,333098.0332625148,1313769.538663059
2025-05-15T11:00:00.000+0000,435938.98886712285,333098.0332625148,1317870.513007644
2025-05-15T11:10:00.000+0000,436202.5553551148,333098.0332625148,1319116.8070141736
2025-05-15T11:20:00.000+0000,435912.8207883469,333098.0332625148,1322863.11705607
2025-05-15T11:30:00.000+0000,435468.24379469885,333098.0332625148,1322255.9328342509
2025-05-15T11:40:00.000+0000,436139.2925858508,333098.0332625148,1321583.5713476702
2025-05-15T11:50:00.000+0000,436613.8606674188,333098.0332625148,1321727.4953619498
2025-05-15T12:00:00.000+0000,436902.1396495868,333098.0332625148,1321731.924128981
2025-05-15T12:10:00.000+0000,436448.33759189886,333098.0332625148,1321377.7035123114
2025-05-15T12:20:00.000+0000,436495.9390902108,333098.0332625148,1323293.6479718294
2025-05-15T12:30:00.000+0000,434560.07005538687,333098.0332625148,1328039.893120992
2025-05-15T12:40:00.000+0000,434811.08331400284,333098.0332625148,1327320.2071217475
2025-05-15T12:50:00.000+0000,436760.77156460285,333098.0332625148,1322740.4845155126
2025-05-15T13:00:00.000+0000,436961.45815678686,333098.0332625148,1324225.8370971936
2025-05-15T13:10:00.000+0000,437265.0193334108,333098.0332625148,1326890.3609184138
2025-05-15T13:20:00.000+0000,438260.80022089084,333098.0332625148,1326326.2488674505
2025-05-15T13:30:00.000+0000,438650.6909285948,333098.0332625148,1317373.0861331872
2025-05-15T13:40:00.000+0000,440441.36626137886,333427.5664249148,1309009.1635020142
2025-05-15T13:50:00.000+0000,440610.07441679476,335762.0973049148,1305202.227478802
2025-05-15T14:00:00.000+0000,439198.11849590635,335762.0973049148,1310593.8388173415
2025-05-15T14:10:00.000+0000,441304.7709845784,338023.51702067436,1305364.2519550028
2025-05-15T14:20:00.000+0000,440254.7455974424,338023.51702067436,1309357.0705193765
2025-05-15T14:30:00.000+0000,439979.7249001544,338023.51702067436,1300569.1862008078
2025-05-15T14:40:00.000+0000,441307.98074471444,338023.51702067436,1298357.3214311935
2025-05-15T14:50:00.000+0000,441311.14483141864,340331.2061912346,1298101.4945352506
2025-05-15T15:00:00.000+0000,441120.5997695146,340331.2061912346,1308009.9835403184
2025-05-15T15:10:00.000+0000,440839.9965218426,340331.2061912346,1309887.3255245923
2025-05-15T15:20:00.000+0000,439202.45223613863,340331.2061912346,1313780.8849028512
2025-05-15T15:30:00.000+0000,438665.7384215147,299006.4056912346,1319971.3086672476
2025-05-15T15:40:00.000+0000,436592.6260815945,298533.7620512346,1320252.4165362855
2025-05-15T15:50:00.000+0000,436394.8786462026,298533.7620512346,1330087.6773945391
2025-05-15T16:00:00.000+0000,436405.9590148106,280964.75405123463,1328673.3219831642
2025-05-15T16:10:00.000+0000,436339.63596616266,280964.75405123463,1329345.9567363758
2025-05-15T16:20:00.000+0000,435746.7697888426,280964.75405123463,1328609.298660067
2025-05-15T16:30:00.000+0000,434736.6495320426,280964.75405123463,1326825.1184875604
2025-05-15T16:40:00.000+0000,434004.8831138827,280964.75405123463,1333466.2151264236
2025-05-15T16:50:00.000+0000,433775.5453010267,280964.75405123463,1340968.5104999086
2025-05-15T17:00:00.000+0000,433851.25505473063,280964.75405123463,1340922.4132697457
2025-05-15T17:10:00.000+0000,434191.5872010267,280964.75405123463,1338907.544631848
2025-05-15T17:20:00.000+0000,433074.80959841865,280964.75405123463,1345432.315171984
2025-05-15T17:30:00.000+0000,433584.5136287227,280964.75405123463,1342822.2115073823
2025-05-15T17:40:00.000+0000,434061.92782157863,280964.75405123463,1343215.5700675687
2025-05-15T17:50:00.000+0000,434361.5354036106,280964.75405123463,1339569.3182870143
2025-05-15T18:00:00.000+0000,435103.55538235465,280964.75405123463,1334332.9598635435
2025-05-15T18:10:00.000+0000,434740.0850913946,280964.75405123463,1333942.9881797768
2025-05-15T18:20:00.000+0000,435994.1773043626,280964.75405123463,1325357.8011695254
2025-05-15T18:30:00.000+0000,436906.79880261864,280964.75405123463,1317187.2377932088
2025-05-15T18:40:00.000+0000,438344.67788837064,280964.75405123463,1316382.355692984
2025-05-15T18:50:00.000+0000,439351.28748594667,280964.75405123463,1315178.1996946167
2025-05-15T19:00:00.000+0000,438399.7387344266,280964.75405123463,1317525.8362479107
2025-05-15T19:10:00.000+0000,437304.8435618586,280964.75405123463,1317863.5910688583
2025-05-15T19:20:00.000+0000,437616.65727117064,280964.75405123463,1310169.4876457294
2025-05-15T19:30:00.000+0000,437932.0286021067,280964.75405123463,1314158.6859491211
2025-05-15T19:40:00.000+0000,437809.9826370507,280964.75405123463,1316996.3237705205
2025-05-15T19:50:00.000+0000,438065.6709726107,280964.75405123463,1316199.092398556
2025-05-15T20:00:00.000+0000,437920.9739529067,280964.75405123463,1318932.1032728946
2025-05-15T20:10:00.000+0000,439786.67853423464,280964.75405123463,1315227.8696316844
2025-05-15T20:20:00.000+0000,438952.83965941856,280964.75405123463,1320859.81454224
2025-05-15T20:30:00.000+0000,439422.9053158105,281607.05559859454,1318732.3287516292
2025-05-15T20:40:00.000+0000,439586.9277627946,281607.05559859454,1317388.40668476
2025-05-15T20:50:00.000+0000,439945.1358368985,281607.05559859454,1319982.1860625646
2025-05-15T21:00:00.000+0000,440182.19475792255,281607.05559859454,1317420.6251395247
2025-05-15T21:10:00.000+0000,440738.96878208255,281607.05559859454,1314717.4789001844
2025-05-15T21:20:00.000+0000,442230.0501219545,281607.05559859454,1308513.9823651596
2025-05-15T21:30:00.000+0000,441039.67876149056,281607.05559859454,1310232.0369919282
2025-05-15T21:40:00.000+0000,441112.6569521946,281607.05559859454,1315566.0503253606
2025-05-15T21:50:00.000+0000,440746.4215151225,281607.05559859454,1317431.2729258281
2025-05-15T22:00:00.000+0000,439949.3339554105,281309.1936985945,1318174.5567330515
2025-05-15T22:10:00.000+0000,439746.28309615457,281309.1936985945,1323472.134233822
2025-05-15T22:20:00.000+0000,439911.81848181854,281309.1936985945,1325414.2405273155
2025-05-15T22:30:00.000+0000,440388.8281285706,281309.1936985945,1325230.1781082053
2025-05-15T22:40:00.000+0000,440376.18678973854,281309.1936985945,1324267.9642583455
2025-05-15T22:50:00.000+0000,441406.9733402665,281309.1936985945,1319212.5422113766
2025-05-15T23:00:00.000+0000,443081.74115330656,281309.1936985945,1314464.8435353558
2025-05-15T23:10:00.000+0000,443189.8809222265,281402.0368046425,1311207.1028200383
2025-05-15T23:20:00.000+0000,444480.9794364506,281402.0368046425,1310960.304644828
2025-05-15T23:30:00.000+0000,441729.6646405386,282832.9765363226,1317268.1539869504
2025-05-15T23:40:00.000+0000,441235.0364798826,282832.9765363226,1322960.5437596913
2025-05-15T23:50:00.000+0000,441560.93193477864,282832.9765363226,1321135.7527277903
2025-05-16T00:00:00.000+0000,441495.14400725864,282832.9765363226,1322626.997657705
2025-05-16T00:10:00.000+0000,441016.79509277863,282832.9765363226,1324712.6401071907
2025-05-16T00:20:00.000+0000,440338.4685484906,282832.9765363226,1326378.863784767
2025-05-16T00:30:00.000+0000,439031.3807759146,282832.9765363226,1329513.5490549973
2025-05-16T00:40:00.000+0000,438891.84101709863,282832.9765363226,1328667.3006641301
2025-05-16T00:50:00.000+0000,439625.6752296986,282832.9765363226,1324308.2800962809
2025-05-16T01:00:00.000+0000,439862.3625882106,282832.9765363226,1321397.9617032364
2025-05-16T01:10:00.000+0000,439426.11816317064,282832.9765363226,1320438.391597738
2025-05-16T01:20:00.000+0000,440441.6019557066,282832.9765363226,1321682.504125576
2025-05-16T01:30:00.000+0000,439290.6611855146,282832.9765363226,1327949.5093619747
2025-05-16T01:40:00.000+0000,439207.21513580263,282832.9765363226,1332009.2114420962
2025-05-16T01:50:00.000+0000,439987.2594007627,282832.9765363226,1333073.843431117
2025-05-16T02:00:00.000+0000,438226.9127955707,282832.9765363226,1339489.9551442356
2025-05-16T02:10:00.000+0000,438450.82013628265,282832.9765363226,1333178.2636353376
2025-05-16T02:20:00.000+0000,438405.3620218906,282832.9765363226,1333580.419310541
2025-05-16T02:30:00.000+0000,438145.3110892025,283852.6051803226,1338955.8709543145
2025-05-16T02:40:00.000+0000,439058.30514917057,283852.6051803226,1337183.6432142216
2025-05-16T02:50:00.000+0000,438582.20170687465,283852.6051803226,1337680.712218402
2025-05-16T03:00:00.000+0000,438384.8475566026,283852.6051803226,1336755.3941780983
2025-05-16T03:10:00.000+0000,438849.93586805864,283852.6051803226,1335809.8806392096
2025-05-16T03:20:00.000+0000,438175.5552345146,283852.6051803226,1337113.337400434
2025-05-16T03:30:00.000+0000,438767.38597085053,283852.6051803226,1337647.447858542
2025-05-16T03:40:00.000+0000,438767.20557528257,284170.3971432026,1338315.301363206
2025-05-16T03:50:00.000+0000,438408.56685597065,284170.3971432026,1339552.5588661623
2025-05-16T04:00:00.000+0000,437805.76435407443,285431.44233933045,1339863.4322216478
2025-05-16T04:10:00.000+0000,438241.0077805545,285431.44233933045,1338073.767963464
2025-05-16T04:20:00.000+0000,438649.60562057054,287223.54248135455,1336119.322466949
2025-05-16T04:30:00.000+0000,439650.14727638656,287223.54248135455,1334992.071552803
2025-05-16T04:40:00.000+0000,440191.6939821549,440191.6939821549,1333766.755459358
