date,total_balance_normal,unlocked_balance_normal,benchmark
2025-04-02T19:40:00.000+0000,1000000,1000000,999999.9999999999
2025-04-02T19:50:00.000+0000,1000000,1000000,1001463.2053029134
2025-04-02T20:00:00.000+0000,1000000,1000000,1000958.7793212394
2025-04-02T20:10:00.000+0000,1000000,1000000,993353.4788388573
2025-04-02T20:20:00.000+0000,1000000,1000000,993872.5162567087
2025-04-02T20:30:00.000+0000,1000000,1000000,984967.5449864719
2025-04-02T20:40:00.000+0000,1000000,1000000,981511.091497816
2025-04-02T20:50:00.000+0000,1000000,1000000,986253.8179126799
2025-04-02T21:00:00.000+0000,1000000,1000000,973386.3322957599
2025-04-02T21:10:00.000+0000,1000000,1000000,970312.7145460143
2025-04-02T21:20:00.000+0000,1000000,1000000,970597.3332766711
2025-04-02T21:30:00.000+0000,1000000,1000000,971617.6570077213
2025-04-02T21:40:00.000+0000,1000000,1000000,972084.3753174548
2025-04-02T21:50:00.000+0000,1000000,1000000,971211.8749612357
2025-04-02T22:00:00.000+0000,1000000,1000000,963377.4803449803
2025-04-02T22:10:00.000+0000,1000000,1000000,951625.2547867014
2025-04-02T22:20:00.000+0000,1000000,1000000,950040.5750163066
2025-04-02T22:30:00.000+0000,1000000,1000000,944669.6351687831
2025-04-02T22:40:00.000+0000,1000000,1000000,937923.1171490375
2025-04-02T22:50:00.000+0000,1000000,1000000,936726.5769144958
2025-04-02T23:00:00.000+0000,1000000,1000000,933103.1571837286
2025-04-02T23:10:00.000+0000,1000000,1000000,932498.0932778644
2025-04-02T23:20:00.000+0000,1000000,1000000,933348.5387049417
2025-04-02T23:30:00.000+0000,1000000,1000000,937188.5469894563
2025-04-02T23:40:00.000+0000,1000000,1000000,936001.556363288
2025-04-02T23:50:00.000+0000,1000000,1000000,932480.3521445044
2025-04-03T00:00:00.000+0000,1000000,1000000,928203.5536536102
2025-04-03T00:10:00.000+0000,1000000,1000000,935684.8305289027
2025-04-03T00:20:00.000+0000,1000000,1000000,941031.0799726079
2025-04-03T00:30:00.000+0000,1000000,1000000,942645.652968953
2025-04-03T00:40:00.000+0000,1000000,1000000,943084.8460262935
2025-04-03T00:50:00.000+0000,1000000,1000000,942224.5990682694
2025-04-03T01:00:00.000+0000,1000000,1000000,944439.3043697766
2025-04-03T01:10:00.000+0000,1000000,1000000,945167.9973739617
2025-04-03T01:20:00.000+0000,1000000,1000000,944300.9252466105
2025-04-03T01:30:00.000+0000,1000000,1000000,946376.9056731126
2025-04-03T01:40:00.000+0000,1000000,1000000,946649.6167752726
2025-04-03T01:50:00.000+0000,1000000,1000000,948112.4235004545
2025-04-03T02:00:00.000+0000,1000000,1000000,947675.118404485
2025-04-03T02:10:00.000+0000,1000000,1000000,945134.4054385556
2025-04-03T02:20:00.000+0000,1000000,1000000,944974.6663687371
2025-04-03T02:30:00.000+0000,1000000,1000000,946212.2808708625
2025-04-03T02:40:00.000+0000,1000000,1000000,948642.674673182
2025-04-03T02:50:00.000+0000,1000000,1000000,949832.6681946653
2025-04-03T03:00:00.000+0000,1000000,1000000,948965.2803458408
2025-04-03T03:10:00.000+0000,1000000,1000000,948451.2589768169
2025-04-03T03:20:00.000+0000,1000000,1000000,950261.9404491072
2025-04-03T03:30:00.000+0000,1000000,1000000,948492.93119603
2025-04-03T03:40:00.000+0000,1000000,1000000,947368.4677995713
2025-04-03T03:50:00.000+0000,1000000,1000000,947565.950143232
2025-04-03T04:00:00.000+0000,1000000,1000000,946994.1090888327
2025-04-03T04:10:00.000+0000,1000000,1000000,947703.2255648207
2025-04-03T04:20:00.000+0000,1000000,1000000,946797.8298832697
2025-04-03T04:30:00.000+0000,1000000,1000000,946381.8954476025
2025-04-03T04:40:00.000+0000,1000000,1000000,949358.5139218825
2025-04-03T04:50:00.000+0000,1000000,1000000,951422.6239850922
2025-04-03T05:00:00.000+0000,1000000,1000000,951283.7557279575
2025-04-03T05:10:00.000+0000,1000000,1000000,950358.4508856803
2025-04-03T05:20:00.000+0000,1000000,1000000,948773.6478279468
2025-04-03T05:30:00.000+0000,1000000,1000000,947242.227909044
2025-04-03T05:40:00.000+0000,1000000,1000000,946976.8316288964
2025-04-03T05:50:00.000+0000,1000000,1000000,944646.960252702
2025-04-03T06:00:00.000+0000,1000000,1000000,944745.5706429962
2025-04-03T06:10:00.000+0000,1000000,1000000,943428.900350616
2025-04-03T06:20:00.000+0000,1000000,1000000,944042.700683563
2025-04-03T06:30:00.000+0000,1000000,1000000,942883.1693824444
2025-04-03T06:40:00.000+0000,1000000,1000000,943076.2687835272
2025-04-03T06:50:00.000+0000,1000000,1000000,939845.6457484326
2025-04-03T07:00:00.000+0000,1000000,1000000,941201.9764925995
2025-04-03T07:10:00.000+0000,1000000,1000000,939242.9205816938
2025-04-03T07:20:00.000+0000,1000000,1000000,938927.6736945154
2025-04-03T07:30:00.000+0000,1000000,1000000,940916.0658473982
2025-04-03T07:40:00.000+0000,1000000,1000000,940016.4535276953
2025-04-03T07:50:00.000+0000,1000000,1000000,940363.9959016326
2025-04-03T08:00:00.000+0000,1000000,1000000,943870.0169533708
2025-04-03T08:10:00.000+0000,1000000,1000000,943881.3855999601
2025-04-03T08:20:00.000+0000,1000000,1000000,943632.590559541
2025-04-03T08:30:00.000+0000,1000000,1000000,943685.817992866
2025-04-03T08:40:00.000+0000,1000000,1000000,945250.8094573086
2025-04-03T08:50:00.000+0000,1000000,1000000,944416.0497099134
2025-04-03T09:00:00.000+0000,1000000,1000000,944194.6694945002
2025-04-03T09:10:00.000+0000,1000000,1000000,943370.2371406493
2025-04-03T09:20:00.000+0000,1000000,1000000,942844.5123462052
2025-04-03T09:30:00.000+0000,1000000,1000000,943786.5762800185
2025-04-03T09:40:00.000+0000,1000000,1000000,942410.6582761459
2025-04-03T09:50:00.000+0000,1000000,1000000,939918.9843456827
2025-04-03T10:00:00.000+0000,1000000,1000000,940321.3547599057
2025-04-03T10:10:00.000+0000,1000000,1000000,941012.2744420241
2025-04-03T10:20:00.000+0000,1000000,1000000,935275.7444696531
2025-04-03T10:30:00.000+0000,1000000,1000000,932768.122187567
2025-04-03T10:40:00.000+0000,1000000,1000000,930521.4092367103
2025-04-03T10:50:00.000+0000,1000000,1000000,930881.8249422061
2025-04-03T11:00:00.000+0000,1000000,1000000,929015.1382886532
2025-04-03T11:10:00.000+0000,1000000,1000000,932107.1804031652
2025-04-03T11:20:00.000+0000,1000000,1000000,930868.3719025833
2025-04-03T11:30:00.000+0000,1000000,1000000,930766.9306791007
2025-04-03T11:40:00.000+0000,1000000,1000000,930393.8512287363
2025-04-03T11:50:00.000+0000,1000000,1000000,929905.9999888127
2025-04-03T12:00:00.000+0000,1000000,1000000,928741.7461549654
2025-04-03T12:10:00.000+0000,1000000,1000000,929466.3132634006
2025-04-03T12:20:00.000+0000,1000000,1000000,925003.9095082604
2025-04-03T12:30:00.000+0000,1000000,1000000,923710.5509049452
2025-04-03T12:40:00.000+0000,1000000,1000000,911107.7429585059
2025-04-03T12:50:00.000+0000,1000000,1000000,913364.9427822994
2025-04-03T13:00:00.000+0000,1000000,1000000,912343.014670402
2025-04-03T13:10:00.000+0000,1000000,1000000,914541.9220136141
2025-04-03T13:20:00.000+0000,1000000,1000000,913836.3471912085
2025-04-03T13:30:00.000+0000,1000000,1000000,919711.6542921839
2025-04-03T13:40:00.000+0000,1000000,1000000,920917.1976054177
2025-04-03T13:50:00.000+0000,1000000,1000000,922874.9150090104
2025-04-03T14:00:00.000+0000,1000000,1000000,915727.1367333832
2025-04-03T14:10:00.000+0000,1000000,1000000,913613.9704821522
2025-04-03T14:20:00.000+0000,1000000,1000000,915238.3576100371
2025-04-03T14:30:00.000+0000,1000000,1000000,914049.9177898106
2025-04-03T14:40:00.000+0000,1000000,1000000,911319.6022991197
2025-04-03T14:50:00.000+0000,1000000,1000000,908474.1258222787
2025-04-03T15:00:00.000+0000,1000000,1000000,910314.5129155633
2025-04-03T15:10:00.000+0000,1000000,1000000,911701.02231743
2025-04-03T15:20:00.000+0000,1000000,1000000,915061.1031086706
2025-04-03T15:30:00.000+0000,1000000,1000000,917946.977096312
2025-04-03T15:40:00.000+0000,1000000,1000000,917977.861172934
2025-04-03T15:50:00.000+0000,1000000,1000000,916374.258039665
2025-04-03T16:00:00.000+0000,1000000,1000000,920828.1756984277
2025-04-03T16:10:00.000+0000,1000000,1000000,920100.4076354298
2025-04-03T16:20:00.000+0000,1000000,1000000,921586.0237963982
2025-04-03T16:30:00.000+0000,1000000,1000000,919183.5291238743
2025-04-03T16:40:00.000+0000,1000000,1000000,917912.2080199287
2025-04-03T16:50:00.000+0000,1000000,1000000,915577.967911476
2025-04-03T17:00:00.000+0000,1000000,1000000,916862.8047807944
2025-04-03T17:10:00.000+0000,1000000,1000000,916413.7675794072
2025-04-03T17:20:00.000+0000,1000000,1000000,915069.271578772
2025-04-03T17:30:00.000+0000,1000000,1000000,914910.6946615363
2025-04-03T17:40:00.000+0000,1000000,1000000,919169.3408764633
2025-04-03T17:50:00.000+0000,1000000,1000000,918705.7171628682
2025-04-03T18:00:00.000+0000,1000000,1000000,917662.1935026493
2025-04-03T18:10:00.000+0000,1000000,1000000,916755.8080435775
2025-04-03T18:20:00.000+0000,1000000,1000000,916794.3087663004
2025-04-03T18:30:00.000+0000,1000000,1000000,918514.3443746794
2025-04-03T18:40:00.000+0000,1000000,1000000,923958.2479046171
2025-04-03T18:50:00.000+0000,1000000,1000000,923038.805765917
2025-04-03T19:00:00.000+0000,1000000,1000000,923827.1300173549
2025-04-03T19:10:00.000+0000,1000000,1000000,922379.4091332825
2025-04-03T19:20:00.000+0000,1000000,1000000,922683.0244247138
2025-04-03T19:30:00.000+0000,1000000,1000000,922084.1081176009
2025-04-03T19:40:00.000+0000,1000000,1000000,923962.6067370179
2025-04-03T19:50:00.000+0000,1000000,1000000,923868.3350843333
2025-04-03T20:00:00.000+0000,1000000,1000000,922830.1447862829
2025-04-03T20:10:00.000+0000,1000000,1000000,923491.2977849599
2025-04-03T20:20:00.000+0000,1000000,1000000,922134.2669697667
2025-04-03T20:30:00.000+0000,1000000,1000000,922058.1532181622
2025-04-03T20:40:00.000+0000,1000000,1000000,923909.8987631027
2025-04-03T20:50:00.000+0000,1000000,1000000,928252.7896930317
2025-04-03T21:00:00.000+0000,1000000,1000000,929176.0208380666
2025-04-03T21:10:00.000+0000,1000000,1000000,929638.7284550399
2025-04-03T21:20:00.000+0000,1000000,1000000,931201.5733372746
2025-04-03T21:30:00.000+0000,1000000,1000000,929708.8564929457
2025-04-03T21:40:00.000+0000,1000000,1000000,929527.4824811583
2025-04-03T21:50:00.000+0000,1000000,1000000,932858.3888976153
2025-04-03T22:00:00.000+0000,1000000,1000000,933715.0636708336
2025-04-03T22:10:00.000+0000,1000000,1000000,934163.373730923
2025-04-03T22:20:00.000+0000,1000000,1000000,933402.1970627299
2025-04-03T22:30:00.000+0000,1000000,1000000,935237.2976995498
2025-04-03T22:40:00.000+0000,1000000,1000000,935137.7066356583
2025-04-03T22:50:00.000+0000,1000000,1000000,934581.1269633066
2025-04-03T23:00:00.000+0000,1000000,1000000,932096.9493159822
2025-04-03T23:10:00.000+0000,1000000,1000000,931120.8895568533
2025-04-03T23:20:00.000+0000,1000000,1000000,932300.2941038616
2025-04-03T23:30:00.000+0000,1000000,1000000,935762.7239072167
2025-04-03T23:40:00.000+0000,1000000,1000000,936008.5058395283
2025-04-03T23:50:00.000+0000,1000000,1000000,937960.9809916237
2025-04-04T00:00:00.000+0000,1000000,1000000,937004.2126061595
2025-04-04T00:10:00.000+0000,1000000,1000000,936721.4748256755
2025-04-04T00:20:00.000+0000,1000000,1000000,937695.842813596
2025-04-04T00:30:00.000+0000,1000000,1000000,938405.9316551914
2025-04-04T00:40:00.000+0000,1000000,1000000,935533.0218682801
2025-04-04T00:50:00.000+0000,1000000,1000000,933517.1540337261
2025-04-04T01:00:00.000+0000,1000000,1000000,933148.6212979357
2025-04-04T01:10:00.000+0000,1000000,1000000,934287.4015770394
2025-04-04T01:20:00.000+0000,1000000,1000000,934141.0697500088
2025-04-04T01:30:00.000+0000,1000000,1000000,932235.2755775384
2025-04-04T01:40:00.000+0000,1000000,1000000,932109.805441409
2025-04-04T01:50:00.000+0000,1000000,1000000,922991.1697254453
2025-04-04T02:00:00.000+0000,1000000,1000000,927330.3255302238
2025-04-04T02:10:00.000+0000,1000000,1000000,931302.3455218122
2025-04-04T02:20:00.000+0000,1000000,1000000,929655.1720308843
2025-04-04T02:30:00.000+0000,1000000,1000000,929669.41656514
2025-04-04T02:40:00.000+0000,1000000,1000000,928951.1434155385
2025-04-04T02:50:00.000+0000,1000000,1000000,927231.6591303023
2025-04-04T03:00:00.000+0000,1000000,1000000,926458.515050098
2025-04-04T03:10:00.000+0000,1000000,1000000,926430.4315169404
2025-04-04T03:20:00.000+0000,1000000,1000000,929415.2533208667
2025-04-04T03:30:00.000+0000,1000000,1000000,926247.4311604303
2025-04-04T03:40:00.000+0000,1000000,1000000,926908.0119273813
2025-04-04T03:50:00.000+0000,1000000,1000000,927487.1664891427
2025-04-04T04:00:00.000+0000,1000000,1000000,926338.6824880269
2025-04-04T04:10:00.000+0000,1000000,1000000,924962.7746612288
2025-04-04T04:20:00.000+0000,1000000,1000000,924499.4170805265
2025-04-04T04:30:00.000+0000,1000000,1000000,927232.8617318245
2025-04-04T04:40:00.000+0000,1000000,1000000,926555.3749945383
2025-04-04T04:50:00.000+0000,1000000,1000000,925551.0183595339
2025-04-04T05:00:00.000+0000,1000000,1000000,924777.8678582831
2025-04-04T05:10:00.000+0000,1000000,1000000,927671.6039756932
2025-04-04T05:20:00.000+0000,1000000,1000000,929156.7698597652
2025-04-04T05:30:00.000+0000,1000000,1000000,931536.0552398383
2025-04-04T05:40:00.000+0000,1000000,1000000,933590.1018960944
2025-04-04T05:50:00.000+0000,1000000,1000000,933465.2382968015
2025-04-04T06:00:00.000+0000,1000000,1000000,934372.528342911
2025-04-04T06:10:00.000+0000,1000000,1000000,934082.564445426
2025-04-04T06:20:00.000+0000,1000000,1000000,934976.9541075648
2025-04-04T06:30:00.000+0000,1000000,1000000,933386.1468332093
2025-04-04T06:40:00.000+0000,1000000,1000000,932801.8886086191
2025-04-04T06:50:00.000+0000,1000000,1000000,932460.6131053853
2025-04-04T07:00:00.000+0000,1000000,1000000,932463.8532120961
2025-04-04T07:10:00.000+0000,1000000,1000000,937169.5028971088
2025-04-04T07:20:00.000+0000,1000000,1000000,938863.7125006416
2025-04-04T07:30:00.000+0000,1000000,1000000,938999.573015423
2025-04-04T07:40:00.000+0000,1000000,1000000,940731.6207952152
2025-04-04T07:50:00.000+0000,1000000,1000000,944151.8924469823
2025-04-04T08:00:00.000+0000,1000000,1000000,944331.5610316761
2025-04-04T08:10:00.000+0000,1000000,1000000,946955.6047622875
2025-04-04T08:20:00.000+0000,1000000,1000000,948840.829910445
2025-04-04T08:30:00.000+0000,1000000,1000000,948065.4794823776
2025-04-04T08:40:00.000+0000,1000000,1000000,949434.7685249449
2025-04-04T08:50:00.000+0000,1000000,1000000,949589.3144131303
2025-04-04T09:00:00.000+0000,1000000,1000000,947681.0753667509
2025-04-04T09:10:00.000+0000,1000000,1000000,948959.4832030961
2025-04-04T09:20:00.000+0000,1000000,1000000,948766.2144049043
2025-04-04T09:30:00.000+0000,1000000,1000000,948344.8589752082
2025-04-04T09:40:00.000+0000,1000000,1000000,951672.8597687094
2025-04-04T09:50:00.000+0000,1000000,1000000,952602.4304279138
2025-04-04T10:00:00.000+0000,1000000,1000000,944457.9046691856
2025-04-04T10:10:00.000+0000,1000000,1000000,939087.1460055717
2025-04-04T10:20:00.000+0000,1000000,1000000,930905.8986499724
2025-04-04T10:30:00.000+0000,1000000,1000000,931325.3846390793
2025-04-04T10:40:00.000+0000,1000000,1000000,927401.964674145
2025-04-04T10:50:00.000+0000,1000000,1000000,923731.4924741515
2025-04-04T11:00:00.000+0000,1000000,1000000,922712.3107830344
2025-04-04T11:10:00.000+0000,1000000,1000000,921829.5832835839
2025-04-04T11:20:00.000+0000,1000000,1000000,915187.5528452463
2025-04-04T11:30:00.000+0000,1000000,1000000,915493.7387214443
2025-04-04T11:40:00.000+0000,1000000,1000000,916238.560447369
2025-04-04T11:50:00.000+0000,1000000,1000000,920713.0045173445
2025-04-04T12:00:00.000+0000,1000000,1000000,921878.6788652528
2025-04-04T12:10:00.000+0000,1000000,1000000,921500.8645587834
2025-04-04T12:20:00.000+0000,1000000,1000000,919500.3101183767
2025-04-04T12:30:00.000+0000,1000000,1000000,920549.3426638437
2025-04-04T12:40:00.000+0000,1000000,1000000,922229.112893326
2025-04-04T12:50:00.000+0000,1000000,1000000,924398.191605422
2025-04-04T13:00:00.000+0000,1000000,1000000,927556.010142419
2025-04-04T13:10:00.000+0000,1000000,1000000,926221.7032417362
2025-04-04T13:20:00.000+0000,1000000,1000000,924178.6586073645
2025-04-04T13:30:00.000+0000,1000000,1000000,920709.4658238565
2025-04-04T13:40:00.000+0000,1000000,1000000,919389.538012852
2025-04-04T13:50:00.000+0000,1000000,1000000,925682.0416394549
2025-04-04T14:00:00.000+0000,1000000,1000000,928444.3205566688
2025-04-04T14:10:00.000+0000,1000000,1000000,928120.3024185807
2025-04-04T14:20:00.000+0000,1000000,1000000,930259.4726391146
2025-04-04T14:30:00.000+0000,1000000,1000000,927779.921083811
2025-04-04T14:40:00.000+0000,1000000,1000000,922826.2952005002
2025-04-04T14:50:00.000+0000,1000000,1000000,921900.5797521913
2025-04-04T15:00:00.000+0000,1000000,1000000,935066.8552124827
2025-04-04T15:10:00.000+0000,1000000,1000000,942758.13316659
2025-04-04T15:20:00.000+0000,1000000,1000000,941624.6189540843
2025-04-04T15:30:00.000+0000,1000000,1000000,934756.8912850996
2025-04-04T15:40:00.000+0000,1000000,1000000,934334.0853288358
2025-04-04T15:50:00.000+0000,1000000,1000000,937231.5096835515
2025-04-04T16:00:00.000+0000,1000000,1000000,937757.7844507704
2025-04-04T16:10:00.000+0000,1000000,1000000,939214.734929139
2025-04-04T16:20:00.000+0000,1000000,1000000,934192.8552598319
2025-04-04T16:30:00.000+0000,1000000,1000000,935794.6650569297
2025-04-04T16:40:00.000+0000,1000000,1000000,938729.8359227988
2025-04-04T16:50:00.000+0000,1000000,1000000,943547.0816618535
2025-04-04T17:00:00.000+0000,1000000,1000000,943552.0349313549
2025-04-04T17:10:00.000+0000,1000000,1000000,940497.9518926397
2025-04-04T17:20:00.000+0000,1000000,1000000,944038.6213984409
2025-04-04T17:30:00.000+0000,1000000,1000000,947105.0897257556
2025-04-04T17:40:00.000+0000,1000000,1000000,954457.3126990942
2025-04-04T17:50:00.000+0000,1000000,1000000,958212.966100578
2025-04-04T18:00:00.000+0000,1000000,1000000,954706.5100375549
2025-04-04T18:10:00.000+0000,1000000,1000000,952171.6801472104
2025-04-04T18:20:00.000+0000,1000000,1000000,951656.3334080423
2025-04-04T18:30:00.000+0000,1000000,1000000,950584.4670215363
2025-04-04T18:40:00.000+0000,1000000,1000000,951268.1128850161
2025-04-04T18:50:00.000+0000,1000000,1000000,951187.1307950346
2025-04-04T19:00:00.000+0000,1000000,1000000,949653.4769214219
2025-04-04T19:10:00.000+0000,1000000,1000000,953845.759994601
2025-04-04T19:20:00.000+0000,1000000,1000000,955068.7169150616
2025-04-04T19:30:00.000+0000,1000000,1000000,955741.453253414
2025-04-04T19:40:00.000+0000,1000000,1000000,955103.8076152483
2025-04-04T19:50:00.000+0000,1000000,1000000,953480.1176340133
2025-04-04T20:00:00.000+0000,1000000,1000000,954267.7715675731
2025-04-04T20:10:00.000+0000,1000000,1000000,950335.9505088213
2025-04-04T20:20:00.000+0000,1000000,1000000,952005.543165794
2025-04-04T20:30:00.000+0000,1000000,1000000,954871.5605235255
2025-04-04T20:40:00.000+0000,1000000,1000000,957585.364051792
2025-04-04T20:50:00.000+0000,1000000,1000000,958800.4223732129
2025-04-04T21:00:00.000+0000,1000000,1000000,957611.2819632433
2025-04-04T21:10:00.000+0000,1000000,1000000,958435.8499278091
2025-04-04T21:20:00.000+0000,1000000,1000000,957566.5945074799
2025-04-04T21:30:00.000+0000,1000000,1000000,955962.9500936198
2025-04-04T21:40:00.000+0000,1000000,1000000,959668.2484349161
2025-04-04T21:50:00.000+0000,1000000,1000000,958059.4287879122
2025-04-04T22:00:00.000+0000,1000000,1000000,957042.7999924312
2025-04-04T22:10:00.000+0000,1000000,1000000,958595.8508557754
2025-04-04T22:20:00.000+0000,1000000,1000000,959817.0072230846
2025-04-04T22:30:00.000+0000,1000000,1000000,958862.187619939
2025-04-04T22:40:00.000+0000,1000000,1000000,958430.9159393059
2025-04-04T22:50:00.000+0000,1000000,1000000,958093.336444792
2025-04-04T23:00:00.000+0000,1000000,1000000,955418.4965167381
2025-04-04T23:10:00.000+0000,1000000,1000000,954500.7185245405
2025-04-04T23:20:00.000+0000,1000000,1000000,952641.3895833173
2025-04-04T23:30:00.000+0000,1000000,1000000,952152.2663178584
2025-04-04T23:40:00.000+0000,1000000,1000000,952660.5421089557
2025-04-04T23:50:00.000+0000,1000000,1000000,955175.1889521255
2025-04-05T00:00:00.000+0000,1000000,1000000,952937.6592264371
2025-04-05T00:10:00.000+0000,1000000,1000000,953446.183219797
2025-04-05T00:20:00.000+0000,1000000,1000000,953491.0950091453
2025-04-05T00:30:00.000+0000,1000000,1000000,952655.6770078901
2025-04-05T00:40:00.000+0000,1000000,1000000,951424.3487110429
2025-04-05T00:50:00.000+0000,1000000,1000000,953317.2727714074
2025-04-05T01:00:00.000+0000,1000000,1000000,955177.3888789422
2025-04-05T01:10:00.000+0000,1000000,1000000,955167.3927318417
2025-04-05T01:20:00.000+0000,1000000,1000000,955858.5557870435
2025-04-05T01:30:00.000+0000,1000000,1000000,956445.7279425795
2025-04-05T01:40:00.000+0000,1000000,1000000,954129.7044277112
2025-04-05T01:50:00.000+0000,1000000,1000000,953980.1742932773
2025-04-05T02:00:00.000+0000,1000000,1000000,952494.6722978652
2025-04-05T02:10:00.000+0000,1000000,1000000,952207.693883782
2025-04-05T02:20:00.000+0000,1000000,1000000,950334.8279913858
2025-04-05T02:30:00.000+0000,1000000,1000000,950005.13073929
2025-04-05T02:40:00.000+0000,1000000,1000000,952177.7875206629
2025-04-05T02:50:00.000+0000,1000000,1000000,950895.6858040409
2025-04-05T03:00:00.000+0000,1000000,1000000,949883.8537944807
2025-04-05T03:10:00.000+0000,1000000,1000000,949828.6738406679
2025-04-05T03:20:00.000+0000,1000000,1000000,948630.1443748679
2025-04-05T03:30:00.000+0000,1000000,1000000,948938.7121755845
2025-04-05T03:40:00.000+0000,1000000,1000000,949468.142100531
2025-04-05T03:50:00.000+0000,1000000,1000000,948357.0770844361
2025-04-05T04:00:00.000+0000,1000000,1000000,948750.05120799
2025-04-05T04:10:00.000+0000,1000000,1000000,950043.9981224353
2025-04-05T04:20:00.000+0000,1000000,1000000,950053.9242910886
2025-04-05T04:30:00.000+0000,1000000,1000000,950266.2550229637
2025-04-05T04:40:00.000+0000,1000000,1000000,948780.7913659071
2025-04-05T04:50:00.000+0000,1000000,1000000,947012.7928167926
2025-04-05T05:00:00.000+0000,1000000,1000000,947157.7086995833
2025-04-05T05:10:00.000+0000,1000000,1000000,948285.4164953562
2025-04-05T05:20:00.000+0000,1000000,1000000,949906.5294707783
2025-04-05T05:30:00.000+0000,1000000,1000000,949547.2917200519
2025-04-05T05:40:00.000+0000,1000000,1000000,949070.0876283913
2025-04-05T05:50:00.000+0000,1000000,1000000,948300.5739067807
2025-04-05T06:00:00.000+0000,1000000,1000000,948239.4304803615
2025-04-05T06:10:00.000+0000,1000000,1000000,949315.7647762874
2025-04-05T06:20:00.000+0000,1000000,1000000,948817.852016354
2025-04-05T06:30:00.000+0000,1000000,1000000,947842.7472287777
2025-04-05T06:40:00.000+0000,1000000,1000000,944798.8572875422
2025-04-05T06:50:00.000+0000,1000000,1000000,945500.7840800824
2025-04-05T07:00:00.000+0000,1000000,1000000,946170.7659668815
2025-04-05T07:10:00.000+0000,1000000,1000000,945578.6640975869
2025-04-05T07:20:00.000+0000,1000000,1000000,946610.3830267809
2025-04-05T07:30:00.000+0000,1000000,1000000,946928.7185899094
2025-04-05T07:40:00.000+0000,1000000,1000000,947235.5327253193
2025-04-05T07:50:00.000+0000,1000000,1000000,948880.538725456
2025-04-05T08:00:00.000+0000,1000000,1000000,949727.9292451185
2025-04-05T08:10:00.000+0000,1000000,1000000,948110.4316041779
2025-04-05T08:20:00.000+0000,1000000,1000000,947432.7950458571
2025-04-05T08:30:00.000+0000,1000000,1000000,948004.6602282922
2025-04-05T08:40:00.000+0000,1000000,1000000,949652.4488234044
2025-04-05T08:50:00.000+0000,1000000,1000000,949591.6819751238
2025-04-05T09:00:00.000+0000,1000000,1000000,949893.1627483653
2025-04-05T09:10:00.000+0000,1000000,1000000,951736.8893670221
2025-04-05T09:20:00.000+0000,1000000,1000000,951600.0240327487
2025-04-05T09:30:00.000+0000,1000000,1000000,951126.4580532373
2025-04-05T09:40:00.000+0000,1000000,1000000,951849.1985756829
2025-04-05T09:50:00.000+0000,1000000,1000000,952888.9495683296
2025-04-05T10:00:00.000+0000,1000000,1000000,952806.3403198329
2025-04-05T10:10:00.000+0000,1000000,1000000,951836.0639225519
2025-04-05T10:20:00.000+0000,1000000,1000000,951169.7764526054
2025-04-05T10:30:00.000+0000,1000000,1000000,950571.0231036956
2025-04-05T10:40:00.000+0000,1000000,1000000,949499.7203815674
2025-04-05T10:50:00.000+0000,1000000,1000000,950220.414831476
2025-04-05T11:00:00.000+0000,1000000,1000000,949285.052225217
2025-04-05T11:10:00.000+0000,1000000,1000000,946426.2464969498
2025-04-05T11:20:00.000+0000,1000000,1000000,947187.3690067416
2025-04-05T11:30:00.000+0000,1000000,1000000,945317.3974870758
2025-04-05T11:40:00.000+0000,1000000,1000000,945588.946454512
2025-04-05T11:50:00.000+0000,1000000,1000000,946036.1678192774
2025-04-05T12:00:00.000+0000,1000000,1000000,945055.6374678515
2025-04-05T12:10:00.000+0000,1000000,1000000,945181.2300775272
2025-04-05T12:20:00.000+0000,1000000,1000000,943747.6738315469
2025-04-05T12:30:00.000+0000,1000000,1000000,942108.9714307429
2025-04-05T12:40:00.000+0000,1000000,1000000,939109.515654471
2025-04-05T12:50:00.000+0000,1000000,1000000,939172.9018801653
2025-04-05T13:00:00.000+0000,1000000,1000000,938613.1729524159
2025-04-05T13:10:00.000+0000,1000000,1000000,935936.5083431746
2025-04-05T13:20:00.000+0000,1000000,1000000,934461.8440789343
2025-04-05T13:30:00.000+0000,1000000,1000000,934352.5578782383
2025-04-05T13:40:00.000+0000,1000000,1000000,931390.7754509377
2025-04-05T13:50:00.000+0000,1000000,1000000,931911.0264433194
2025-04-05T14:00:00.000+0000,1000000,1000000,933138.2159487475
2025-04-05T14:10:00.000+0000,1000000,1000000,932394.5534153109
2025-04-05T14:20:00.000+0000,1000000,1000000,933260.6386716593
2025-04-05T14:30:00.000+0000,1000000,1000000,933492.0723584506
2025-04-05T14:40:00.000+0000,1000000,1000000,935018.4081905985
2025-04-05T14:50:00.000+0000,1000000,1000000,935516.0639215629
2025-04-05T15:00:00.000+0000,1000000,1000000,933283.3920799596
2025-04-05T15:10:00.000+0000,1000000,1000000,932467.0845278181
2025-04-05T15:20:00.000+0000,1000000,1000000,931591.1374204337
2025-04-05T15:30:00.000+0000,1000000,1000000,931312.1926795295
2025-04-05T15:40:00.000+0000,1000000,1000000,929251.7314778368
2025-04-05T15:50:00.000+0000,1000000,1000000,930418.5199816141
2025-04-05T16:00:00.000+0000,1000000,1000000,931405.2925391324
2025-04-05T16:10:00.000+0000,1000000,1000000,932809.5672023947
2025-04-05T16:20:00.000+0000,1000000,1000000,931901.3280870621
2025-04-05T16:30:00.000+0000,1000000,1000000,933372.0883656187
2025-04-05T16:40:00.000+0000,1000000,1000000,933062.4653608956
2025-04-05T16:50:00.000+0000,1000000,1000000,931960.9003645934
2025-04-05T17:00:00.000+0000,1000000,1000000,932007.0654171957
2025-04-05T17:10:00.000+0000,1000000,1000000,932142.2435500814
2025-04-05T17:20:00.000+0000,1000000,1000000,933714.6388366234
2025-04-05T17:30:00.000+0000,1000000,1000000,934691.2927913535
2025-04-05T17:40:00.000+0000,1000000,1000000,934761.0911568243
2025-04-05T17:50:00.000+0000,1000000,1000000,934217.171473313
2025-04-05T18:00:00.000+0000,1000000,1000000,934729.9301979422
2025-04-05T18:10:00.000+0000,1000000,1000000,935910.3615283177
2025-04-05T18:20:00.000+0000,1000000,1000000,936156.1166675752
2025-04-05T18:30:00.000+0000,1000000,1000000,936051.8735502602
2025-04-05T18:40:00.000+0000,1000000,1000000,936356.1787356434
2025-04-05T18:50:00.000+0000,1000000,1000000,937568.8723208187
2025-04-05T19:00:00.000+0000,1000000,1000000,938763.7526836023
2025-04-05T19:10:00.000+0000,1000000,1000000,938736.03553365
2025-04-05T19:20:00.000+0000,1000000,1000000,938860.4199166908
2025-04-05T19:30:00.000+0000,1000000,1000000,937536.9657355744
2025-04-05T19:40:00.000+0000,1000000,1000000,934714.6843587235
2025-04-05T19:50:00.000+0000,1000000,1000000,934203.7586232712
2025-04-05T20:00:00.000+0000,1000000,1000000,935596.8468791458
2025-04-05T20:10:00.000+0000,1000000,1000000,936748.4736967541
2025-04-05T20:20:00.000+0000,1000000,1000000,937537.6524100738
2025-04-05T20:30:00.000+0000,1000000,1000000,936670.4510930541
2025-04-05T20:40:00.000+0000,1000000,1000000,932336.339981383
2025-04-05T20:50:00.000+0000,1000000,1000000,936092.7545699165
2025-04-05T21:00:00.000+0000,1000000,1000000,937297.6122818018
2025-04-05T21:10:00.000+0000,1000000,1000000,937469.3812121638
2025-04-05T21:20:00.000+0000,1000000,1000000,937647.3880738737
2025-04-05T21:30:00.000+0000,1000000,1000000,938046.314956384
2025-04-05T21:40:00.000+0000,1000000,1000000,937716.8728641728
2025-04-05T21:50:00.000+0000,1000000,1000000,937396.1532659417
2025-04-05T22:00:00.000+0000,1000000,1000000,937674.8798349489
2025-04-05T22:10:00.000+0000,1000000,1000000,939099.4378135572
2025-04-05T22:20:00.000+0000,1000000,1000000,938520.3231820192
2025-04-05T22:30:00.000+0000,1000000,1000000,938902.5737756749
2025-04-05T22:40:00.000+0000,1000000,1000000,938776.5812557589
2025-04-05T22:50:00.000+0000,1000000,1000000,939617.0763861472
2025-04-05T23:00:00.000+0000,1000000,1000000,940573.4253210144
2025-04-05T23:10:00.000+0000,1000000,1000000,941198.2678654273
2025-04-05T23:20:00.000+0000,1000000,1000000,940896.726512738
2025-04-05T23:30:00.000+0000,1000000,1000000,941590.5488934354
2025-04-05T23:40:00.000+0000,1000000,1000000,942575.1804938584
2025-04-05T23:50:00.000+0000,1000000,1000000,943615.567499273
2025-04-06T00:00:00.000+0000,1000000,1000000,945406.3231948571
2025-04-06T00:10:00.000+0000,1000000,1000000,944236.2648133615
2025-04-06T00:20:00.000+0000,1000000,1000000,945950.6320392415
2025-04-06T00:30:00.000+0000,1000000,1000000,945614.1080259513
2025-04-06T00:40:00.000+0000,1000000,1000000,946958.7216888124
2025-04-06T00:50:00.000+0000,1000000,1000000,946266.6291226028
2025-04-06T01:00:00.000+0000,1000000,1000000,945952.4701348147
2025-04-06T01:10:00.000+0000,1000000,1000000,947220.1833984766
2025-04-06T01:20:00.000+0000,1000000,1000000,948522.2092820783
2025-04-06T01:30:00.000+0000,1000000,1000000,947297.5592579002
2025-04-06T01:40:00.000+0000,1000000,1000000,945955.6043839591
2025-04-06T01:50:00.000+0000,1000000,1000000,945895.0361315014
2025-04-06T02:00:00.000+0000,1000000,1000000,947483.0401795153
2025-04-06T02:10:00.000+0000,1000000,1000000,945243.099589952
2025-04-06T02:20:00.000+0000,1000000,1000000,944686.8477030918
2025-04-06T02:30:00.000+0000,1000000,1000000,944841.0507995323
2025-04-06T02:40:00.000+0000,1000000,1000000,944762.0450987163
2025-04-06T02:50:00.000+0000,1000000,1000000,944299.0061995817
2025-04-06T03:00:00.000+0000,1000000,1000000,942766.8025753195
2025-04-06T03:10:00.000+0000,1000000,1000000,944576.0434387582
2025-04-06T03:20:00.000+0000,1000000,1000000,942985.1562860982
2025-04-06T03:30:00.000+0000,1000000,1000000,942142.9439418152
2025-04-06T03:40:00.000+0000,1000000,1000000,943325.9608810695
2025-04-06T03:50:00.000+0000,1000000,1000000,944764.5462773285
2025-04-06T04:00:00.000+0000,1000000,1000000,943996.7763033082
2025-04-06T04:10:00.000+0000,1000000,1000000,943507.5018664467
2025-04-06T04:20:00.000+0000,1000000,1000000,943293.9376888913
2025-04-06T04:30:00.000+0000,1000000,1000000,944891.0809807463
2025-04-06T04:40:00.000+0000,1000000,1000000,944139.0516228848
2025-04-06T04:50:00.000+0000,1000000,1000000,944805.1024358701
2025-04-06T05:00:00.000+0000,1000000,1000000,944744.2567824356
2025-04-06T05:10:00.000+0000,1000000,1000000,944495.4708637989
2025-04-06T05:20:00.000+0000,1000000,1000000,945649.1630528008
2025-04-06T05:30:00.000+0000,1000000,1000000,944529.8853437778
2025-04-06T05:40:00.000+0000,1000000,1000000,944289.9653012508
2025-04-06T05:50:00.000+0000,1000000,1000000,946752.4058872089
2025-04-06T06:00:00.000+0000,1000000,1000000,945376.5680209993
2025-04-06T06:10:00.000+0000,1000000,1000000,945565.6122649962
2025-04-06T06:20:00.000+0000,1000000,1000000,946342.3027922439
2025-04-06T06:30:00.000+0000,1000000,1000000,943294.9395661474
2025-04-06T06:40:00.000+0000,1000000,1000000,943088.4265012303
2025-04-06T06:50:00.000+0000,1000000,1000000,940846.9139668455
2025-04-06T07:00:00.000+0000,1000000,1000000,939693.0103042102
2025-04-06T07:10:00.000+0000,1000000,1000000,940696.5122179746
2025-04-06T07:20:00.000+0000,1000000,1000000,939620.8305686549
2025-04-06T07:30:00.000+0000,1000000,1000000,939011.9771020217
2025-04-06T07:40:00.000+0000,1000000,1000000,940165.1463885203
2025-04-06T07:50:00.000+0000,1000000,1000000,939890.4350463762
2025-04-06T08:00:00.000+0000,1000000,1000000,938488.8883188297
2025-04-06T08:10:00.000+0000,1000000,1000000,937334.0388064242
2025-04-06T08:20:00.000+0000,1000000,1000000,934700.7410941224
2025-04-06T08:30:00.000+0000,1000000,1000000,936199.8127360914
2025-04-06T08:40:00.000+0000,1000000,1000000,938041.4737061372
2025-04-06T08:50:00.000+0000,1000000,1000000,938259.2002487134
2025-04-06T09:00:00.000+0000,1000000,1000000,939121.471038182
2025-04-06T09:10:00.000+0000,1000000,1000000,938935.7087180625
2025-04-06T09:20:00.000+0000,1000000,1000000,940948.5476423217
2025-04-06T09:30:00.000+0000,1000000,1000000,940325.3670981098
2025-04-06T09:40:00.000+0000,1000000,1000000,940963.8186827272
2025-04-06T09:50:00.000+0000,1000000,1000000,939606.1033393362
2025-04-06T10:00:00.000+0000,1000000,1000000,937787.2059546654
2025-04-06T10:10:00.000+0000,1000000,1000000,936657.8133810237
2025-04-06T10:20:00.000+0000,1000000,1000000,936208.7582132886
2025-04-06T10:30:00.000+0000,1000000,1000000,935937.2446241137
2025-04-06T10:40:00.000+0000,1000000,1000000,936050.2346228028
2025-04-06T10:50:00.000+0000,1000000,1000000,937502.1613166474
2025-04-06T11:00:00.000+0000,1000000,1000000,936458.1064280763
2025-04-06T11:10:00.000+0000,1000000,1000000,933715.6959275731
2025-04-06T11:20:00.000+0000,1000000,1000000,934072.1344673443
2025-04-06T11:30:00.000+0000,1000000,1000000,934394.0156815823
2025-04-06T11:40:00.000+0000,1000000,1000000,934964.1842993479
2025-04-06T11:50:00.000+0000,1000000,1000000,935191.5094844443
2025-04-06T12:00:00.000+0000,1000000,1000000,935512.1615456056
2025-04-06T12:10:00.000+0000,1000000,1000000,935326.5283972959
2025-04-06T12:20:00.000+0000,1000000,1000000,933671.6811953478
2025-04-06T12:30:00.000+0000,1000000,1000000,931097.5124591613
2025-04-06T12:40:00.000+0000,1000000,1000000,931517.400469093
2025-04-06T12:50:00.000+0000,1000000,1000000,928099.2724037217
2025-04-06T13:00:00.000+0000,1000000,1000000,926623.9688894023
2025-04-06T13:10:00.000+0000,1000000,1000000,924768.0681964213
2025-04-06T13:20:00.000+0000,1000000,1000000,922155.5893025621
2025-04-06T13:30:00.000+0000,1000000,1000000,921436.8932235527
2025-04-06T13:40:00.000+0000,1000000,1000000,918897.4377956218
2025-04-06T13:50:00.000+0000,1000000,1000000,916670.3190799515
2025-04-06T14:00:00.000+0000,1000000,1000000,915818.9288762547
2025-04-06T14:10:00.000+0000,1000000,1000000,919871.5530471767
2025-04-06T14:20:00.000+0000,1000000,1000000,917672.2281403111
2025-04-06T14:30:00.000+0000,1000000,1000000,918211.5751121283
2025-04-06T14:40:00.000+0000,1000000,1000000,918952.8428789534
2025-04-06T14:50:00.000+0000,1000000,1000000,921878.9664254453
2025-04-06T15:00:00.000+0000,1000000,1000000,922071.3172579305
2025-04-06T15:10:00.000+0000,1000000,1000000,920609.6798844526
2025-04-06T15:20:00.000+0000,1000000,1000000,919870.7256734251
2025-04-06T15:30:00.000+0000,1000000,1000000,920489.8116490445
2025-04-06T15:40:00.000+0000,1000000,1000000,921863.3196028352
2025-04-06T15:50:00.000+0000,1000000,1000000,920443.6849169388
2025-04-06T16:00:00.000+0000,1000000,1000000,918935.8412102675
2025-04-06T16:10:00.000+0000,1000000,1000000,916496.3668387525
2025-04-06T16:20:00.000+0000,1000000,1000000,916525.5530181957
2025-04-06T16:30:00.000+0000,1000000,1000000,917610.8335872525
2025-04-06T16:40:00.000+0000,1000000,1000000,914416.6177600647
2025-04-06T16:50:00.000+0000,1000000,1000000,911009.0293756637
2025-04-06T17:00:00.000+0000,1000000,1000000,909514.1552176182
2025-04-06T17:10:00.000+0000,1000000,1000000,907151.436512805
2025-04-06T17:20:00.000+0000,1000000,1000000,901118.2817464757
2025-04-06T17:30:00.000+0000,1000000,1000000,898535.5510867112
2025-04-06T17:40:00.000+0000,1000000,1000000,889551.3586087797
2025-04-06T17:50:00.000+0000,1000000,1000000,891303.2089136567
2025-04-06T18:00:00.000+0000,1000000,1000000,883461.6830649584
2025-04-06T18:10:00.000+0000,1000000,1000000,877679.9917506085
2025-04-06T18:20:00.000+0000,1000000,1000000,867729.4048793456
2025-04-06T18:30:00.000+0000,1000000,1000000,867639.0551965514
2025-04-06T18:40:00.000+0000,1000000,1000000,865032.3999255565
2025-04-06T18:50:00.000+0000,1000000,1000000,858747.7919200398
2025-04-06T19:00:00.000+0000,1000000,1000000,859492.4450269309
2025-04-06T19:10:00.000+0000,1000000,1000000,860818.8495725463
2025-04-06T19:20:00.000+0000,1000000,1000000,862892.3612743206
2025-04-06T19:30:00.000+0000,1000000,1000000,865663.1750627
2025-04-06T19:40:00.000+0000,1000000,1000000,862436.8315361354
2025-04-06T19:50:00.000+0000,1000000,1000000,862901.3708276355
2025-04-06T20:00:00.000+0000,1000000,1000000,866882.7897570526
2025-04-06T20:10:00.000+0000,1000000,1000000,864372.1536066427
2025-04-06T20:20:00.000+0000,1000000,1000000,864603.7767853334
2025-04-06T20:30:00.000+0000,1000000,1000000,846468.4017008226
2025-04-06T20:40:00.000+0000,1000000,1000000,854610.1132780598
2025-04-06T20:50:00.000+0000,1000000,1000000,851429.0251106634
2025-04-06T21:00:00.000+0000,1000000,1000000,852990.3454903555
2025-04-06T21:10:00.000+0000,1000000,1000000,854663.5140881622
2025-04-06T21:20:00.000+0000,1000000,1000000,856581.784123328
2025-04-06T21:30:00.000+0000,1000000,1000000,857250.5915341682
2025-04-06T21:40:00.000+0000,1000000,1000000,856932.2047905917
2025-04-06T21:50:00.000+0000,1000000,1000000,855198.5019860794
2025-04-06T22:00:00.000+0000,1000000,1000000,850715.3201743707
2025-04-06T22:10:00.000+0000,1000000,1000000,857497.0293861151
2025-04-06T22:20:00.000+0000,1000000,1000000,855164.0165259372
2025-04-06T22:30:00.000+0000,1000000,1000000,854242.040495382
2025-04-06T22:40:00.000+0000,1000000,1000000,848286.9314412143
2025-04-06T22:50:00.000+0000,1000000,1000000,845255.7012294608
2025-04-06T23:00:00.000+0000,1000000,1000000,841393.2764796375
2025-04-06T23:10:00.000+0000,1000000,1000000,834803.1872030525
2025-04-06T23:20:00.000+0000,1000000,1000000,834240.184417916
2025-04-06T23:30:00.000+0000,1000000,1000000,839102.251855222
2025-04-06T23:40:00.000+0000,1000000,1000000,847805.5244998757
2025-04-06T23:50:00.000+0000,1000000,1000000,846988.988580904
2025-04-07T00:00:00.000+0000,1000000,1000000,845349.5033063919
2025-04-07T00:10:00.000+0000,1000000,1000000,839740.7645558629
2025-04-07T00:20:00.000+0000,1000000,1000000,840576.8083570937
2025-04-07T00:30:00.000+0000,1000000,1000000,841167.1401866013
2025-04-07T00:40:00.000+0000,1000000,1000000,837491.0263971632
2025-04-07T00:50:00.000+0000,1000000,1000000,836627.4707222078
2025-04-07T01:00:00.000+0000,1000000,1000000,846292.6486649727
2025-04-07T01:10:00.000+0000,1000000,1000000,851271.5390529123
2025-04-07T01:20:00.000+0000,1000000,1000000,860424.7645125758
2025-04-07T01:30:00.000+0000,1000000,1000000,855925.4381412226
2025-04-07T01:40:00.000+0000,1000000,1000000,854404.1780878401
2025-04-07T01:50:00.000+0000,1000000,1000000,858329.0869176975
2025-04-07T02:00:00.000+0000,1000000,1000000,857638.2604746935
2025-04-07T02:10:00.000+0000,1000000,1000000,856997.353803375
2025-04-07T02:20:00.000+0000,1000000,1000000,852569.0238649119
2025-04-07T02:30:00.000+0000,1000000,1000000,847961.7197519513
2025-04-07T02:40:00.000+0000,1000000,1000000,848272.7310940677
2025-04-07T02:50:00.000+0000,1000000,1000000,848655.1207951084
2025-04-07T03:00:00.000+0000,1000000,1000000,848238.6634747966
2025-04-07T03:10:00.000+0000,1000000,1000000,845129.0683863147
2025-04-07T03:20:00.000+0000,1000000,1000000,844022.4187309643
2025-04-07T03:30:00.000+0000,1000000,1000000,835841.5825001134
2025-04-07T03:40:00.000+0000,1000000,1000000,828060.6621155012
2025-04-07T03:50:00.000+0000,1000000,1000000,829661.285685557
2025-04-07T04:00:00.000+0000,1000000,1000000,831430.8853782073
2025-04-07T04:10:00.000+0000,1000000,1000000,827206.7884580404
2025-04-07T04:20:00.000+0000,1000000,1000000,833050.9552672172
2025-04-07T04:30:00.000+0000,1000000,1000000,829828.4889511408
2025-04-07T04:40:00.000+0000,1000000,1000000,826412.0947335025
2025-04-07T04:50:00.000+0000,1000000,1000000,826276.620973934
2025-04-07T05:00:00.000+0000,1000000,1000000,825251.2525319176
2025-04-07T05:10:00.000+0000,1000000,1000000,828932.531618925
2025-04-07T05:20:00.000+0000,1000000,1000000,830947.4728847068
2025-04-07T05:30:00.000+0000,1000000,1000000,826938.3638398912
2025-04-07T05:40:00.000+0000,1000000,1000000,824390.3738180118
2025-04-07T05:50:00.000+0000,1000000,1000000,824860.9848632037
2025-04-07T06:00:00.000+0000,1000000,1000000,826291.1337695252
2025-04-07T06:10:00.000+0000,1000000,1000000,816255.501378922
2025-04-07T06:20:00.000+0000,1000000,1000000,810336.2353317079
2025-04-07T06:30:00.000+0000,1000000,1000000,801502.9908372527
2025-04-07T06:40:00.000+0000,1000000,1000000,785428.6872294402
2025-04-07T06:50:00.000+0000,1000000,1000000,782304.2745611845
2025-04-07T07:00:00.000+0000,1000000,1000000,789348.3278463976
2025-04-07T07:10:00.000+0000,1000000,1000000,792337.9799097036
2025-04-07T07:20:00.000+0000,1000000,1000000,792984.985404985
2025-04-07T07:30:00.000+0000,1000000,1000000,791108.0592669654
2025-04-07T07:40:00.000+0000,1000000,1000000,796092.6665706928
2025-04-07T07:50:00.000+0000,1000000,1000000,792962.5279005845
2025-04-07T08:00:00.000+0000,1000000,1000000,793198.508561308
2025-04-07T08:10:00.000+0000,1000000,1000000,795446.3160919598
2025-04-07T08:20:00.000+0000,1000000,1000000,809269.8453765649
2025-04-07T08:30:00.000+0000,1000000,1000000,809111.6383213452
2025-04-07T08:40:00.000+0000,1000000,1000000,815586.1018652059
2025-04-07T08:50:00.000+0000,1000000,1000000,812311.0585982502
2025-04-07T09:00:00.000+0000,1000000,1000000,810172.7779406419
2025-04-07T09:10:00.000+0000,1000000,1000000,804569.6003468186
2025-04-07T09:20:00.000+0000,1000000,1000000,806060.3965522512
2025-04-07T09:30:00.000+0000,1000000,1000000,812017.3796525465
2025-04-07T09:40:00.000+0000,1000000,1000000,814585.8338964642
2025-04-07T09:50:00.000+0000,1000000,1000000,810805.0674389713
2025-04-07T10:00:00.000+0000,1000000,1000000,810156.6457400912
2025-04-07T10:10:00.000+0000,1000000,1000000,816446.5779681351
2025-04-07T10:20:00.000+0000,1000000,1000000,820571.7099016034
2025-04-07T10:30:00.000+0000,1000000,1000000,817027.0996457718
2025-04-07T10:40:00.000+0000,1000000,1000000,817566.8105951343
2025-04-07T10:50:00.000+0000,1000000,1000000,813674.4307252624
2025-04-07T11:00:00.000+0000,1000000,1000000,814428.0644461125
2025-04-07T11:10:00.000+0000,1000000,1000000,813670.9365139592
2025-04-07T11:20:00.000+0000,1000000,1000000,813996.6670546215
2025-04-07T11:30:00.000+0000,1000000,1000000,807530.3596574862
2025-04-07T11:40:00.000+0000,1000000,1000000,807869.9329709378
2025-04-07T11:50:00.000+0000,1000000,1000000,809633.4011620998
2025-04-07T12:00:00.000+0000,1000000,1000000,810001.5787649106
2025-04-07T12:10:00.000+0000,1000000,1000000,809149.8253974612
2025-04-07T12:20:00.000+0000,1000000,1000000,811474.4247690099
2025-04-07T12:30:00.000+0000,1000000,1000000,821152.7877851382
2025-04-07T12:40:00.000+0000,1000000,1000000,816954.4940742906
2025-04-07T12:50:00.000+0000,1000000,1000000,823290.4375185159
2025-04-07T13:00:00.000+0000,1000000,1000000,825286.5653479525
2025-04-07T13:10:00.000+0000,1000000,1000000,822690.8846799186
2025-04-07T13:20:00.000+0000,1000000,1000000,820824.6099827654
2025-04-07T13:30:00.000+0000,1000000,1000000,815296.4336122624
2025-04-07T13:40:00.000+0000,1000000,1000000,812138.9600490294
2025-04-07T13:50:00.000+0000,1000000,1000000,826486.9822742657
2025-04-07T14:00:00.000+0000,1000000,1000000,839528.2102149012
2025-04-07T14:10:00.000+0000,1000000,1000000,852273.2811039644
2025-04-07T14:20:00.000+0000,1000000,1000000,842730.6862130137
2025-04-07T14:30:00.000+0000,1000000,1000000,841727.8194982244
2025-04-07T14:40:00.000+0000,1000000,1000000,844061.0711438064
2025-04-07T14:50:00.000+0000,1000000,1000000,852926.4282956674
2025-04-07T15:00:00.000+0000,1000000,1000000,847235.1551042681
2025-04-07T15:10:00.000+0000,1000000,1000000,838040.4356670652
2025-04-07T15:20:00.000+0000,1000000,1000000,838906.9304741533
2025-04-07T15:30:00.000+0000,1000000,1000000,843107.523011762
2025-04-07T15:40:00.000+0000,1000000,1000000,849492.0525673975
2025-04-07T15:50:00.000+0000,1000000,1000000,846770.5836361004
2025-04-07T16:00:00.000+0000,1000000,1000000,843489.6449701835
2025-04-07T16:10:00.000+0000,1000000,1000000,840993.767930684
2025-04-07T16:20:00.000+0000,1000000,1000000,837130.8728091735
2025-04-07T16:30:00.000+0000,1000000,1000000,842391.455691307
2025-04-07T16:40:00.000+0000,1000000,1000000,834411.895398131
2025-04-07T16:50:00.000+0000,1000000,1000000,831275.8431390733
2025-04-07T17:00:00.000+0000,1000000,1000000,836395.7625588161
2025-04-07T17:10:00.000+0000,1000000,1000000,838838.3358012142
2025-04-07T17:20:00.000+0000,1000000,1000000,842650.9045782527
2025-04-07T17:30:00.000+0000,1000000,1000000,846319.1117378788
2025-04-07T17:40:00.000+0000,1000000,1000000,849711.8509202726
2025-04-07T17:50:00.000+0000,1000000,1000000,850450.420227313
2025-04-07T18:00:00.000+0000,1000000,1000000,850090.9975366492
2025-04-07T18:10:00.000+0000,1000000,1000000,850071.0618422271
2025-04-07T18:20:00.000+0000,1000000,1000000,846817.080748939
2025-04-07T18:30:00.000+0000,1000000,1000000,845689.697796422
2025-04-07T18:40:00.000+0000,1000000,1000000,848726.0528568047
2025-04-07T18:50:00.000+0000,1000000,1000000,843790.1777473531
2025-04-07T19:00:00.000+0000,1000000,1000000,842599.3085781876
2025-04-07T19:10:00.000+0000,1000000,1000000,842339.3740539432
2025-04-07T19:20:00.000+0000,1000000,1000000,842353.1071952789
2025-04-07T19:30:00.000+0000,1000000,1000000,845137.2649641207
2025-04-07T19:40:00.000+0000,1000000,1000000,843485.6801456937
2025-04-07T19:50:00.000+0000,1000000,1000000,842421.5373360058
2025-04-07T20:00:00.000+0000,1000000,1000000,843079.3598953753
2025-04-07T20:10:00.000+0000,1000000,1000000,845707.8503853239
2025-04-07T20:20:00.000+0000,1000000,1000000,849269.0211011508
2025-04-07T20:30:00.000+0000,1000000,1000000,852971.8480169836
2025-04-07T20:40:00.000+0000,1000000,1000000,854904.8962025581
2025-04-07T20:50:00.000+0000,1000000,1000000,852999.2690036776
2025-04-07T21:00:00.000+0000,1000000,1000000,849170.2611313214
2025-04-07T21:10:00.000+0000,1000000,1000000,851951.0219969372
2025-04-07T21:20:00.000+0000,1000000,1000000,850509.7491317606
2025-04-07T21:30:00.000+0000,1000000,1000000,850061.7309423259
2025-04-07T21:40:00.000+0000,1000000,1000000,850447.4944917078
2025-04-07T21:50:00.000+0000,1000000,1000000,856535.3571947189
2025-04-07T22:00:00.000+0000,1000000,1000000,855620.5770092995
2025-04-07T22:10:00.000+0000,1000000,1000000,858789.3731629283
2025-04-07T22:20:00.000+0000,1000000,1000000,860854.6611630488
2025-04-07T22:30:00.000+0000,1000000,1000000,862073.2335312054
2025-04-07T22:40:00.000+0000,1000000,1000000,862325.827218458
2025-04-07T22:50:00.000+0000,1000000,1000000,862669.0520227273
2025-04-07T23:00:00.000+0000,1000000,1000000,860510.6933617183
2025-04-07T23:10:00.000+0000,1000000,1000000,858306.8102128366
2025-04-07T23:20:00.000+0000,1000000,1000000,856935.4145182846
2025-04-07T23:30:00.000+0000,1000000,1000000,852766.2348799899
2025-04-07T23:40:00.000+0000,1000000,1000000,851440.9294839903
2025-04-07T23:50:00.000+0000,1000000,1000000,850354.190357593
2025-04-08T00:00:00.000+0000,1000000,1000000,850116.4048332558
2025-04-08T00:10:00.000+0000,1000000,1000000,853246.6670322022
2025-04-08T00:20:00.000+0000,1000000,1000000,852563.3816495978
2025-04-08T00:30:00.000+0000,1000000,1000000,849424.4741520989
2025-04-08T00:40:00.000+0000,1000000,1000000,851938.3469482672
2025-04-08T00:50:00.000+0000,1000000,1000000,849100.4227820511
2025-04-08T01:00:00.000+0000,1000000,1000000,847808.7310081162
2025-04-08T01:10:00.000+0000,1000000,1000000,850112.7897759915
2025-04-08T01:20:00.000+0000,1000000,1000000,855053.2805053133
2025-04-08T01:30:00.000+0000,1000000,1000000,861620.1599171545
2025-04-08T01:40:00.000+0000,1000000,1000000,868031.6966161409
2025-04-08T01:50:00.000+0000,1000000,1000000,871637.0868217042
2025-04-08T02:00:00.000+0000,1000000,1000000,871949.361899225
2025-04-08T02:10:00.000+0000,1000000,1000000,877154.8927204225
2025-04-08T02:20:00.000+0000,1000000,1000000,877339.3763167432
2025-04-08T02:30:00.000+0000,1000000,1000000,874274.3668418447
2025-04-08T02:40:00.000+0000,1000000,1000000,873296.8286899432
2025-04-08T02:50:00.000+0000,1000000,1000000,870895.8172572297
2025-04-08T03:00:00.000+0000,1000000,1000000,869429.6666604958
2025-04-08T03:10:00.000+0000,1000000,1000000,867710.4332425407
2025-04-08T03:20:00.000+0000,1000000,1000000,868175.4533600195
2025-04-08T03:30:00.000+0000,1000000,1000000,870136.4693034692
2025-04-08T03:40:00.000+0000,1000000,1000000,868546.5963514415
2025-04-08T03:50:00.000+0000,1000000,1000000,867776.3552291747
2025-04-08T04:00:00.000+0000,1000000,1000000,869663.3820214935
2025-04-08T04:10:00.000+0000,1000000,1000000,871569.7296634084
2025-04-08T04:20:00.000+0000,1000000,1000000,873868.5890879626
2025-04-08T04:30:00.000+0000,1000000,1000000,873071.2595758135
2025-04-08T04:40:00.000+0000,1000000,1000000,872824.701986774
2025-04-08T04:50:00.000+0000,1000000,1000000,874520.4500438108
2025-04-08T05:00:00.000+0000,1000000,1000000,870391.3076947993
2025-04-08T05:10:00.000+0000,1000000,1000000,867802.6524195005
2025-04-08T05:20:00.000+0000,1000000,1000000,866788.1428765976
2025-04-08T05:30:00.000+0000,1000000,1000000,867032.4032486021
2025-04-08T05:40:00.000+0000,1000000,1000000,867282.774767946
2025-04-08T05:50:00.000+0000,1000000,1000000,867051.9500236508
2025-04-08T06:00:00.000+0000,1000000,1000000,864262.5127738246
2025-04-08T06:10:00.000+0000,1000000,1000000,861841.3664964319
2025-04-08T06:20:00.000+0000,1000000,1000000,861351.8564757598
2025-04-08T06:30:00.000+0000,1000000,1000000,860616.1035143711
2025-04-08T06:40:00.000+0000,1000000,1000000,861422.8534273666
2025-04-08T06:50:00.000+0000,1000000,1000000,859967.4587965563
2025-04-08T07:00:00.000+0000,1000000,1000000,857674.595003417
2025-04-08T07:10:00.000+0000,1000000,1000000,858137.5392773516
2025-04-08T07:20:00.000+0000,1000000,1000000,859772.7351613347
2025-04-08T07:30:00.000+0000,1000000,1000000,858290.3633996808
2025-04-08T07:40:00.000+0000,1000000,1000000,856685.3794053568
2025-04-08T07:50:00.000+0000,1000000,1000000,855638.4398202719
2025-04-08T08:00:00.000+0000,1000000,1000000,855916.9970100294
2025-04-08T08:10:00.000+0000,1000000,1000000,852815.944823486
2025-04-08T08:20:00.000+0000,1000000,1000000,851551.8321652693
2025-04-08T08:30:00.000+0000,1000000,1000000,853191.6106786628
2025-04-08T08:40:00.000+0000,1000000,1000000,854305.4762560809
2025-04-08T08:50:00.000+0000,1000000,1000000,853915.0159117326
2025-04-08T09:00:00.000+0000,1000000,1000000,854972.564324584
2025-04-08T09:10:00.000+0000,1000000,1000000,855556.7311612857
2025-04-08T09:20:00.000+0000,1000000,1000000,854262.3851682511
2025-04-08T09:30:00.000+0000,1000000,1000000,854654.7331967535
2025-04-08T09:40:00.000+0000,1000000,1000000,857733.9861327563
2025-04-08T09:50:00.000+0000,1000000,1000000,855975.1244396821
2025-04-08T10:00:00.000+0000,1000000,1000000,855289.470824162
2025-04-08T10:10:00.000+0000,1000000,1000000,856440.2959879218
2025-04-08T10:20:00.000+0000,1000000,1000000,857309.419553564
2025-04-08T10:30:00.000+0000,1000000,1000000,857583.4104526739
2025-04-08T10:40:00.000+0000,1000000,1000000,858686.379087699
2025-04-08T10:50:00.000+0000,1000000,1000000,856957.5373688658
2025-04-08T11:00:00.000+0000,1000000,1000000,856835.1157012461
2025-04-08T11:10:00.000+0000,1000000,1000000,858358.3309579939
2025-04-08T11:20:00.000+0000,1000000,1000000,860821.0561797678
2025-04-08T11:30:00.000+0000,1000000,1000000,864648.255432482
2025-04-08T11:40:00.000+0000,1000000,1000000,865987.4866811691
2025-04-08T11:50:00.000+0000,1000000,1000000,870065.8666191315
2025-04-08T12:00:00.000+0000,1000000,1000000,869108.0990392884
2025-04-08T12:10:00.000+0000,1000000,1000000,868763.586094362
2025-04-08T12:20:00.000+0000,1000000,1000000,866051.1301773321
2025-04-08T12:30:00.000+0000,1000000,1000000,864002.5779545044
2025-04-08T12:40:00.000+0000,1000000,1000000,862338.5325211347
2025-04-08T12:50:00.000+0000,1000000,1000000,861941.7924282723
2025-04-08T13:00:00.000+0000,1000000,1000000,864633.5072410037
2025-04-08T13:10:00.000+0000,1000000,1000000,865415.411044675
2025-04-08T13:20:00.000+0000,1000000,1000000,868887.8854927019
2025-04-08T13:30:00.000+0000,1000000,1000000,860316.8612299424
2025-04-08T13:40:00.000+0000,1000000,1000000,861342.4837408336
2025-04-08T13:50:00.000+0000,1000000,1000000,860670.0400869285
2025-04-08T14:00:00.000+0000,1000000,1000000,862833.3713341546
2025-04-08T14:10:00.000+0000,1000000,1000000,865938.4971807073
2025-04-08T14:20:00.000+0000,1000000,1000000,859128.601261116
2025-04-08T14:30:00.000+0000,1000000,1000000,856696.8665458236
2025-04-08T14:40:00.000+0000,1000000,1000000,852973.9181818385
2025-04-08T14:50:00.000+0000,1000000,1000000,846490.5295506471
2025-04-08T15:00:00.000+0000,1000000,1000000,845563.9735914178
2025-04-08T15:10:00.000+0000,1000000,1000000,842960.0022390946
2025-04-08T15:20:00.000+0000,1000000,1000000,843267.8085755442
2025-04-08T15:30:00.000+0000,1000000,1000000,843996.0207716094
2025-04-08T15:40:00.000+0000,1000000,1000000,844388.5545181241
2025-04-08T15:50:00.000+0000,1000000,1000000,842617.9727836499
2025-04-08T16:00:00.000+0000,1000000,1000000,842801.7758671591
2025-04-08T16:10:00.000+0000,1000000,1000000,837751.7893504512
2025-04-08T16:20:00.000+0000,1000000,1000000,835438.0394611575
2025-04-08T16:30:00.000+0000,1000000,1000000,829130.7027119517
2025-04-08T16:40:00.000+0000,1000000,1000000,826523.7284464543
2025-04-08T16:50:00.000+0000,1000000,1000000,823632.4661423091
2025-04-08T17:00:00.000+0000,1000000,1000000,821480.826793061
2025-04-08T17:10:00.000+0000,1000000,1000000,818250.8620118264
2025-04-08T17:20:00.000+0000,1000000,1000000,813849.4840208793
2025-04-08T17:30:00.000+0000,1000000,1000000,816492.7912768092
2025-04-08T17:40:00.000+0000,1000000,1000000,821864.9913452085
2025-04-08T17:50:00.000+0000,1000000,1000000,823172.3039446333
2025-04-08T18:00:00.000+0000,1000000,1000000,823334.5106838874
2025-04-08T18:10:00.000+0000,1000000,1000000,823452.3604357466
2025-04-08T18:20:00.000+0000,1000000,1000000,827499.7308455878
2025-04-08T18:30:00.000+0000,1000000,1000000,828832.1975222547
2025-04-08T18:40:00.000+0000,1000000,1000000,826938.5047627841
2025-04-08T18:50:00.000+0000,1000000,1000000,825946.2393815638
2025-04-08T19:00:00.000+0000,1000000,1000000,822610.3298298074
2025-04-08T19:10:00.000+0000,1000000,1000000,818590.8430247917
2025-04-08T19:20:00.000+0000,1000000,1000000,821770.0595695794
2025-04-08T19:30:00.000+0000,1000000,1000000,816316.9722957568
2025-04-08T19:40:00.000+0000,1000000,1000000,814897.454181077
2025-04-08T19:50:00.000+0000,1000000,1000000,818996.6164682114
2025-04-08T20:00:00.000+0000,1000000,1000000,817698.8542730936
2025-04-08T20:10:00.000+0000,1000000,1000000,818906.043247766
2025-04-08T20:20:00.000+0000,1000000,1000000,818282.6349090168
2025-04-08T20:30:00.000+0000,1000000,1000000,820283.1432575122
2025-04-08T20:40:00.000+0000,1000000,1000000,824849.3602250786
2025-04-08T20:50:00.000+0000,1000000,1000000,826214.6694190437
2025-04-08T21:00:00.000+0000,1000000,1000000,824814.8634789936
2025-04-08T21:10:00.000+0000,1000000,1000000,823837.9331964375
2025-04-08T21:20:00.000+0000,1000000,1000000,823504.046768408
2025-04-08T21:30:00.000+0000,1000000,1000000,821819.8247089103
2025-04-08T21:40:00.000+0000,1000000,1000000,826231.0889382875
2025-04-08T21:50:00.000+0000,1000000,1000000,826281.7245831867
2025-04-08T22:00:00.000+0000,1000000,1000000,820805.2848762833
2025-04-08T22:10:00.000+0000,1000000,1000000,822033.8032485256
2025-04-08T22:20:00.000+0000,1000000,1000000,818804.6907650122
2025-04-08T22:30:00.000+0000,1000000,1000000,815884.7105603857
2025-04-08T22:40:00.000+0000,1000000,1000000,816965.3481978016
2025-04-08T22:50:00.000+0000,1000000,1000000,819630.1107857997
2025-04-08T23:00:00.000+0000,1000000,1000000,820338.4810809912
2025-04-08T23:10:00.000+0000,1000000,1000000,818601.8077993304
2025-04-08T23:20:00.000+0000,1000000,1000000,820099.8893865615
2025-04-08T23:30:00.000+0000,1000000,1000000,821705.9757499536
2025-04-08T23:40:00.000+0000,1000000,1000000,821484.6735437608
2025-04-08T23:50:00.000+0000,1000000,1000000,821784.8479863567
2025-04-09T00:00:00.000+0000,1000000,1000000,817567.7316816642
2025-04-09T00:10:00.000+0000,1000000,1000000,822053.8984580578
2025-04-09T00:20:00.000+0000,1000000,1000000,824096.7359113996
2025-04-09T00:30:00.000+0000,1000000,1000000,821575.678001604
2025-04-09T00:40:00.000+0000,1000000,1000000,819657.2616063559
2025-04-09T00:50:00.000+0000,1000000,1000000,818108.0268553352
2025-04-09T01:00:00.000+0000,1000000,1000000,811234.022952365
2025-04-09T01:10:00.000+0000,1000000,1000000,799268.5830016148
2025-04-09T01:20:00.000+0000,1000000,1000000,790678.4461255812
2025-04-09T01:30:00.000+0000,1000000,1000000,793908.8869214742
2025-04-09T01:40:00.000+0000,1000000,1000000,803057.5289200761
2025-04-09T01:50:00.000+0000,1000000,1000000,808918.8286624742
2025-04-09T02:00:00.000+0000,1000000,1000000,813635.2404750986
2025-04-09T02:10:00.000+0000,1000000,1000000,814803.0308739909
2025-04-09T02:20:00.000+0000,1000000,1000000,809871.6276714867
2025-04-09T02:30:00.000+0000,1000000,1000000,810377.3966767178
2025-04-09T02:40:00.000+0000,1000000,1000000,806099.2905048099
2025-04-09T02:50:00.000+0000,1000000,1000000,804755.0450942387
2025-04-09T03:00:00.000+0000,1000000,1000000,802950.3337928184
2025-04-09T03:10:00.000+0000,1000000,1000000,804565.6374092721
2025-04-09T03:20:00.000+0000,1000000,1000000,802573.5878275243
2025-04-09T03:30:00.000+0000,1000000,1000000,802729.7083434088
2025-04-09T03:40:00.000+0000,1000000,1000000,799311.5111669588
2025-04-09T03:50:00.000+0000,1000000,1000000,801564.1155192491
2025-04-09T04:00:00.000+0000,1000000,1000000,801267.0402068949
2025-04-09T04:10:00.000+0000,1000000,1000000,805411.3064581542
2025-04-09T04:20:00.000+0000,1000000,1000000,806034.365306895
2025-04-09T04:30:00.000+0000,1000000,1000000,808809.3805767256
2025-04-09T04:40:00.000+0000,1000000,1000000,816044.2164341949
2025-04-09T04:50:00.000+0000,1000000,1000000,815259.1518476831
2025-04-09T05:00:00.000+0000,1000000,1000000,815111.4115706095
2025-04-09T05:10:00.000+0000,1000000,1000000,818092.4657955009
2025-04-09T05:20:00.000+0000,1000000,1000000,819477.1263881444
2025-04-09T05:30:00.000+0000,1000000,1000000,819068.552624901
2025-04-09T05:40:00.000+0000,1000000,1000000,818339.1568668124
2025-04-09T05:50:00.000+0000,1000000,1000000,819425.1015742003
2025-04-09T06:00:00.000+0000,1000000,1000000,821218.7953109073
2025-04-09T06:10:00.000+0000,1000000,1000000,825445.1867830907
2025-04-09T06:20:00.000+0000,1000000,1000000,823065.548952915
2025-04-09T06:30:00.000+0000,1000000,1000000,822824.3769796434
2025-04-09T06:40:00.000+0000,1000000,1000000,823189.8454268784
2025-04-09T06:50:00.000+0000,1000000,1000000,822175.7950054372
2025-04-09T07:00:00.000+0000,1000000,1000000,822910.4951684797
2025-04-09T07:10:00.000+0000,1000000,1000000,829692.1167126461
2025-04-09T07:20:00.000+0000,1000000,1000000,829007.5408015831
2025-04-09T07:30:00.000+0000,1000000,1000000,833181.7364529877
2025-04-09T07:40:00.000+0000,1000000,1000000,834238.6003376412
2025-04-09T07:50:00.000+0000,1000000,1000000,833294.7323540066
2025-04-09T08:00:00.000+0000,1000000,1000000,830709.3340786155
2025-04-09T08:10:00.000+0000,1000000,1000000,829629.4769271065
2025-04-09T08:20:00.000+0000,1000000,1000000,831237.6015916213
2025-04-09T08:30:00.000+0000,1000000,1000000,828324.8970925765
2025-04-09T08:40:00.000+0000,1000000,1000000,828306.6461760232
2025-04-09T08:50:00.000+0000,1000000,1000000,829141.0036253764
2025-04-09T09:00:00.000+0000,1000000,1000000,831402.974756687
2025-04-09T09:10:00.000+0000,1000000,1000000,829714.5924606114
2025-04-09T09:20:00.000+0000,1000000,1000000,828416.3882787284
2025-04-09T09:30:00.000+0000,1000000,1000000,827016.1066012369
2025-04-09T09:40:00.000+0000,1000000,1000000,828540.7769543726
2025-04-09T09:50:00.000+0000,1000000,1000000,830021.3990661064
2025-04-09T10:00:00.000+0000,1000000,1000000,828308.2853806976
2025-04-09T10:10:00.000+0000,1000000,1000000,830000.3151700632
2025-04-09T10:20:00.000+0000,1000000,1000000,829064.2332117795
2025-04-09T10:30:00.000+0000,1000000,1000000,826188.7201447177
2025-04-09T10:40:00.000+0000,1000000,1000000,827564.6089320172
2025-04-09T10:50:00.000+0000,1000000,1000000,830844.9418748906
2025-04-09T11:00:00.000+0000,1000000,1000000,815228.5543116792
2025-04-09T11:10:00.000+0000,1000000,1000000,816926.8654414264
2025-04-09T11:20:00.000+0000,1000000,1000000,815947.9976089185
2025-04-09T11:30:00.000+0000,1000000,1000000,810327.3825570494
2025-04-09T11:40:00.000+0000,1000000,1000000,808905.7095700307
2025-04-09T11:50:00.000+0000,1000000,1000000,812477.4178026674
2025-04-09T12:00:00.000+0000,1000000,1000000,811408.0853080163
2025-04-09T12:10:00.000+0000,1000000,1000000,814104.4419792378
2025-04-09T12:20:00.000+0000,1000000,1000000,811062.4919578969
2025-04-09T12:30:00.000+0000,1000000,1000000,808438.2734644226
2025-04-09T12:40:00.000+0000,1000000,1000000,811544.7284192888
2025-04-09T12:50:00.000+0000,1000000,1000000,818578.1733597347
2025-04-09T13:00:00.000+0000,1000000,1000000,819032.3391479207
2025-04-09T13:10:00.000+0000,1000000,1000000,818678.9228201807
2025-04-09T13:20:00.000+0000,1000000,1000000,816561.0104447606
2025-04-09T13:30:00.000+0000,1000000,1000000,819867.1398986897
2025-04-09T13:40:00.000+0000,1000000,1000000,825880.2485253508
2025-04-09T13:50:00.000+0000,1000000,1000000,828846.4835964595
2025-04-09T14:00:00.000+0000,1000000,1000000,829039.5071346241
2025-04-09T14:10:00.000+0000,1000000,1000000,827446.9971339109
2025-04-09T14:20:00.000+0000,1000000,1000000,830597.509693461
2025-04-09T14:30:00.000+0000,1000000,1000000,831489.9752200337
2025-04-09T14:40:00.000+0000,1000000,1000000,828752.785248652
2025-04-09T14:50:00.000+0000,1000000,1000000,824918.626047547
2025-04-09T15:00:00.000+0000,1000000,1000000,826603.4983301322
2025-04-09T15:10:00.000+0000,1000000,1000000,830070.58633074
2025-04-09T15:20:00.000+0000,1000000,1000000,831997.6458603803
2025-04-09T15:30:00.000+0000,1000000,1000000,829003.9123656505
2025-04-09T15:40:00.000+0000,1000000,1000000,828494.8625096929
2025-04-09T15:50:00.000+0000,1000000,1000000,829514.7190885085
2025-04-09T16:00:00.000+0000,1000000,1000000,829646.9556836017
2025-04-09T16:10:00.000+0000,1000000,1000000,833530.3769391077
2025-04-09T16:20:00.000+0000,1000000,1000000,833228.8240589758
2025-04-09T16:30:00.000+0000,1000000,1000000,833852.8392117784
2025-04-09T16:40:00.000+0000,1000000,1000000,835995.8858111491
2025-04-09T16:50:00.000+0000,1000000,1000000,838031.6499286188
2025-04-09T17:00:00.000+0000,1000000,1000000,841882.721556823
2025-04-09T17:10:00.000+0000,1000000,1000000,836285.0212617317
2025-04-09T17:20:00.000+0000,1000000,1000000,853096.1615899254
2025-04-09T17:30:00.000+0000,1000000,1000000,884824.3456862271
2025-04-09T17:40:00.000+0000,1000000,1000000,887197.4250701201
2025-04-09T17:50:00.000+0000,1000000,1000000,894678.4119438424
2025-04-09T18:00:00.000+0000,1000000,1000000,901107.0936936443
2025-04-09T18:10:00.000+0000,1000000,1000000,905271.5751866042
2025-04-09T18:20:00.000+0000,1000000,1000000,913796.6986962871
2025-04-09T18:30:00.000+0000,1000000,1000000,911909.2530078054
2025-04-09T18:40:00.000+0000,1000000,1000000,903683.7989867041
2025-04-09T18:50:00.000+0000,1000000,1000000,901461.6587774395
2025-04-09T19:00:00.000+0000,1000000,1000000,902305.9354199655
2025-04-09T19:10:00.000+0000,1000000,1000000,905811.4788651774
2025-04-09T19:20:00.000+0000,1000000,1000000,909736.3453234341
2025-04-09T19:30:00.000+0000,1000000,1000000,908450.1455594087
2025-04-09T19:40:00.000+0000,1000000,1000000,907276.280759665
2025-04-09T19:50:00.000+0000,1000000,1000000,907790.0059654305
2025-04-09T20:00:00.000+0000,1000000,1000000,909419.4133990287
2025-04-09T20:10:00.000+0000,1000000,1000000,910054.0572328888
2025-04-09T20:20:00.000+0000,1000000,1000000,908287.218412838
2025-04-09T20:30:00.000+0000,1000000,1000000,908625.6912263058
2025-04-09T20:40:00.000+0000,1000000,1000000,911436.4953625472
2025-04-09T20:50:00.000+0000,1000000,1000000,913807.2758482439
2025-04-09T21:00:00.000+0000,1000000,1000000,916299.9757661404
2025-04-09T21:10:00.000+0000,1000000,1000000,918712.5303310892
2025-04-09T21:20:00.000+0000,1000000,1000000,917781.5621948501
2025-04-09T21:30:00.000+0000,1000000,1000000,913806.8770290129
2025-04-09T21:40:00.000+0000,1000000,1000000,915294.1972667072
2025-04-09T21:50:00.000+0000,1000000,1000000,917066.9891229314
2025-04-09T22:00:00.000+0000,1000000,1000000,918115.95868329
2025-04-09T22:10:00.000+0000,1000000,1000000,920103.1016061644
2025-04-09T22:20:00.000+0000,1000000,1000000,920452.5131613327
2025-04-09T22:30:00.000+0000,1000000,1000000,919516.2272414718
2025-04-09T22:40:00.000+0000,1000000,1000000,917337.2612356534
2025-04-09T22:50:00.000+0000,1000000,1000000,916960.2922692834
2025-04-09T23:00:00.000+0000,1000000,1000000,916168.2341894868
2025-04-09T23:10:00.000+0000,1000000,1000000,913274.0405603413
2025-04-09T23:20:00.000+0000,1000000,1000000,912268.5770043066
2025-04-09T23:30:00.000+0000,1000000,1000000,913385.6451638725
2025-04-09T23:40:00.000+0000,1000000,1000000,914300.0281576462
2025-04-09T23:50:00.000+0000,1000000,1000000,913985.6971077311
2025-04-10T00:00:00.000+0000,1000000,1000000,912420.6289844364
2025-04-10T00:10:00.000+0000,1000000,1000000,910833.0599477073
2025-04-10T00:20:00.000+0000,1000000,1000000,909757.5439216094
2025-04-10T00:30:00.000+0000,1000000,1000000,905406.9508421621
2025-04-10T00:40:00.000+0000,1000000,1000000,902161.3958023788
2025-04-10T00:50:00.000+0000,1000000,1000000,902429.7805081639
2025-04-10T01:00:00.000+0000,1000000,1000000,906218.4283942822
2025-04-10T01:10:00.000+0000,1000000,1000000,905592.6024576774
2025-04-10T01:20:00.000+0000,1000000,1000000,903895.8761148448
2025-04-10T01:30:00.000+0000,1000000,1000000,900958.3268211267
2025-04-10T01:40:00.000+0000,1000000,1000000,902940.2178698634
2025-04-10T01:50:00.000+0000,1000000,1000000,903053.4986839155
2025-04-10T02:00:00.000+0000,1000000,1000000,902208.743621071
2025-04-10T02:10:00.000+0000,1000000,1000000,905520.0051406097
2025-04-10T02:20:00.000+0000,1000000,1000000,905983.1437534813
2025-04-10T02:30:00.000+0000,1000000,1000000,904359.108816341
2025-04-10T02:40:00.000+0000,1000000,1000000,902692.0259053286
2025-04-10T02:50:00.000+0000,1000000,1000000,901928.3022438292
2025-04-10T03:00:00.000+0000,1000000,1000000,899553.4089459751
2025-04-10T03:10:00.000+0000,1000000,1000000,890721.113502884
2025-04-10T03:20:00.000+0000,1000000,1000000,889731.8432277057
2025-04-10T03:30:00.000+0000,1000000,1000000,888808.1025766946
2025-04-10T03:40:00.000+0000,1000000,1000000,891431.7118504555
2025-04-10T03:50:00.000+0000,1000000,1000000,891534.5741245743
2025-04-10T04:00:00.000+0000,1000000,1000000,892644.4408138918
2025-04-10T04:10:00.000+0000,1000000,1000000,892115.5911693029
2025-04-10T04:20:00.000+0000,1000000,1000000,891323.1281264459
2025-04-10T04:30:00.000+0000,1000000,1000000,890471.7003981862
2025-04-10T04:40:00.000+0000,1000000,1000000,893624.0451509798
2025-04-10T04:50:00.000+0000,1000000,1000000,895064.1009092387
2025-04-10T05:00:00.000+0000,1000000,1000000,894736.2851617502
2025-04-10T05:10:00.000+0000,1000000,1000000,896018.2493807138
2025-04-10T05:20:00.000+0000,1000000,1000000,896568.2534185102
2025-04-10T05:30:00.000+0000,1000000,1000000,896984.0321308129
2025-04-10T05:40:00.000+0000,1000000,1000000,896360.3217086168
2025-04-10T05:50:00.000+0000,1000000,1000000,895788.2429062466
2025-04-10T06:00:00.000+0000,1000000,1000000,897127.27448596
2025-04-10T06:10:00.000+0000,1000000,1000000,898914.2564408212
2025-04-10T06:20:00.000+0000,1000000,1000000,897133.3642059993
2025-04-10T06:30:00.000+0000,1000000,1000000,895430.8424551599
2025-04-10T06:40:00.000+0000,1000000,1000000,894337.9766207357
2025-04-10T06:50:00.000+0000,1000000,1000000,895421.2328217727
2025-04-10T07:00:00.000+0000,1000000,1000000,895709.6582657539
2025-04-10T07:10:00.000+0000,1000000,1000000,895061.3231255835
2025-04-10T07:20:00.000+0000,1000000,1000000,893121.8464614697
2025-04-10T07:30:00.000+0000,1000000,1000000,884477.0026861875
2025-04-10T07:40:00.000+0000,1000000,1000000,885548.7642525606
2025-04-10T07:50:00.000+0000,1000000,1000000,887385.9964474759
2025-04-10T08:00:00.000+0000,1000000,1000000,886141.5307967615
2025-04-10T08:10:00.000+0000,1000000,1000000,887107.5325146915
2025-04-10T08:20:00.000+0000,1000000,1000000,886309.4766750371
2025-04-10T08:30:00.000+0000,1000000,1000000,883825.9479182907
2025-04-10T08:40:00.000+0000,1000000,1000000,884408.7564122472
2025-04-10T08:50:00.000+0000,1000000,1000000,885585.4274162856
2025-04-10T09:00:00.000+0000,1000000,1000000,884053.773782657
2025-04-10T09:10:00.000+0000,1000000,1000000,884143.9615982573
2025-04-10T09:20:00.000+0000,1000000,1000000,887803.0477040305
2025-04-10T09:30:00.000+0000,1000000,1000000,888401.2993183783
2025-04-10T09:40:00.000+0000,1000000,1000000,887966.1198781747
2025-04-10T09:50:00.000+0000,1000000,1000000,889726.4069144886
2025-04-10T10:00:00.000+0000,1000000,1000000,889657.1585217927
2025-04-10T10:10:00.000+0000,1000000,1000000,887406.8237975492
2025-04-10T10:20:00.000+0000,1000000,1000000,885900.0221755744
2025-04-10T10:30:00.000+0000,1000000,1000000,886155.1189283829
2025-04-10T10:40:00.000+0000,1000000,1000000,884133.7212821394
2025-04-10T10:50:00.000+0000,1000000,1000000,885001.7872202564
2025-04-10T11:00:00.000+0000,1000000,1000000,885330.2724896893
2025-04-10T11:10:00.000+0000,1000000,1000000,881832.6029610466
2025-04-10T11:20:00.000+0000,1000000,1000000,882963.0635986467
2025-04-10T11:30:00.000+0000,1000000,1000000,883157.8783445394
2025-04-10T11:40:00.000+0000,1000000,1000000,885748.0554395036
2025-04-10T11:50:00.000+0000,1000000,1000000,884452.0134005161
2025-04-10T12:00:00.000+0000,1000000,1000000,883185.9165817196
2025-04-10T12:10:00.000+0000,1000000,1000000,884532.7167570115
2025-04-10T12:20:00.000+0000,1000000,1000000,886191.3347753058
2025-04-10T12:30:00.000+0000,1000000,1000000,890190.7559181557
2025-04-10T12:40:00.000+0000,1000000,1000000,883311.4904469727
2025-04-10T12:50:00.000+0000,1000000,1000000,880511.5684705115
2025-04-10T13:00:00.000+0000,1000000,1000000,880012.8433252209
2025-04-10T13:10:00.000+0000,1000000,1000000,879829.5237505676
2025-04-10T13:20:00.000+0000,1000000,1000000,883114.4631736696
2025-04-10T13:30:00.000+0000,1000000,1000000,872885.2824554553
2025-04-10T13:40:00.000+0000,1000000,1000000,872247.6097470183
2025-04-10T13:50:00.000+0000,1000000,1000000,874906.5654174257
2025-04-10T14:00:00.000+0000,1000000,1000000,872898.1073073011
2025-04-10T14:10:00.000+0000,1000000,1000000,872594.6989018237
2025-04-10T14:20:00.000+0000,1000000,1000000,876955.3719684868
2025-04-10T14:30:00.000+0000,1000000,1000000,880209.2161006918
2025-04-10T14:40:00.000+0000,1000000,1000000,880717.6738716322
2025-04-10T14:50:00.000+0000,1000000,1000000,876314.7761894627
2025-04-10T15:00:00.000+0000,1000000,1000000,872694.758450459
2025-04-10T15:10:00.000+0000,1000000,1000000,865348.6013106236
2025-04-10T15:20:00.000+0000,1000000,1000000,861317.9181626451
2025-04-10T15:30:00.000+0000,1000000,1000000,849215.821721954
2025-04-10T15:40:00.000+0000,1000000,1000000,843696.6621217462
2025-04-10T15:50:00.000+0000,1000000,1000000,845987.76020342
2025-04-10T16:00:00.000+0000,1000000,1000000,842378.6587056662
2025-04-10T16:10:00.000+0000,1000000,1000000,844051.3646853413
2025-04-10T16:20:00.000+0000,1000000,1000000,840075.0164104346
2025-04-10T16:30:00.000+0000,1000000,1000000,846309.3299352117
2025-04-10T16:40:00.000+0000,1000000,1000000,846183.5052026778
2025-04-10T16:50:00.000+0000,1000000,1000000,849066.6600991684
2025-04-10T17:00:00.000+0000,1000000,1000000,844702.1152234892
2025-04-10T17:10:00.000+0000,1000000,1000000,843335.527046367
2025-04-10T17:20:00.000+0000,1000000,1000000,843439.6589225023
2025-04-10T17:30:00.000+0000,1000000,1000000,847153.3037162158
2025-04-10T17:40:00.000+0000,1000000,1000000,847968.3303982568
2025-04-10T17:50:00.000+0000,1000000,1000000,850587.6315192075
2025-04-10T18:00:00.000+0000,1000000,1000000,853018.357399622
2025-04-10T18:10:00.000+0000,1000000,1000000,851846.8967476304
2025-04-10T18:20:00.000+0000,1000000,1000000,855496.054019732
2025-04-10T18:30:00.000+0000,1000000,1000000,856038.7442908081
2025-04-10T18:40:00.000+0000,1000000,1000000,855299.9174003645
2025-04-10T18:50:00.000+0000,1000000,1000000,854747.4159578427
2025-04-10T19:00:00.000+0000,1000000,1000000,857233.466265209
2025-04-10T19:10:00.000+0000,1000000,1000000,856083.7697269963
2025-04-10T19:20:00.000+0000,1000000,1000000,854169.7052243856
2025-04-10T19:30:00.000+0000,1000000,1000000,855311.8883090455
2025-04-10T19:40:00.000+0000,1000000,1000000,854659.63042091
2025-04-10T19:50:00.000+0000,1000000,1000000,857077.2682766799
2025-04-10T20:00:00.000+0000,1000000,1000000,858798.7742470589
2025-04-10T20:10:00.000+0000,1000000,1000000,859437.9101005155
2025-04-10T20:20:00.000+0000,1000000,1000000,858014.9433834444
2025-04-10T20:30:00.000+0000,1000000,1000000,859063.0046364546
2025-04-10T20:40:00.000+0000,1000000,1000000,862066.366821929
2025-04-10T20:50:00.000+0000,1000000,1000000,863697.7042755643
2025-04-10T21:00:00.000+0000,1000000,1000000,863694.6809903826
2025-04-10T21:10:00.000+0000,1000000,1000000,861891.6791314422
2025-04-10T21:20:00.000+0000,1000000,1000000,859873.1535989781
2025-04-10T21:30:00.000+0000,1000000,1000000,861970.5853957382
2025-04-10T21:40:00.000+0000,1000000,1000000,861194.8881605398
2025-04-10T21:50:00.000+0000,1000000,1000000,860967.0596311553
2025-04-10T22:00:00.000+0000,1000000,1000000,860592.93117419
2025-04-10T22:10:00.000+0000,1000000,1000000,863038.5049062434
2025-04-10T22:20:00.000+0000,1000000,1000000,863219.4787662909
2025-04-10T22:30:00.000+0000,1000000,1000000,864188.2684449507
2025-04-10T22:40:00.000+0000,1000000,1000000,863916.4246467653
2025-04-10T22:50:00.000+0000,1000000,1000000,862495.9489133732
2025-04-10T23:00:00.000+0000,1000000,1000000,861485.5768115214
2025-04-10T23:10:00.000+0000,1000000,1000000,861076.9773283745
2025-04-10T23:20:00.000+0000,1000000,1000000,859282.1656619117
2025-04-10T23:30:00.000+0000,1000000,1000000,859684.1587020624
2025-04-10T23:40:00.000+0000,1000000,1000000,862327.5811788407
2025-04-10T23:50:00.000+0000,1000000,1000000,862061.9895223227
2025-04-11T00:00:00.000+0000,1000000,1000000,860350.2840275983
2025-04-11T00:10:00.000+0000,1000000,1000000,861789.708065693
2025-04-11T00:20:00.000+0000,1000000,1000000,861689.5198461062
2025-04-11T00:30:00.000+0000,1000000,1000000,860403.0764496386
2025-04-11T00:40:00.000+0000,1000000,1000000,859970.518273792
2025-04-11T00:50:00.000+0000,1000000,1000000,856133.2550954078
2025-04-11T01:00:00.000+0000,1000000,1000000,856662.2982472825
2025-04-11T01:10:00.000+0000,1000000,1000000,859955.3849904033
2025-04-11T01:20:00.000+0000,1000000,1000000,862782.7922711757
2025-04-11T01:30:00.000+0000,1000000,1000000,864690.3031209651
2025-04-11T01:40:00.000+0000,1000000,1000000,865015.5107412654
2025-04-11T01:50:00.000+0000,1000000,1000000,868769.2917242069
2025-04-11T02:00:00.000+0000,1000000,1000000,868619.9387225783
2025-04-11T02:10:00.000+0000,1000000,1000000,869068.4814242427
2025-04-11T02:20:00.000+0000,1000000,1000000,870892.3607941302
2025-04-11T02:30:00.000+0000,1000000,1000000,873430.2003137711
2025-04-11T02:40:00.000+0000,1000000,1000000,872458.2257420942
2025-04-11T02:50:00.000+0000,1000000,1000000,870408.0273391113
2025-04-11T03:00:00.000+0000,1000000,1000000,871850.4735892373
2025-04-11T03:10:00.000+0000,1000000,1000000,873362.7943092517
2025-04-11T03:20:00.000+0000,1000000,1000000,874863.3226394766
2025-04-11T03:30:00.000+0000,1000000,1000000,874562.5789252489
2025-04-11T03:40:00.000+0000,1000000,1000000,875847.3707579484
2025-04-11T03:50:00.000+0000,1000000,1000000,876070.1961341747
2025-04-11T04:00:00.000+0000,1000000,1000000,876814.9704178204
2025-04-11T04:10:00.000+0000,1000000,1000000,878434.996567003
2025-04-11T04:20:00.000+0000,1000000,1000000,878555.6104287733
2025-04-11T04:30:00.000+0000,1000000,1000000,877062.1176504993
2025-04-11T04:40:00.000+0000,1000000,1000000,876899.9907895501
2025-04-11T04:50:00.000+0000,1000000,1000000,877035.8826672066
2025-04-11T05:00:00.000+0000,1000000,1000000,874717.3995315342
2025-04-11T05:10:00.000+0000,1000000,1000000,875444.7706622446
2025-04-11T05:20:00.000+0000,1000000,1000000,875241.7255164344
2025-04-11T05:30:00.000+0000,1000000,1000000,876991.8722454435
2025-04-11T05:40:00.000+0000,1000000,1000000,877392.9331095682
2025-04-11T05:50:00.000+0000,1000000,1000000,877474.7026430783
2025-04-11T06:00:00.000+0000,1000000,1000000,881074.8023767906
2025-04-11T06:10:00.000+0000,1000000,1000000,883705.6275904779
2025-04-11T06:20:00.000+0000,1000000,1000000,883453.0183603961
2025-04-11T06:30:00.000+0000,1000000,1000000,883380.1088006659
2025-04-11T06:40:00.000+0000,1000000,1000000,884600.479316314
2025-04-11T06:50:00.000+0000,1000000,1000000,883425.1982772541
2025-04-11T07:00:00.000+0000,1000000,1000000,881216.6097481988
2025-04-11T07:10:00.000+0000,1000000,1000000,881779.5919019692
2025-04-11T07:20:00.000+0000,1000000,1000000,880419.5378194528
2025-04-11T07:30:00.000+0000,1000000,1000000,880951.4949022732
2025-04-11T07:40:00.000+0000,1000000,1000000,884261.7424805376
2025-04-11T07:50:00.000+0000,1000000,1000000,883317.0562270752
2025-04-11T08:00:00.000+0000,1000000,1000000,878573.4670780574
2025-04-11T08:10:00.000+0000,1000000,1000000,882874.654685257
2025-04-11T08:20:00.000+0000,1000000,1000000,882429.2078943815
2025-04-11T08:30:00.000+0000,1000000,1000000,882720.6402847818
2025-04-11T08:40:00.000+0000,1000000,1000000,885008.1929389865
2025-04-11T08:50:00.000+0000,1000000,1000000,885198.0948643174
2025-04-11T09:00:00.000+0000,1000000,1000000,884971.0200099268
2025-04-11T09:10:00.000+0000,1000000,1000000,884483.232828262
2025-04-11T09:20:00.000+0000,1000000,1000000,886466.3422807081
2025-04-11T09:30:00.000+0000,1000000,1000000,890807.8081267558
2025-04-11T09:40:00.000+0000,1000000,1000000,891875.6890216884
2025-04-11T09:50:00.000+0000,1000000,1000000,892342.8634927893
2025-04-11T10:00:00.000+0000,1000000,1000000,891607.1182849562
2025-04-11T10:10:00.000+0000,1000000,1000000,891871.43308676
2025-04-11T10:20:00.000+0000,1000000,1000000,895809.9112680983
2025-04-11T10:30:00.000+0000,1000000,1000000,896776.6958775949
2025-04-11T10:40:00.000+0000,1000000,1000000,894838.9608147698
2025-04-11T10:50:00.000+0000,1000000,1000000,895038.9842851246
2025-04-11T11:00:00.000+0000,1000000,1000000,896433.3952282663
2025-04-11T11:10:00.000+0000,1000000,1000000,894805.0215535158
2025-04-11T11:20:00.000+0000,1000000,1000000,893032.6178207314
2025-04-11T11:30:00.000+0000,1000000,1000000,891356.0802037625
2025-04-11T11:40:00.000+0000,1000000,1000000,892093.4343265462
2025-04-11T11:50:00.000+0000,1000000,1000000,890029.5831792491
2025-04-11T12:00:00.000+0000,1000000,1000000,890393.6997405025
2025-04-11T12:10:00.000+0000,1000000,1000000,890461.5493236549
2025-04-11T12:20:00.000+0000,1000000,1000000,891998.615106747
2025-04-11T12:30:00.000+0000,1000000,1000000,894610.3821249201
2025-04-11T12:40:00.000+0000,1000000,1000000,891877.5431966658
2025-04-11T12:50:00.000+0000,1000000,1000000,889415.8458314098
2025-04-11T13:00:00.000+0000,1000000,1000000,889849.7055265821
2025-04-11T13:10:00.000+0000,1000000,1000000,889796.7619688567
2025-04-11T13:20:00.000+0000,1000000,1000000,891286.3574418518
2025-04-11T13:30:00.000+0000,1000000,1000000,892431.3601094745
2025-04-11T13:40:00.000+0000,1000000,1000000,901899.2639270421
2025-04-11T13:50:00.000+0000,1000000,1000000,901036.2322277409
2025-04-11T14:00:00.000+0000,1000000,1000000,896216.1189804453
2025-04-11T14:10:00.000+0000,1000000,1000000,896519.3113781862
2025-04-11T14:20:00.000+0000,1000000,1000000,887268.3509522697
2025-04-11T14:30:00.000+0000,1000000,1000000,891731.5885200667
2025-04-11T14:40:00.000+0000,1000000,1000000,893686.675814737
2025-04-11T14:50:00.000+0000,1000000,1000000,893962.7915915374
2025-04-11T15:00:00.000+0000,1000000,1000000,892490.7110492326
2025-04-11T15:10:00.000+0000,1000000,1000000,891741.4398810936
2025-04-11T15:20:00.000+0000,1000000,1000000,892311.2139543728
2025-04-11T15:30:00.000+0000,1000000,1000000,896398.0089549732
2025-04-11T15:40:00.000+0000,1000000,1000000,898849.7678103407
2025-04-11T15:50:00.000+0000,1000000,1000000,899024.8891617442
2025-04-11T16:00:00.000+0000,1000000,1000000,896030.9889349244
2025-04-11T16:10:00.000+0000,1000000,1000000,894741.9733439637
2025-04-11T16:20:00.000+0000,1000000,1000000,893205.8137397771
2025-04-11T16:30:00.000+0000,1000000,1000000,897172.4998147627
2025-04-11T16:40:00.000+0000,1000000,1000000,900144.8752497835
2025-04-11T16:50:00.000+0000,1000000,1000000,900430.1452766787
2025-04-11T17:00:00.000+0000,1000000,1000000,899806.3622288757
2025-04-11T17:10:00.000+0000,1000000,1000000,900809.2005230257
2025-04-11T17:20:00.000+0000,1000000,1000000,901408.2020384803
2025-04-11T17:30:00.000+0000,1000000,1000000,901171.8547173345
2025-04-11T17:40:00.000+0000,1000000,1000000,910026.8129231951
2025-04-11T17:50:00.000+0000,1000000,1000000,910468.8670855891
2025-04-11T18:00:00.000+0000,1000000,1000000,910172.2876054668
2025-04-11T18:10:00.000+0000,1000000,1000000,906626.1995112969
2025-04-11T18:20:00.000+0000,1000000,1000000,905518.3928276188
2025-04-11T18:30:00.000+0000,1000000,1000000,907454.692906705
2025-04-11T18:40:00.000+0000,1000000,1000000,906084.4974258739
2025-04-11T18:50:00.000+0000,1000000,1000000,902966.9327224721
2025-04-11T19:00:00.000+0000,1000000,1000000,903803.6002488119
2025-04-11T19:10:00.000+0000,1000000,1000000,906617.8219553633
2025-04-11T19:20:00.000+0000,1000000,1000000,906213.9428586436
2025-04-11T19:30:00.000+0000,1000000,1000000,904827.7660714472
2025-04-11T19:40:00.000+0000,1000000,1000000,905649.8561716442
2025-04-11T19:50:00.000+0000,1000000,1000000,905842.1922572345
2025-04-11T20:00:00.000+0000,1000000,1000000,905798.2279273826
2025-04-11T20:10:00.000+0000,1000000,1000000,906049.5890006064
2025-04-11T20:20:00.000+0000,1000000,1000000,907154.7465537223
2025-04-11T20:30:00.000+0000,1000000,1000000,908793.7743522164
2025-04-11T20:40:00.000+0000,1000000,1000000,909363.4358696656
2025-04-11T20:50:00.000+0000,1000000,1000000,908849.1625602099
2025-04-11T21:00:00.000+0000,1000000,1000000,910483.6570406575
2025-04-11T21:10:00.000+0000,1000000,1000000,912202.7500187189
2025-04-11T21:20:00.000+0000,1000000,1000000,911277.7429494262
2025-04-11T21:30:00.000+0000,1000000,1000000,907159.7628619081
2025-04-11T21:40:00.000+0000,1000000,1000000,907221.9526477683
2025-04-11T21:50:00.000+0000,1000000,1000000,908023.4329974959
2025-04-11T22:00:00.000+0000,1000000,1000000,906868.6108325787
2025-04-11T22:10:00.000+0000,1000000,1000000,905592.2088613305
2025-04-11T22:20:00.000+0000,1000000,1000000,906285.0307151396
2025-04-11T22:30:00.000+0000,1000000,1000000,905614.9815684878
2025-04-11T22:40:00.000+0000,1000000,1000000,905298.1442514234
2025-04-11T22:50:00.000+0000,1000000,1000000,905591.324664159
2025-04-11T23:00:00.000+0000,1000000,1000000,904022.8682228453
2025-04-11T23:10:00.000+0000,1000000,1000000,901667.7232559569
2025-04-11T23:20:00.000+0000,1000000,1000000,900979.7984205225
2025-04-11T23:30:00.000+0000,1000000,1000000,902453.2582141558
2025-04-11T23:40:00.000+0000,1000000,1000000,905083.344759103
2025-04-11T23:50:00.000+0000,1000000,1000000,906199.3802329721
2025-04-12T00:00:00.000+0000,1000000,1000000,905142.1274646625
2025-04-12T00:10:00.000+0000,1000000,1000000,903864.4129832218
2025-04-12T00:20:00.000+0000,1000000,1000000,904355.7726269094
2025-04-12T00:30:00.000+0000,1000000,1000000,905951.1823661074
2025-04-12T00:40:00.000+0000,1000000,1000000,906868.6207681536
2025-04-12T00:50:00.000+0000,1000000,1000000,904925.6874172997
2025-04-12T01:00:00.000+0000,1000000,1000000,904058.0058108768
2025-04-12T01:10:00.000+0000,1000000,1000000,903121.784208633
2025-04-12T01:20:00.000+0000,1000000,1000000,902108.8811750205
2025-04-12T01:30:00.000+0000,1000000,1000000,903026.1124138955
2025-04-12T01:40:00.000+0000,1000000,1000000,903404.2933629286
2025-04-12T01:50:00.000+0000,1000000,1000000,902121.0512160996
2025-04-12T02:00:00.000+0000,1000000,1000000,902360.3376515191
2025-04-12T02:10:00.000+0000,1000000,1000000,900303.7445206733
2025-04-12T02:20:00.000+0000,1000000,1000000,901455.2424258301
2025-04-12T02:30:00.000+0000,1000000,1000000,901114.9272420445
2025-04-12T02:40:00.000+0000,1000000,1000000,899027.5020288175
2025-04-12T02:50:00.000+0000,1000000,1000000,896427.1497670036
2025-04-12T03:00:00.000+0000,1000000,1000000,897246.3784849299
2025-04-12T03:10:00.000+0000,1000000,1000000,898034.7517883733
2025-04-12T03:20:00.000+0000,1000000,1000000,898307.0595193405
2025-04-12T03:30:00.000+0000,1000000,1000000,898178.6071014032
2025-04-12T03:40:00.000+0000,1000000,1000000,899990.5721266711
2025-04-12T03:50:00.000+0000,1000000,1000000,899554.9091954704
2025-04-12T04:00:00.000+0000,1000000,1000000,897855.0856093396
2025-04-12T04:10:00.000+0000,1000000,1000000,898106.5555002242
2025-04-12T04:20:00.000+0000,1000000,1000000,899684.2752865106
2025-04-12T04:30:00.000+0000,1000000,1000000,902597.0615865211
2025-04-12T04:40:00.000+0000,1000000,1000000,904957.0925809168
2025-04-12T04:50:00.000+0000,1000000,1000000,906480.0274944522
2025-04-12T05:00:00.000+0000,1000000,1000000,907869.8255006007
2025-04-12T05:10:00.000+0000,1000000,1000000,908110.6868409363
2025-04-12T05:20:00.000+0000,1000000,1000000,909267.2511437174
2025-04-12T05:30:00.000+0000,1000000,1000000,909658.8334332082
2025-04-12T05:40:00.000+0000,1000000,1000000,908614.375191303
2025-04-12T05:50:00.000+0000,1000000,1000000,908686.8548461447
2025-04-12T06:00:00.000+0000,1000000,1000000,909824.7680806324
2025-04-12T06:10:00.000+0000,1000000,1000000,911612.8548280807
2025-04-12T06:20:00.000+0000,1000000,1000000,912095.9746907104
2025-04-12T06:30:00.000+0000,1000000,1000000,912430.7863192852
2025-04-12T06:40:00.000+0000,1000000,1000000,912655.4771207145
2025-04-12T06:50:00.000+0000,1000000,1000000,912024.2814062466
2025-04-12T07:00:00.000+0000,1000000,1000000,911492.8643784849
2025-04-12T07:10:00.000+0000,1000000,1000000,912463.4948355949
2025-04-12T07:20:00.000+0000,1000000,1000000,913007.3362505278
2025-04-12T07:30:00.000+0000,1000000,1000000,914301.4120952832
2025-04-12T07:40:00.000+0000,1000000,1000000,915407.4503667597
2025-04-12T07:50:00.000+0000,1000000,1000000,917024.9973190641
2025-04-12T08:00:00.000+0000,1000000,1000000,917184.2188521334
2025-04-12T08:10:00.000+0000,1000000,1000000,922024.1386399003
2025-04-12T08:20:00.000+0000,1000000,1000000,919486.8182845935
2025-04-12T08:30:00.000+0000,1000000,1000000,918699.83252261
2025-04-12T08:40:00.000+0000,1000000,1000000,918434.0768347378
2025-04-12T08:50:00.000+0000,1000000,1000000,918791.9913616213
2025-04-12T09:00:00.000+0000,1000000,1000000,919564.2970593481
2025-04-12T09:10:00.000+0000,1000000,1000000,917622.2800823329
2025-04-12T09:20:00.000+0000,1000000,1000000,919074.7146902862
2025-04-12T09:30:00.000+0000,1000000,1000000,919052.5190440337
2025-04-12T09:40:00.000+0000,1000000,1000000,919734.2048749698
2025-04-12T09:50:00.000+0000,1000000,1000000,920629.9268648745
2025-04-12T10:00:00.000+0000,1000000,1000000,919822.6912967216
2025-04-12T10:10:00.000+0000,1000000,1000000,918627.0505606805
2025-04-12T10:20:00.000+0000,1000000,1000000,918524.7275456868
2025-04-12T10:30:00.000+0000,1000000,1000000,918710.4078590585
2025-04-12T10:40:00.000+0000,1000000,1000000,917335.9127749067
2025-04-12T10:50:00.000+0000,1000000,1000000,917798.8945912629
2025-04-12T11:00:00.000+0000,1000000,1000000,919641.4909567875
2025-04-12T11:10:00.000+0000,1000000,1000000,920906.11421199
2025-04-12T11:20:00.000+0000,1000000,1000000,921907.0423215353
2025-04-12T11:30:00.000+0000,1000000,1000000,919833.9342503122
2025-04-12T11:40:00.000+0000,1000000,1000000,919289.729930985
2025-04-12T11:50:00.000+0000,1000000,1000000,919857.6267922604
2025-04-12T12:00:00.000+0000,1000000,1000000,919200.4048673972
2025-04-12T12:10:00.000+0000,1000000,1000000,920948.5604603458
2025-04-12T12:20:00.000+0000,1000000,1000000,921786.6053332121
2025-04-12T12:30:00.000+0000,1000000,1000000,922174.6143647463
2025-04-12T12:40:00.000+0000,1000000,1000000,924826.2385793028
2025-04-12T12:50:00.000+0000,1000000,1000000,924719.6789639548
2025-04-12T13:00:00.000+0000,1000000,1000000,927199.4774068708
2025-04-12T13:10:00.000+0000,1000000,1000000,931034.5642856165
2025-04-12T13:20:00.000+0000,1000000,1000000,927251.9326801377
2025-04-12T13:30:00.000+0000,1000000,1000000,929111.0528306048
2025-04-12T13:40:00.000+0000,1000000,1000000,930894.2034253895
2025-04-12T13:50:00.000+0000,1000000,1000000,937663.796182163
2025-04-12T14:00:00.000+0000,1000000,1000000,940432.4786718051
2025-04-12T14:10:00.000+0000,1000000,1000000,942740.8459054255
2025-04-12T14:20:00.000+0000,1000000,1000000,944144.8361922305
2025-04-12T14:30:00.000+0000,1000000,1000000,950156.9884969709
2025-04-12T14:40:00.000+0000,1000000,1000000,948065.2982627507
2025-04-12T14:50:00.000+0000,1000000,1000000,948998.3081789231
2025-04-12T15:00:00.000+0000,1000000,1000000,947986.7948330719
2025-04-12T15:10:00.000+0000,1000000,1000000,947845.3653723114
2025-04-12T15:20:00.000+0000,1000000,1000000,953825.779156407
2025-04-12T15:30:00.000+0000,1000000,1000000,953979.6211996792
2025-04-12T15:40:00.000+0000,1000000,1000000,952728.8382937467
2025-04-12T15:50:00.000+0000,1000000,1000000,951710.6332786991
2025-04-12T16:00:00.000+0000,1000000,1000000,951184.8969746716
2025-04-12T16:10:00.000+0000,1000000,1000000,949474.8285383198
2025-04-12T16:20:00.000+0000,1000000,1000000,952428.4261388974
2025-04-12T16:30:00.000+0000,1000000,1000000,950377.565189451
2025-04-12T16:40:00.000+0000,1000000,1000000,944839.153036933
2025-04-12T16:50:00.000+0000,1000000,1000000,945315.70048446
2025-04-12T17:00:00.000+0000,1000000,1000000,941509.778617216
2025-04-12T17:10:00.000+0000,1000000,1000000,939088.8684602091
2025-04-12T17:20:00.000+0000,1000000,1000000,940693.4825925168
2025-04-12T17:30:00.000+0000,1000000,1000000,943741.8195345886
2025-04-12T17:40:00.000+0000,1000000,1000000,942427.2282694877
2025-04-12T17:50:00.000+0000,1000000,1000000,942844.1428600355
2025-04-12T18:00:00.000+0000,1000000,1000000,944607.7345978946
2025-04-12T18:10:00.000+0000,1000000,1000000,944809.4431233353
2025-04-12T18:20:00.000+0000,1000000,1000000,946434.8404186075
2025-04-12T18:30:00.000+0000,1000000,1000000,947559.3598425521
2025-04-12T18:40:00.000+0000,1000000,1000000,949069.7553717087
2025-04-12T18:50:00.000+0000,1000000,1000000,951641.7952148179
2025-04-12T19:00:00.000+0000,1000000,1000000,950298.2322040014
2025-04-12T19:10:00.000+0000,1000000,1000000,951195.3921377393
2025-04-12T19:20:00.000+0000,1000000,1000000,948586.3741875063
2025-04-12T19:30:00.000+0000,1000000,1000000,947167.5851010678
2025-04-12T19:40:00.000+0000,1000000,1000000,948103.0795977314
2025-04-12T19:50:00.000+0000,1000000,1000000,948638.9109309457
2025-04-12T20:00:00.000+0000,1000000,1000000,949621.9011803925
2025-04-12T20:10:00.000+0000,1000000,1000000,949989.0557380056
2025-04-12T20:20:00.000+0000,1000000,1000000,951246.1583048163
2025-04-12T20:30:00.000+0000,1000000,1000000,954400.4328004299
2025-04-12T20:40:00.000+0000,1000000,1000000,958846.9911371369
2025-04-12T20:50:00.000+0000,1000000,1000000,957093.1398320599
2025-04-12T21:00:00.000+0000,1000000,1000000,953129.3306643148
2025-04-12T21:10:00.000+0000,1000000,1000000,954691.660156102
2025-04-12T21:20:00.000+0000,1000000,1000000,955263.1243730048
2025-04-12T21:30:00.000+0000,1000000,1000000,955225.6745795435
2025-04-12T21:40:00.000+0000,1000000,1000000,956554.8788905483
2025-04-12T21:50:00.000+0000,1000000,1000000,956448.1573901479
2025-04-12T22:00:00.000+0000,1000000,1000000,956844.1496924874
2025-04-12T22:10:00.000+0000,1000000,1000000,958401.7059898144
2025-04-12T22:20:00.000+0000,1000000,1000000,958584.7283280586
2025-04-12T22:30:00.000+0000,1000000,1000000,957590.9660332836
2025-04-12T22:40:00.000+0000,1000000,1000000,956974.7401074255
2025-04-12T22:50:00.000+0000,1000000,1000000,955656.0885967012
2025-04-12T23:00:00.000+0000,1000000,1000000,955467.8848636246
2025-04-12T23:10:00.000+0000,1000000,1000000,953996.0543748084
2025-04-12T23:20:00.000+0000,1000000,1000000,955057.0492794665
2025-04-12T23:30:00.000+0000,1000000,1000000,954057.1980784446
2025-04-12T23:40:00.000+0000,1000000,1000000,954983.1933333904
2025-04-12T23:50:00.000+0000,1000000,1000000,955041.456597399
2025-04-13T00:00:00.000+0000,1000000,1000000,954927.8150431132
2025-04-13T00:10:00.000+0000,1000000,1000000,957018.4562528739
2025-04-13T00:20:00.000+0000,1000000,1000000,953375.926868927
2025-04-13T00:30:00.000+0000,1000000,1000000,951500.1245451341
2025-04-13T00:40:00.000+0000,1000000,1000000,954653.3615437306
2025-04-13T00:50:00.000+0000,1000000,1000000,957652.3308331936
2025-04-13T01:00:00.000+0000,1000000,1000000,955743.5578577261
2025-04-13T01:10:00.000+0000,1000000,1000000,956953.985588741
2025-04-13T01:20:00.000+0000,1000000,1000000,957352.7259215878
2025-04-13T01:30:00.000+0000,1000000,1000000,954633.6554950716
2025-04-13T01:40:00.000+0000,1000000,1000000,951488.041027047
2025-04-13T01:50:00.000+0000,1000000,1000000,947194.6085831812
2025-04-13T02:00:00.000+0000,1000000,1000000,947783.6188342904
2025-04-13T02:10:00.000+0000,1000000,1000000,944806.3555026774
2025-04-13T02:20:00.000+0000,1000000,1000000,944374.2977288836
2025-04-13T02:30:00.000+0000,1000000,1000000,946852.1157672477
2025-04-13T02:40:00.000+0000,1000000,1000000,949502.5770332881
2025-04-13T02:50:00.000+0000,1000000,1000000,951196.6700477458
2025-04-13T03:00:00.000+0000,1000000,1000000,953050.9079088746
2025-04-13T03:10:00.000+0000,1000000,1000000,951630.0019933768
2025-04-13T03:20:00.000+0000,1000000,1000000,950784.7224004436
2025-04-13T03:30:00.000+0000,1000000,1000000,951148.0279088495
2025-04-13T03:40:00.000+0000,1000000,1000000,951600.9002084825
2025-04-13T03:50:00.000+0000,1000000,1000000,950422.5589141122
2025-04-13T04:00:00.000+0000,1000000,1000000,948204.9292452263
2025-04-13T04:10:00.000+0000,1000000,1000000,945770.0691253548
2025-04-13T04:20:00.000+0000,1000000,1000000,947500.9998070421
2025-04-13T04:30:00.000+0000,1000000,1000000,944772.8105265512
2025-04-13T04:40:00.000+0000,1000000,1000000,945209.383929261
2025-04-13T04:50:00.000+0000,1000000,1000000,939846.200613298
2025-04-13T05:00:00.000+0000,1000000,1000000,939792.3773746454
2025-04-13T05:10:00.000+0000,1000000,1000000,937248.3623721891
2025-04-13T05:20:00.000+0000,1000000,1000000,939645.0828046476
2025-04-13T05:30:00.000+0000,1000000,1000000,940278.1404655073
2025-04-13T05:40:00.000+0000,1000000,1000000,939025.114241583
2025-04-13T05:50:00.000+0000,1000000,1000000,938578.5894690335
2025-04-13T06:00:00.000+0000,1000000,1000000,939134.4543234636
2025-04-13T06:10:00.000+0000,1000000,1000000,938603.6041438146
2025-04-13T06:20:00.000+0000,1000000,1000000,939276.9598789549
2025-04-13T06:30:00.000+0000,1000000,1000000,940294.1775042827
2025-04-13T06:40:00.000+0000,1000000,1000000,940984.4319749193
2025-04-13T06:50:00.000+0000,1000000,1000000,939323.57922384
2025-04-13T07:00:00.000+0000,1000000,1000000,939972.6259624795
2025-04-13T07:10:00.000+0000,1000000,1000000,940048.2293943153
2025-04-13T07:20:00.000+0000,1000000,1000000,938744.6902583961
2025-04-13T07:30:00.000+0000,1000000,1000000,936576.3118945436
2025-04-13T07:40:00.000+0000,1000000,1000000,936043.1387958153
2025-04-13T07:50:00.000+0000,1000000,1000000,936736.580582988
2025-04-13T08:00:00.000+0000,1000000,1000000,935220.1154464416
2025-04-13T08:10:00.000+0000,1000000,1000000,934819.3721907338
2025-04-13T08:20:00.000+0000,1000000,1000000,937538.1485824345
2025-04-13T08:30:00.000+0000,1000000,1000000,939088.2729142399
2025-04-13T08:40:00.000+0000,1000000,1000000,940188.4927228242
2025-04-13T08:50:00.000+0000,1000000,1000000,940860.8176413523
2025-04-13T09:00:00.000+0000,1000000,1000000,941291.6505725316
2025-04-13T09:10:00.000+0000,1000000,1000000,940589.3193356479
2025-04-13T09:20:00.000+0000,1000000,1000000,941465.0453288998
2025-04-13T09:30:00.000+0000,1000000,1000000,943563.2932491865
2025-04-13T09:40:00.000+0000,1000000,1000000,945092.8841942984
2025-04-13T09:50:00.000+0000,1000000,1000000,946596.1471585028
2025-04-13T10:00:00.000+0000,1000000,1000000,945754.2084591689
2025-04-13T10:10:00.000+0000,1000000,1000000,944282.5221662743
2025-04-13T10:20:00.000+0000,1000000,1000000,942266.4608244346
2025-04-13T10:30:00.000+0000,1000000,1000000,941663.8978199654
2025-04-13T10:40:00.000+0000,1000000,1000000,942921.5428653536
2025-04-13T10:50:00.000+0000,1000000,1000000,944126.0400963634
2025-04-13T11:00:00.000+0000,1000000,1000000,942623.6573139443
2025-04-13T11:10:00.000+0000,1000000,1000000,936686.9929072561
2025-04-13T11:20:00.000+0000,1000000,1000000,934736.208936217
2025-04-13T11:30:00.000+0000,1000000,1000000,936102.7982043492
2025-04-13T11:40:00.000+0000,1000000,1000000,934753.7578948005
2025-04-13T11:50:00.000+0000,1000000,1000000,934671.029114993
2025-04-13T12:00:00.000+0000,1000000,1000000,936644.5227902229
2025-04-13T12:10:00.000+0000,1000000,1000000,939496.4837730888
2025-04-13T12:20:00.000+0000,1000000,1000000,936673.3616259592
2025-04-13T12:30:00.000+0000,1000000,1000000,936820.8472975825
2025-04-13T12:40:00.000+0000,1000000,1000000,936813.5750708118
2025-04-13T12:50:00.000+0000,1000000,1000000,937637.8423201574
2025-04-13T13:00:00.000+0000,1000000,1000000,936804.2176372147
2025-04-13T13:10:00.000+0000,1000000,1000000,937409.3863453532
2025-04-13T13:20:00.000+0000,1000000,1000000,932486.0117274909
2025-04-13T13:30:00.000+0000,1000000,1000000,932991.6906773427
2025-04-13T13:40:00.000+0000,1000000,1000000,927694.3824423101
2025-04-13T13:50:00.000+0000,1000000,1000000,921015.1018437678
2025-04-13T14:00:00.000+0000,1000000,1000000,924327.2872492013
2025-04-13T14:10:00.000+0000,1000000,1000000,925262.9334181255
2025-04-13T14:20:00.000+0000,1000000,1000000,925817.0622963796
2025-04-13T14:30:00.000+0000,1000000,1000000,926805.7303094664
2025-04-13T14:40:00.000+0000,1000000,1000000,929314.6256723799
2025-04-13T14:50:00.000+0000,1000000,1000000,929709.5038188504
2025-04-13T15:00:00.000+0000,1000000,1000000,927100.8297692307
2025-04-13T15:10:00.000+0000,1000000,1000000,928435.1570419215
2025-04-13T15:20:00.000+0000,1000000,1000000,928713.422361024
2025-04-13T15:30:00.000+0000,1000000,1000000,928200.0702367272
2025-04-13T15:40:00.000+0000,1000000,1000000,927597.571290517
2025-04-13T15:50:00.000+0000,1000000,1000000,929982.1101544537
2025-04-13T16:00:00.000+0000,1000000,1000000,931961.5158267654
2025-04-13T16:10:00.000+0000,1000000,1000000,932106.3416541766
2025-04-13T16:20:00.000+0000,1000000,1000000,935030.946859814
2025-04-13T16:30:00.000+0000,1000000,1000000,935637.9855451173
2025-04-13T16:40:00.000+0000,1000000,1000000,933959.35359954
2025-04-13T16:50:00.000+0000,1000000,1000000,934293.2617320863
2025-04-13T17:00:00.000+0000,1000000,1000000,935520.070125273
2025-04-13T17:10:00.000+0000,1000000,1000000,938384.4434312922
2025-04-13T17:20:00.000+0000,1000000,1000000,944492.166260883
2025-04-13T17:30:00.000+0000,1000000,1000000,943003.4257684862
2025-04-13T17:40:00.000+0000,1000000,1000000,945862.6402158418
2025-04-13T17:50:00.000+0000,1000000,1000000,950143.6354304433
2025-04-13T18:00:00.000+0000,1000000,1000000,948912.7981366492
2025-04-13T18:10:00.000+0000,1000000,1000000,947697.6224123606
2025-04-13T18:20:00.000+0000,1000000,1000000,946492.6550690221
2025-04-13T18:30:00.000+0000,1000000,1000000,948267.3471742761
2025-04-13T18:40:00.000+0000,1000000,1000000,948992.5052410011
2025-04-13T18:50:00.000+0000,1000000,1000000,948269.2182245918
2025-04-13T19:00:00.000+0000,1000000,1000000,942561.6900283019
2025-04-13T19:10:00.000+0000,1000000,1000000,943709.8175639282
2025-04-13T19:20:00.000+0000,1000000,1000000,942152.7029761496
2025-04-13T19:30:00.000+0000,1000000,1000000,928218.2686403231
2025-04-13T19:40:00.000+0000,1000000,1000000,921677.2503165134
2025-04-13T19:50:00.000+0000,1000000,1000000,928251.36842809
2025-04-13T20:00:00.000+0000,1000000,1000000,926751.5117482526
2025-04-13T20:10:00.000+0000,1000000,1000000,934868.8666273511
2025-04-13T20:20:00.000+0000,1000000,1000000,935441.1732421177
2025-04-13T20:30:00.000+0000,1000000,1000000,925004.5491520446
2025-04-13T20:40:00.000+0000,1000000,1000000,921617.2103323136
2025-04-13T20:50:00.000+0000,1000000,1000000,923115.4803025754
2025-04-13T21:00:00.000+0000,1000000,1000000,916826.8610855818
2025-04-13T21:10:00.000+0000,1000000,1000000,919482.3847338605
2025-04-13T21:20:00.000+0000,1000000,1000000,924172.2450100672
2025-04-13T21:30:00.000+0000,1000000,1000000,918073.3939767745
2025-04-13T21:40:00.000+0000,1000000,1000000,919486.4476623612
2025-04-13T21:50:00.000+0000,1000000,1000000,924134.5108401485
2025-04-13T22:00:00.000+0000,1000000,1000000,924429.0152905192
2025-04-13T22:10:00.000+0000,1000000,1000000,923991.0420051147
2025-04-13T22:20:00.000+0000,1000000,1000000,925250.5144324263
2025-04-13T22:30:00.000+0000,1000000,1000000,923009.806511984
2025-04-13T22:40:00.000+0000,1000000,1000000,923146.721953555
2025-04-13T22:50:00.000+0000,1000000,1000000,923894.4479520675
2025-04-13T23:00:00.000+0000,1000000,1000000,922940.3356547875
2025-04-13T23:10:00.000+0000,1000000,1000000,928059.9063983144
2025-04-13T23:20:00.000+0000,1000000,1000000,927682.9650387912
2025-04-13T23:30:00.000+0000,1000000,1000000,926268.7596549137
2025-04-13T23:40:00.000+0000,1000000,1000000,925138.1151505273
2025-04-13T23:50:00.000+0000,1000000,1000000,929333.6474521998
2025-04-14T00:00:00.000+0000,1000000,1000000,930170.2372465364
2025-04-14T00:10:00.000+0000,1000000,1000000,933891.0931688563
2025-04-14T00:20:00.000+0000,1000000,1000000,943042.7519958762
2025-04-14T00:30:00.000+0000,1000000,1000000,942187.2463328624
2025-04-14T00:40:00.000+0000,1000000,1000000,943083.3518763864
2025-04-14T00:50:00.000+0000,1000000,1000000,940172.0563461013
2025-04-14T01:00:00.000+0000,1000000,1000000,940998.882393413
2025-04-14T01:10:00.000+0000,1000000,1000000,942338.6344340194
2025-04-14T01:20:00.000+0000,1000000,1000000,943554.6061870437
2025-04-14T01:30:00.000+0000,1000000,1000000,943115.2303360674
2025-04-14T01:40:00.000+0000,1000000,1000000,941574.2712630826
2025-04-14T01:50:00.000+0000,1000000,1000000,939689.5808220882
2025-04-14T02:00:00.000+0000,1000000,1000000,940421.616347457
2025-04-14T02:10:00.000+0000,1000000,1000000,943328.9569531097
2025-04-14T02:20:00.000+0000,1000000,1000000,945297.6222201855
2025-04-14T02:30:00.000+0000,1000000,1000000,957375.2322722117
2025-04-14T02:40:00.000+0000,1000000,1000000,957334.4715976585
2025-04-14T02:50:00.000+0000,1000000,1000000,956020.3252436996
2025-04-14T03:00:00.000+0000,1000000,1000000,952953.6341925263
2025-04-14T03:10:00.000+0000,1000000,1000000,950218.6519193756
2025-04-14T03:20:00.000+0000,1000000,1000000,950798.6794280829
2025-04-14T03:30:00.000+0000,1000000,1000000,949599.4222844096
2025-04-14T03:40:00.000+0000,1000000,1000000,948600.9602345738
2025-04-14T03:50:00.000+0000,1000000,1000000,946574.7237258848
2025-04-14T04:00:00.000+0000,1000000,1000000,948894.2735930061
2025-04-14T04:10:00.000+0000,1000000,1000000,948550.0932984677
2025-04-14T04:20:00.000+0000,1000000,1000000,951462.2505254736
2025-04-14T04:30:00.000+0000,1000000,1000000,953253.3326561812
2025-04-14T04:40:00.000+0000,1000000,1000000,955986.8086703538
2025-04-14T04:50:00.000+0000,1000000,1000000,955838.5955980744
2025-04-14T05:00:00.000+0000,1000000,1000000,954555.5190923262
2025-04-14T05:10:00.000+0000,1000000,1000000,955409.1625674487
2025-04-14T05:20:00.000+0000,1000000,1000000,954816.1097598465
2025-04-14T05:30:00.000+0000,1000000,1000000,949132.6217264289
2025-04-14T05:40:00.000+0000,1000000,1000000,947772.0833034052
2025-04-14T05:50:00.000+0000,1000000,1000000,948635.7000943841
2025-04-14T06:00:00.000+0000,1000000,1000000,946145.3847660245
2025-04-14T06:10:00.000+0000,1000000,1000000,948014.7837946061
2025-04-14T06:20:00.000+0000,1000000,1000000,946294.2110734041
2025-04-14T06:30:00.000+0000,1000000,1000000,946347.6279807694
2025-04-14T06:40:00.000+0000,1000000,1000000,949370.8802874717
2025-04-14T06:50:00.000+0000,1000000,1000000,947237.2262048831
2025-04-14T07:00:00.000+0000,1000000,1000000,946119.0929235943
2025-04-14T07:10:00.000+0000,1000000,1000000,943948.2444846462
2025-04-14T07:20:00.000+0000,1000000,1000000,946320.6537743022
2025-04-14T07:30:00.000+0000,1000000,1000000,947285.256700547
2025-04-14T07:40:00.000+0000,1000000,1000000,948268.6540772149
2025-04-14T07:50:00.000+0000,1000000,1000000,948010.2780834062
2025-04-14T08:00:00.000+0000,1000000,1000000,951233.8339443171
2025-04-14T08:10:00.000+0000,1000000,1000000,948519.1456823035
2025-04-14T08:20:00.000+0000,1000000,1000000,949079.5079399433
2025-04-14T08:30:00.000+0000,1000000,1000000,951616.6908154507
2025-04-14T08:40:00.000+0000,1000000,1000000,954364.3574826947
2025-04-14T08:50:00.000+0000,1000000,1000000,953243.2084282804
2025-04-14T09:00:00.000+0000,1000000,1000000,953564.2901349722
2025-04-14T09:10:00.000+0000,1000000,1000000,955538.533469809
2025-04-14T09:20:00.000+0000,1000000,1000000,951337.4062250374
2025-04-14T09:30:00.000+0000,1000000,1000000,949632.6671354675
2025-04-14T09:40:00.000+0000,1000000,1000000,948027.2669099992
2025-04-14T09:50:00.000+0000,1000000,1000000,947883.3376031356
2025-04-14T10:00:00.000+0000,1000000,1000000,950581.2780416972
2025-04-14T10:10:00.000+0000,1000000,1000000,953189.9344200452
2025-04-14T10:20:00.000+0000,1000000,1000000,955774.0110991789
2025-04-14T10:30:00.000+0000,1000000,1000000,957630.7496202032
2025-04-14T10:40:00.000+0000,1000000,1000000,959851.2565271233
2025-04-14T10:50:00.000+0000,1000000,1000000,962649.8890661355
2025-04-14T11:00:00.000+0000,1000000,1000000,960240.5995140085
2025-04-14T11:10:00.000+0000,1000000,1000000,962064.8720601553
2025-04-14T11:20:00.000+0000,1000000,1000000,960289.9912410771
2025-04-14T11:30:00.000+0000,1000000,1000000,960828.8190485602
2025-04-14T11:40:00.000+0000,1000000,1000000,960367.8511459322
2025-04-14T11:50:00.000+0000,1000000,1000000,961307.0705728128
2025-04-14T12:00:00.000+0000,1000000,1000000,959703.0675293033
2025-04-14T12:10:00.000+0000,1000000,1000000,957809.9762181316
2025-04-14T12:20:00.000+0000,1000000,1000000,959858.5651695887
2025-04-14T12:30:00.000+0000,1000000,1000000,961571.6619618009
2025-04-14T12:40:00.000+0000,1000000,1000000,962752.827668313
2025-04-14T12:50:00.000+0000,1000000,1000000,962416.1224711132
2025-04-14T13:00:00.000+0000,1000000,1000000,963633.0336528614
2025-04-14T13:10:00.000+0000,1000000,1000000,963447.4648400275
2025-04-14T13:20:00.000+0000,1000000,1000000,961468.1974434492
2025-04-14T13:30:00.000+0000,1000000,1000000,955318.6006150873
2025-04-14T13:40:00.000+0000,1000000,1000000,949292.4117530549
2025-04-14T13:50:00.000+0000,1000000,1000000,952332.1961348308
2025-04-14T14:00:00.000+0000,1000000,1000000,950821.5240006312
2025-04-14T14:10:00.000+0000,1000000,1000000,952926.1210755862
2025-04-14T14:20:00.000+0000,1000000,1000000,955640.2499658256
2025-04-14T14:30:00.000+0000,1000000,1000000,958262.4435368457
2025-04-14T14:40:00.000+0000,1000000,1000000,963689.3306690613
2025-04-14T14:50:00.000+0000,1000000,1000000,963626.7994239654
2025-04-14T15:00:00.000+0000,1000000,1000000,952417.5008294415
2025-04-14T15:10:00.000+0000,1000000,1000000,949918.6517030672
2025-04-14T15:20:00.000+0000,1000000,1000000,947144.7655596416
2025-04-14T15:30:00.000+0000,1000000,1000000,940115.55962521
2025-04-14T15:40:00.000+0000,1000000,1000000,936049.9466246641
2025-04-14T15:50:00.000+0000,1000000,1000000,936685.1846362664
2025-04-14T16:00:00.000+0000,1000000,1000000,936622.0752571148
2025-04-14T16:10:00.000+0000,1000000,1000000,934426.4246544521
2025-04-14T16:20:00.000+0000,1000000,1000000,937543.6489539105
2025-04-14T16:30:00.000+0000,1000000,1000000,938577.4514802042
2025-04-14T16:40:00.000+0000,1000000,1000000,943073.8003989283
2025-04-14T16:50:00.000+0000,1000000,1000000,940668.6287296372
2025-04-14T17:00:00.000+0000,1000000,1000000,940454.1975074654
2025-04-14T17:10:00.000+0000,1000000,1000000,941889.243172803
2025-04-14T17:20:00.000+0000,1000000,1000000,944326.5205775956
2025-04-14T17:30:00.000+0000,1000000,1000000,943629.5744020455
2025-04-14T17:40:00.000+0000,1000000,1000000,943938.3761768462
2025-04-14T17:50:00.000+0000,1000000,1000000,946163.6570563015
2025-04-14T18:00:00.000+0000,1000000,1000000,948790.6040042085
2025-04-14T18:10:00.000+0000,1000000,1000000,947511.7019096403
2025-04-14T18:20:00.000+0000,1000000,1000000,947676.9989345707
2025-04-14T18:30:00.000+0000,1000000,1000000,945814.5649607759
2025-04-14T18:40:00.000+0000,1000000,1000000,944778.1972154698
2025-04-14T18:50:00.000+0000,1000000,1000000,946519.8739275059
2025-04-14T19:00:00.000+0000,1000000,1000000,949283.4125468789
2025-04-14T19:10:00.000+0000,1000000,1000000,949649.6175165523
2025-04-14T19:20:00.000+0000,1000000,1000000,949310.0739741081
2025-04-14T19:30:00.000+0000,1000000,1000000,948580.5996880827
2025-04-14T19:40:00.000+0000,1000000,1000000,950132.2828275408
2025-04-14T19:50:00.000+0000,1000000,1000000,946856.3923335423
2025-04-14T20:00:00.000+0000,1000000,1000000,945626.3489221821
2025-04-14T20:10:00.000+0000,1000000,1000000,945431.101051948
2025-04-14T20:20:00.000+0000,1000000,1000000,942419.9292675214
2025-04-14T20:30:00.000+0000,1000000,1000000,942815.4080484984
2025-04-14T20:40:00.000+0000,1000000,1000000,943702.4978770195
2025-04-14T20:50:00.000+0000,1000000,1000000,945973.7503017915
2025-04-14T21:00:00.000+0000,1000000,1000000,944317.7476633834
2025-04-14T21:10:00.000+0000,1000000,1000000,944293.9613100274
2025-04-14T21:20:00.000+0000,1000000,1000000,943538.5693540503
2025-04-14T21:30:00.000+0000,1000000,1000000,938221.5114198249
2025-04-14T21:40:00.000+0000,1000000,1000000,937997.0468210655
2025-04-14T21:50:00.000+0000,1000000,1000000,939832.8065076792
2025-04-14T22:00:00.000+0000,1000000,1000000,940456.2687454714
2025-04-14T22:10:00.000+0000,1000000,1000000,939415.6287264741
2025-04-14T22:20:00.000+0000,1000000,1000000,938295.9602289929
2025-04-14T22:30:00.000+0000,1000000,1000000,939044.5894641757
2025-04-14T22:40:00.000+0000,1000000,1000000,940995.4884145636
2025-04-14T22:50:00.000+0000,1000000,1000000,940737.2611864975
2025-04-14T23:00:00.000+0000,1000000,1000000,940747.9681004157
2025-04-14T23:10:00.000+0000,1000000,1000000,943046.0824351835
2025-04-14T23:20:00.000+0000,1000000,1000000,943101.3937071076
2025-04-14T23:30:00.000+0000,1000000,1000000,943576.8438741035
2025-04-14T23:40:00.000+0000,1000000,1000000,940075.4649402138
2025-04-14T23:50:00.000+0000,1000000,1000000,940481.0963697309
2025-04-15T00:00:00.000+0000,1000000,1000000,939514.2578790498
2025-04-15T00:10:00.000+0000,1000000,1000000,935655.4814184502
2025-04-15T00:20:00.000+0000,1000000,1000000,936119.8550688697
2025-04-15T00:30:00.000+0000,1000000,1000000,940749.9450082979
2025-04-15T00:40:00.000+0000,1000000,1000000,943349.7802520792
2025-04-15T00:50:00.000+0000,1000000,1000000,941703.5099978215
2025-04-15T01:00:00.000+0000,1000000,1000000,937084.3759526493
2025-04-15T01:10:00.000+0000,1000000,1000000,937761.5863621095
2025-04-15T01:20:00.000+0000,1000000,1000000,940034.1588091302
2025-04-15T01:30:00.000+0000,1000000,1000000,943101.0197939877
2025-04-15T01:40:00.000+0000,1000000,1000000,944523.6380942011
2025-04-15T01:50:00.000+0000,1000000,1000000,946372.1700661266
2025-04-15T02:00:00.000+0000,1000000,1000000,945994.8580307949
2025-04-15T02:10:00.000+0000,1000000,1000000,945892.8783441212
2025-04-15T02:20:00.000+0000,1000000,1000000,941073.6653555424
2025-04-15T02:30:00.000+0000,1000000,1000000,938487.217760616
2025-04-15T02:40:00.000+0000,1000000,1000000,940398.1281965086
2025-04-15T02:50:00.000+0000,1000000,1000000,942090.3965297791
2025-04-15T03:00:00.000+0000,1000000,1000000,944427.256811579
2025-04-15T03:10:00.000+0000,1000000,1000000,944297.6907743479
2025-04-15T03:20:00.000+0000,1000000,1000000,945551.3819682543
2025-04-15T03:30:00.000+0000,1000000,1000000,947874.1998261503
2025-04-15T03:40:00.000+0000,1000000,1000000,948406.43271808
2025-04-15T03:50:00.000+0000,1000000,1000000,948959.3024307503
2025-04-15T04:00:00.000+0000,1000000,1000000,948751.7810675309
2025-04-15T04:10:00.000+0000,1000000,1000000,948176.6039308526
2025-04-15T04:20:00.000+0000,1000000,1000000,946400.3085179019
2025-04-15T04:30:00.000+0000,1000000,1000000,946644.8559492412
2025-04-15T04:40:00.000+0000,1000000,1000000,947726.1202182841
2025-04-15T04:50:00.000+0000,1000000,1000000,949013.8677990955
2025-04-15T05:00:00.000+0000,1000000,1000000,952237.1432989351
2025-04-15T05:10:00.000+0000,1000000,1000000,952476.9936580907
2025-04-15T05:20:00.000+0000,1000000,1000000,953312.8742774774
2025-04-15T05:30:00.000+0000,1000000,1000000,952493.7916245576
2025-04-15T05:40:00.000+0000,1000000,1000000,954807.5586664063
2025-04-15T05:50:00.000+0000,1000000,1000000,952617.3858811925
2025-04-15T06:00:00.000+0000,1000000,1000000,951193.9211677288
2025-04-15T06:10:00.000+0000,1000000,1000000,950913.0978644531
2025-04-15T06:20:00.000+0000,1000000,1000000,950794.7380700421
2025-04-15T06:30:00.000+0000,1000000,1000000,952401.6110810293
2025-04-15T06:40:00.000+0000,1000000,1000000,951995.5138317867
2025-04-15T06:50:00.000+0000,1000000,1000000,950444.5511353628
2025-04-15T07:00:00.000+0000,1000000,1000000,951821.0746029209
2025-04-15T07:10:00.000+0000,1000000,1000000,953743.9130571773
2025-04-15T07:20:00.000+0000,1000000,1000000,955145.4737178261
2025-04-15T07:30:00.000+0000,1000000,1000000,954534.2536280036
2025-04-15T07:40:00.000+0000,1000000,1000000,954527.4906478507
2025-04-15T07:50:00.000+0000,1000000,1000000,954262.813478228
2025-04-15T08:00:00.000+0000,1000000,1000000,954968.1505705214
2025-04-15T08:10:00.000+0000,1000000,1000000,955750.3770711471
2025-04-15T08:20:00.000+0000,1000000,1000000,955675.2469532341
2025-04-15T08:30:00.000+0000,1000000,1000000,954427.9346671444
2025-04-15T08:40:00.000+0000,1000000,1000000,955158.6515027739
2025-04-15T08:50:00.000+0000,1000000,1000000,954566.3992758691
2025-04-15T09:00:00.000+0000,1000000,1000000,954318.1625340737
2025-04-15T09:10:00.000+0000,1000000,1000000,957939.4592919522
2025-04-15T09:20:00.000+0000,1000000,1000000,958923.5302059506
2025-04-15T09:30:00.000+0000,1000000,1000000,954666.5827019948
2025-04-15T09:40:00.000+0000,1000000,1000000,956602.5775138992
2025-04-15T09:50:00.000+0000,1000000,1000000,959395.5542531471
2025-04-15T10:00:00.000+0000,1000000,1000000,960594.8749363626
2025-04-15T10:10:00.000+0000,1000000,1000000,957572.2361241187
2025-04-15T10:20:00.000+0000,1000000,1000000,955664.4028367333
2025-04-15T10:30:00.000+0000,1000000,1000000,952481.218748861
2025-04-15T10:40:00.000+0000,1000000,1000000,952150.7316475766
2025-04-15T10:50:00.000+0000,1000000,1000000,953922.2621740565
2025-04-15T11:00:00.000+0000,1000000,1000000,953396.2369416094
2025-04-15T11:10:00.000+0000,1000000,1000000,951232.6084401156
2025-04-15T11:20:00.000+0000,1000000,1000000,951483.1182709102
2025-04-15T11:30:00.000+0000,1000000,1000000,952604.0317236555
2025-04-15T11:40:00.000+0000,1000000,1000000,952680.8158109966
2025-04-15T11:50:00.000+0000,1000000,1000000,951934.0088513412
2025-04-15T12:00:00.000+0000,1000000,1000000,953187.6102492269
2025-04-15T12:10:00.000+0000,1000000,1000000,954737.3030664173
2025-04-15T12:20:00.000+0000,1000000,1000000,952002.8736904182
2025-04-15T12:30:00.000+0000,1000000,1000000,951256.7193595099
2025-04-15T12:40:00.000+0000,1000000,1000000,952508.6207139152
2025-04-15T12:50:00.000+0000,1000000,1000000,955162.4030202633
2025-04-15T13:00:00.000+0000,1000000,1000000,956815.0787160341
2025-04-15T13:10:00.000+0000,1000000,1000000,956736.9210381944
2025-04-15T13:20:00.000+0000,1000000,1000000,954308.971036633
2025-04-15T13:30:00.000+0000,1000000,1000000,955321.977522152
2025-04-15T13:40:00.000+0000,1000000,1000000,959854.2136885149
2025-04-15T13:50:00.000+0000,1000000,1000000,953122.2079635025
2025-04-15T14:00:00.000+0000,1000000,1000000,949000.1619873896
2025-04-15T14:10:00.000+0000,1000000,1000000,945024.502810501
2025-04-15T14:20:00.000+0000,1000000,1000000,941748.6718227996
2025-04-15T14:30:00.000+0000,1000000,1000000,942122.21816604
2025-04-15T14:40:00.000+0000,1000000,1000000,945022.4846220282
2025-04-15T14:50:00.000+0000,1000000,1000000,946323.3834719502
2025-04-15T15:00:00.000+0000,1000000,1000000,945573.6060351463
2025-04-15T15:10:00.000+0000,1000000,1000000,947309.7189075996
2025-04-15T15:20:00.000+0000,1000000,1000000,947969.1474396843
2025-04-15T15:30:00.000+0000,1000000,1000000,943218.4935042837
2025-04-15T15:40:00.000+0000,1000000,1000000,941358.0348643623
2025-04-15T15:50:00.000+0000,1000000,1000000,938755.0002400267
2025-04-15T16:00:00.000+0000,1000000,1000000,941764.6089063382
2025-04-15T16:10:00.000+0000,1000000,1000000,943579.8054709691
2025-04-15T16:20:00.000+0000,1000000,1000000,942498.4366768689
2025-04-15T16:30:00.000+0000,1000000,1000000,943993.1449344754
2025-04-15T16:40:00.000+0000,1000000,1000000,943487.1907299485
2025-04-15T16:50:00.000+0000,1000000,1000000,942340.547230066
2025-04-15T17:00:00.000+0000,1000000,1000000,941441.6548168219
2025-04-15T17:10:00.000+0000,1000000,1000000,942097.5918383393
2025-04-15T17:20:00.000+0000,1000000,1000000,938764.9218388596
2025-04-15T17:30:00.000+0000,1000000,1000000,938748.593448146
2025-04-15T17:40:00.000+0000,1000000,1000000,940520.7806366186
2025-04-15T17:50:00.000+0000,1000000,1000000,935914.299899882
2025-04-15T18:00:00.000+0000,1000000,1000000,936094.2432205341
2025-04-15T18:10:00.000+0000,1000000,1000000,932620.8585782154
2025-04-15T18:20:00.000+0000,1000000,1000000,932140.146342149
2025-04-15T18:30:00.000+0000,1000000,1000000,933517.6389737205
2025-04-15T18:40:00.000+0000,1000000,1000000,934020.4640354991
2025-04-15T18:50:00.000+0000,1000000,1000000,933889.1483662064
2025-04-15T19:00:00.000+0000,1000000,1000000,932234.1336540934
2025-04-15T19:10:00.000+0000,1000000,1000000,933062.1848390953
2025-04-15T19:20:00.000+0000,1000000,1000000,930170.4274986521
2025-04-15T19:30:00.000+0000,1000000,1000000,932058.2744477422
2025-04-15T19:40:00.000+0000,1000000,1000000,930227.4249166718
2025-04-15T19:50:00.000+0000,1000000,1000000,931651.6256159986
2025-04-15T20:00:00.000+0000,1000000,1000000,931953.2843715558
2025-04-15T20:10:00.000+0000,1000000,1000000,932495.2169343932
2025-04-15T20:20:00.000+0000,1000000,1000000,932728.5112350674
2025-04-15T20:30:00.000+0000,1000000,1000000,932302.6286490128
2025-04-15T20:40:00.000+0000,1000000,1000000,930508.122526949
2025-04-15T20:50:00.000+0000,1000000,1000000,926742.1232289977
2025-04-15T21:00:00.000+0000,1000000,1000000,928823.7806410645
2025-04-15T21:10:00.000+0000,1000000,1000000,928123.0245505963
2025-04-15T21:20:00.000+0000,1000000,1000000,929569.4997013295
2025-04-15T21:30:00.000+0000,1000000,1000000,932356.5847976443
2025-04-15T21:40:00.000+0000,1000000,1000000,933003.5854637469
2025-04-15T21:50:00.000+0000,1000000,1000000,931502.9263341273
2025-04-15T22:00:00.000+0000,1000000,1000000,928778.388821671
2025-04-15T22:10:00.000+0000,1000000,1000000,927468.6447270056
2025-04-15T22:20:00.000+0000,1000000,1000000,925198.0813645341
2025-04-15T22:30:00.000+0000,1000000,1000000,926997.5482860142
2025-04-15T22:40:00.000+0000,1000000,1000000,924100.9344297124
2025-04-15T22:50:00.000+0000,1000000,1000000,922539.0871142717
2025-04-15T23:00:00.000+0000,1000000,1000000,923916.1710267549
2025-04-15T23:10:00.000+0000,1000000,1000000,924579.1733712304
2025-04-15T23:20:00.000+0000,1000000,1000000,925977.5145743933
2025-04-15T23:30:00.000+0000,1000000,1000000,925846.4133209696
2025-04-15T23:40:00.000+0000,1000000,1000000,923479.2376618863
2025-04-15T23:50:00.000+0000,1000000,1000000,922645.7609308935
2025-04-16T00:00:00.000+0000,1000000,1000000,921782.5059711582
2025-04-16T00:10:00.000+0000,1000000,1000000,919009.3949836025
2025-04-16T00:20:00.000+0000,1000000,1000000,919600.1634519802
2025-04-16T00:30:00.000+0000,1000000,1000000,923520.5542472617
2025-04-16T00:40:00.000+0000,1000000,1000000,921876.0079051619
2025-04-16T00:50:00.000+0000,1000000,1000000,917584.0702106905
2025-04-16T01:00:00.000+0000,1000000,1000000,918250.5737062324
2025-04-16T01:10:00.000+0000,1000000,1000000,920949.9903912649
2025-04-16T01:20:00.000+0000,1000000,1000000,922894.8647530229
2025-04-16T01:30:00.000+0000,1000000,1000000,920626.087491884
2025-04-16T01:40:00.000+0000,1000000,1000000,921063.7136929402
2025-04-16T01:50:00.000+0000,1000000,1000000,923840.7265377364
2025-04-16T02:00:00.000+0000,1000000,1000000,925379.3578446037
2025-04-16T02:10:00.000+0000,1000000,1000000,924975.7384418716
2025-04-16T02:20:00.000+0000,1000000,1000000,925335.6848488313
2025-04-16T02:30:00.000+0000,1000000,1000000,924877.1690549513
2025-04-16T02:40:00.000+0000,1000000,1000000,923647.8037328834
2025-04-16T02:50:00.000+0000,1000000,1000000,924977.0970261166
2025-04-16T03:00:00.000+0000,1000000,1000000,926902.6821783707
2025-04-16T03:10:00.000+0000,1000000,1000000,928455.2390607086
2025-04-16T03:20:00.000+0000,1000000,1000000,926213.0074336575
2025-04-16T03:30:00.000+0000,1000000,1000000,925511.5603939452
2025-04-16T03:40:00.000+0000,1000000,1000000,924285.0789903163
2025-04-16T03:50:00.000+0000,1000000,1000000,923920.7249761675
2025-04-16T04:00:00.000+0000,1000000,1000000,923818.49469943
2025-04-16T04:10:00.000+0000,1000000,1000000,920472.7471295975
2025-04-16T04:20:00.000+0000,1000000,1000000,919213.4684867887
2025-04-16T04:30:00.000+0000,1000000,1000000,919184.6990929241
2025-04-16T04:40:00.000+0000,1000000,1000000,918150.7456724448
2025-04-16T04:50:00.000+0000,1000000,1000000,920473.2260864915
2025-04-16T05:00:00.000+0000,1000000,1000000,922655.4450768312
2025-04-16T05:10:00.000+0000,1000000,1000000,923501.8374752654
2025-04-16T05:20:00.000+0000,1000000,1000000,913799.4342962649
2025-04-16T05:30:00.000+0000,1000000,1000000,913216.8043033406
2025-04-16T05:40:00.000+0000,1000000,1000000,917182.5877139494
2025-04-16T05:50:00.000+0000,1000000,1000000,916881.5247815786
2025-04-16T06:00:00.000+0000,1000000,1000000,915856.7044611111
2025-04-16T06:10:00.000+0000,1000000,1000000,916216.2008505327
2025-04-16T06:20:00.000+0000,1000000,1000000,918699.384132657
2025-04-16T06:30:00.000+0000,1000000,1000000,919676.9158635121
2025-04-16T06:40:00.000+0000,1000000,1000000,920609.8354470879
2025-04-16T06:50:00.000+0000,1000000,1000000,921072.084756392
2025-04-16T07:00:00.000+0000,1000000,1000000,918541.1382025064
2025-04-16T07:10:00.000+0000,1000000,1000000,917749.6421773611
2025-04-16T07:20:00.000+0000,1000000,1000000,915166.4271949483
2025-04-16T07:30:00.000+0000,1000000,1000000,914316.840504497
2025-04-16T07:40:00.000+0000,1000000,1000000,914817.0384174476
2025-04-16T07:50:00.000+0000,1000000,1000000,913600.2674162351
2025-04-16T08:00:00.000+0000,1000000,1000000,911524.501387743
2025-04-16T08:10:00.000+0000,1000000,1000000,909357.4612361278
2025-04-16T08:20:00.000+0000,1000000,1000000,910783.484210982
2025-04-16T08:30:00.000+0000,1000000,1000000,916877.6848005773
2025-04-16T08:40:00.000+0000,1000000,1000000,918905.5642699688
2025-04-16T08:50:00.000+0000,1000000,1000000,917595.5162584893
2025-04-16T09:00:00.000+0000,1000000,1000000,918736.7760116884
2025-04-16T09:10:00.000+0000,1000000,1000000,919054.8907200426
2025-04-16T09:20:00.000+0000,1000000,1000000,918256.400682896
2025-04-16T09:30:00.000+0000,1000000,1000000,918006.4925597587
2025-04-16T09:40:00.000+0000,1000000,1000000,915460.5250189557
2025-04-16T09:50:00.000+0000,1000000,1000000,914994.2666444764
2025-04-16T10:00:00.000+0000,1000000,1000000,915510.6642950475
2025-04-16T10:10:00.000+0000,1000000,1000000,917855.6335763694
2025-04-16T10:20:00.000+0000,1000000,1000000,920110.431917429
2025-04-16T10:30:00.000+0000,1000000,1000000,920822.1334478615
2025-04-16T10:40:00.000+0000,1000000,1000000,920483.9139251937
2025-04-16T10:50:00.000+0000,1000000,1000000,922357.9119398067
2025-04-16T11:00:00.000+0000,1000000,1000000,921586.0787600689
2025-04-16T11:10:00.000+0000,1000000,1000000,922145.0727572471
2025-04-16T11:20:00.000+0000,1000000,1000000,919773.1595770407
2025-04-16T11:30:00.000+0000,1000000,1000000,918891.9895348748
2025-04-16T11:40:00.000+0000,1000000,1000000,922297.974075004
2025-04-16T11:50:00.000+0000,1000000,1000000,923836.414280246
2025-04-16T12:00:00.000+0000,1000000,1000000,923261.2103505136
2025-04-16T12:10:00.000+0000,1000000,1000000,922691.400344539
2025-04-16T12:20:00.000+0000,1000000,1000000,924300.8428671418
2025-04-16T12:30:00.000+0000,1000000,1000000,922554.4379972643
2025-04-16T12:40:00.000+0000,1000000,1000000,919827.0725938554
2025-04-16T12:50:00.000+0000,1000000,1000000,919439.4390673088
2025-04-16T13:00:00.000+0000,1000000,1000000,918718.4422924537
2025-04-16T13:10:00.000+0000,1000000,1000000,917110.7183162544
2025-04-16T13:20:00.000+0000,1000000,1000000,916980.2624388803
2025-04-16T13:30:00.000+0000,1000000,1000000,916764.9740898083
2025-04-16T13:40:00.000+0000,1000000,1000000,919694.8115935092
2025-04-16T13:50:00.000+0000,1000000,1000000,916108.1520394682
2025-04-16T14:00:00.000+0000,1000000,1000000,917302.12701928
2025-04-16T14:10:00.000+0000,1000000,1000000,918980.371673069
2025-04-16T14:20:00.000+0000,1000000,1000000,922553.1348503537
2025-04-16T14:30:00.000+0000,1000000,1000000,927823.3257918656
2025-04-16T14:40:00.000+0000,1000000,1000000,928201.6836322043
2025-04-16T14:50:00.000+0000,1000000,1000000,930106.9216702117
2025-04-16T15:00:00.000+0000,1000000,1000000,931073.167557159
2025-04-16T15:10:00.000+0000,1000000,1000000,932090.522420787
2025-04-16T15:20:00.000+0000,1000000,1000000,934534.0688247263
2025-04-16T15:30:00.000+0000,1000000,1000000,936292.1983058245
2025-04-16T15:40:00.000+0000,1000000,1000000,934349.3895748184
2025-04-16T15:50:00.000+0000,1000000,1000000,933166.8569582126
2025-04-16T16:00:00.000+0000,1000000,1000000,934060.8033010768
2025-04-16T16:10:00.000+0000,1000000,1000000,933859.3024932414
2025-04-16T16:20:00.000+0000,1000000,1000000,931686.4221742174
2025-04-16T16:30:00.000+0000,1000000,1000000,928113.9436148896
2025-04-16T16:40:00.000+0000,1000000,1000000,928876.0218921676
2025-04-16T16:50:00.000+0000,1000000,1000000,932318.6379559299
2025-04-16T17:00:00.000+0000,1000000,1000000,937303.3197722076
2025-04-16T17:10:00.000+0000,1000000,1000000,936758.9961809281
2025-04-16T17:20:00.000+0000,1000000,1000000,942117.2195112673
2025-04-16T17:30:00.000+0000,1000000,1000000,934742.2983076042
2025-04-16T17:40:00.000+0000,1000000,1000000,921461.6989289897
2025-04-16T17:50:00.000+0000,1000000,1000000,910997.1738043191
2025-04-16T18:00:00.000+0000,1000000,1000000,913998.8670141117
2025-04-16T18:10:00.000+0000,1000000,1000000,919172.477540603
2025-04-16T18:20:00.000+0000,1000000,1000000,920565.9005574498
2025-04-16T18:30:00.000+0000,1000000,1000000,923610.8617999547
2025-04-16T18:40:00.000+0000,1000000,1000000,920997.6104688204
2025-04-16T18:50:00.000+0000,1000000,1000000,922602.1849302633
2025-04-16T19:00:00.000+0000,1000000,1000000,926732.0608773367
2025-04-16T19:10:00.000+0000,1000000,1000000,926797.8070458155
2025-04-16T19:20:00.000+0000,1000000,1000000,924679.3918626825
2025-04-16T19:30:00.000+0000,1000000,1000000,925669.1759185819
2025-04-16T19:40:00.000+0000,1000000,1000000,930036.5900015223
2025-04-16T19:50:00.000+0000,1000000,1000000,941811.4301557929
2025-04-16T20:00:00.000+0000,1000000,1000000,941861.3282051027
2025-04-16T20:10:00.000+0000,1000000,1000000,942519.0947548451
2025-04-16T20:20:00.000+0000,1000000,1000000,943239.2960375403
2025-04-16T20:30:00.000+0000,1000000,1000000,941518.1810971191
2025-04-16T20:40:00.000+0000,1000000,1000000,938795.242599756
2025-04-16T20:50:00.000+0000,1000000,1000000,936735.1448211742
2025-04-16T21:00:00.000+0000,1000000,1000000,936928.4463147498
2025-04-16T21:10:00.000+0000,1000000,1000000,940252.1247451212
2025-04-16T21:20:00.000+0000,1000000,1000000,942758.6580368073
2025-04-16T21:30:00.000+0000,1000000,1000000,942146.9260353481
2025-04-16T21:40:00.000+0000,1000000,1000000,942367.877678382
2025-04-16T21:50:00.000+0000,1000000,1000000,943645.3436982018
2025-04-16T22:00:00.000+0000,1000000,1000000,942657.4529515692
2025-04-16T22:10:00.000+0000,1000000,1000000,941203.2542418765
2025-04-16T22:20:00.000+0000,1000000,1000000,940583.0406960021
2025-04-16T22:30:00.000+0000,1000000,1000000,940185.8447011304
2025-04-16T22:40:00.000+0000,1000000,1000000,942633.9788408761
2025-04-16T22:50:00.000+0000,1000000,1000000,941594.9649072434
2025-04-16T23:00:00.000+0000,1000000,1000000,939397.793280849
2025-04-16T23:10:00.000+0000,1000000,1000000,938496.728824852
2025-04-16T23:20:00.000+0000,1000000,1000000,937635.8118083082
2025-04-16T23:30:00.000+0000,1000000,1000000,934982.1329538666
2025-04-16T23:40:00.000+0000,1000000,1000000,934917.1897896039
2025-04-16T23:50:00.000+0000,1000000,1000000,936251.1892946619
2025-04-17T00:00:00.000+0000,1000000,1000000,934849.0821221903
2025-04-17T00:10:00.000+0000,1000000,1000000,935462.18721329
2025-04-17T00:20:00.000+0000,1000000,1000000,934580.2972646654
2025-04-17T00:30:00.000+0000,1000000,1000000,936350.7988614764
2025-04-17T00:40:00.000+0000,1000000,1000000,936738.3238475793
2025-04-17T00:50:00.000+0000,1000000,1000000,937175.3081335379
2025-04-17T01:00:00.000+0000,1000000,1000000,937486.8040576611
2025-04-17T01:10:00.000+0000,1000000,1000000,939621.92500558
2025-04-17T01:20:00.000+0000,1000000,1000000,939808.099282099
2025-04-17T01:30:00.000+0000,1000000,1000000,940421.7152116841
2025-04-17T01:40:00.000+0000,1000000,1000000,939243.7057181913
2025-04-17T01:50:00.000+0000,1000000,1000000,938471.1834582943
2025-04-17T02:00:00.000+0000,1000000,1000000,939069.9011695842
2025-04-17T02:10:00.000+0000,1000000,1000000,935980.0034909784
2025-04-17T02:20:00.000+0000,1000000,1000000,934758.7080162845
2025-04-17T02:30:00.000+0000,1000000,1000000,935859.1851310553
2025-04-17T02:40:00.000+0000,1000000,1000000,936907.010800255
2025-04-17T02:50:00.000+0000,1000000,1000000,937302.3287693304
2025-04-17T03:00:00.000+0000,1000000,1000000,938370.3029390951
2025-04-17T03:10:00.000+0000,1000000,1000000,936258.2328952443
2025-04-17T03:20:00.000+0000,1000000,1000000,931312.4557094576
2025-04-17T03:30:00.000+0000,1000000,1000000,931495.450440855
2025-04-17T03:40:00.000+0000,1000000,1000000,931222.130932774
2025-04-17T03:50:00.000+0000,1000000,1000000,933232.789765649
2025-04-17T04:00:00.000+0000,1000000,1000000,933039.7490570707
2025-04-17T04:10:00.000+0000,1000000,1000000,932780.4063227675
2025-04-17T04:20:00.000+0000,1000000,1000000,933140.1125760961
2025-04-17T04:30:00.000+0000,1000000,1000000,933251.4209985103
2025-04-17T04:40:00.000+0000,1000000,1000000,933760.0229832316
2025-04-17T04:50:00.000+0000,1000000,1000000,937498.2265854347
2025-04-17T05:00:00.000+0000,1000000,1000000,938179.1507106042
2025-04-17T05:10:00.000+0000,1000000,1000000,939878.4500438636
2025-04-17T05:20:00.000+0000,1000000,1000000,941426.9488268798
2025-04-17T05:30:00.000+0000,1000000,1000000,942643.2282706049
2025-04-17T05:40:00.000+0000,1000000,1000000,946126.8810952469
2025-04-17T05:50:00.000+0000,1000000,1000000,945722.5452827255
2025-04-17T06:00:00.000+0000,1000000,1000000,945589.3003893294
2025-04-17T06:10:00.000+0000,1000000,1000000,945556.2321880782
2025-04-17T06:20:00.000+0000,1000000,1000000,947181.9387837774
2025-04-17T06:30:00.000+0000,1000000,1000000,949619.1062977584
2025-04-17T06:40:00.000+0000,1000000,1000000,950970.0026335104
2025-04-17T06:50:00.000+0000,1000000,1000000,951604.8471916362
2025-04-17T07:00:00.000+0000,1000000,1000000,949584.6768115261
2025-04-17T07:10:00.000+0000,1000000,1000000,949183.1804174
2025-04-17T07:20:00.000+0000,1000000,1000000,950677.902330892
2025-04-17T07:30:00.000+0000,1000000,1000000,953325.3491563159
2025-04-17T07:40:00.000+0000,1000000,1000000,950789.0649655168
2025-04-17T07:50:00.000+0000,1000000,1000000,949561.1879717966
2025-04-17T08:00:00.000+0000,1000000,1000000,950682.8063247472
2025-04-17T08:10:00.000+0000,1000000,1000000,950544.0624459609
2025-04-17T08:20:00.000+0000,1000000,1000000,949005.7203268711
2025-04-17T08:30:00.000+0000,1000000,1000000,948606.9017254463
2025-04-17T08:40:00.000+0000,1000000,1000000,947980.2085027252
2025-04-17T08:50:00.000+0000,1000000,1000000,945787.4206327013
2025-04-17T09:00:00.000+0000,1000000,1000000,943895.6439601653
2025-04-17T09:10:00.000+0000,1000000,1000000,943840.5832783048
2025-04-17T09:20:00.000+0000,1000000,1000000,944586.632011005
2025-04-17T09:30:00.000+0000,1000000,1000000,944318.7297409249
2025-04-17T09:40:00.000+0000,1000000,1000000,946402.5892082512
2025-04-17T09:50:00.000+0000,1000000,1000000,946139.0473802981
2025-04-17T10:00:00.000+0000,1000000,1000000,946086.2072566203
2025-04-17T10:10:00.000+0000,1000000,1000000,942964.096115862
2025-04-17T10:20:00.000+0000,1000000,1000000,943889.449196352
2025-04-17T10:30:00.000+0000,1000000,1000000,944035.2712580481
2025-04-17T10:40:00.000+0000,1000000,1000000,943725.0369051688
2025-04-17T10:50:00.000+0000,1000000,1000000,944076.1833633622
2025-04-17T11:00:00.000+0000,1000000,1000000,945231.9146494204
2025-04-17T11:10:00.000+0000,1000000,1000000,942607.5396366478
2025-04-17T11:20:00.000+0000,1000000,1000000,943660.7978273188
2025-04-17T11:30:00.000+0000,1000000,1000000,944267.8265949062
2025-04-17T11:40:00.000+0000,1000000,1000000,945674.7399165803
2025-04-17T11:50:00.000+0000,1000000,1000000,945511.1753711563
2025-04-17T12:00:00.000+0000,1000000,1000000,945513.3155144589
2025-04-17T12:10:00.000+0000,1000000,1000000,946651.6967328324
2025-04-17T12:20:00.000+0000,1000000,1000000,949091.0791798835
2025-04-17T12:30:00.000+0000,1000000,1000000,948659.266630399
2025-04-17T12:40:00.000+0000,1000000,1000000,949311.1297325487
2025-04-17T12:50:00.000+0000,1000000,1000000,949806.6378081546
2025-04-17T13:00:00.000+0000,1000000,1000000,947183.9320304219
2025-04-17T13:10:00.000+0000,1000000,1000000,945322.0418855728
2025-04-17T13:20:00.000+0000,1000000,1000000,945973.0966356108
2025-04-17T13:30:00.000+0000,1000000,1000000,943379.5614944925
2025-04-17T13:40:00.000+0000,1000000,1000000,943703.7929931574
2025-04-17T13:50:00.000+0000,1000000,1000000,943872.3097527907
2025-04-17T14:00:00.000+0000,1000000,1000000,938312.4652873718
2025-04-17T14:10:00.000+0000,1000000,1000000,936719.6904684163
2025-04-17T14:20:00.000+0000,1000000,1000000,935610.7808790943
2025-04-17T14:30:00.000+0000,1000000,1000000,931704.3301468203
2025-04-17T14:40:00.000+0000,1000000,1000000,933738.4973954987
2025-04-17T14:50:00.000+0000,1000000,1000000,934612.6029284988
2025-04-17T15:00:00.000+0000,1000000,1000000,936047.2422446908
2025-04-17T15:10:00.000+0000,1000000,1000000,940907.5458217572
2025-04-17T15:20:00.000+0000,1000000,1000000,939509.0282638639
2025-04-17T15:30:00.000+0000,1000000,1000000,941155.0117360039
2025-04-17T15:40:00.000+0000,1000000,1000000,942902.0424415745
2025-04-17T15:50:00.000+0000,1000000,1000000,944103.1663786774
2025-04-17T16:00:00.000+0000,1000000,1000000,941410.2596602149
2025-04-17T16:10:00.000+0000,1000000,1000000,944550.5161193185
2025-04-17T16:20:00.000+0000,1000000,1000000,948675.53016692
2025-04-17T16:30:00.000+0000,1000000,1000000,951994.5101747399
2025-04-17T16:40:00.000+0000,1000000,1000000,949532.1580344345
2025-04-17T16:50:00.000+0000,1000000,1000000,950688.9413229054
2025-04-17T17:00:00.000+0000,1000000,1000000,951015.3362791161
2025-04-17T17:10:00.000+0000,1000000,1000000,953039.3782267426
2025-04-17T17:20:00.000+0000,1000000,1000000,951991.6629849301
2025-04-17T17:30:00.000+0000,1000000,1000000,954980.8503195203
2025-04-17T17:40:00.000+0000,1000000,1000000,953744.7362276192
2025-04-17T17:50:00.000+0000,1000000,1000000,956507.823774162
2025-04-17T18:00:00.000+0000,1000000,1000000,955589.2414452394
2025-04-17T18:10:00.000+0000,1000000,1000000,957453.1098483384
2025-04-17T18:20:00.000+0000,1000000,1000000,956311.9460349898
2025-04-17T18:30:00.000+0000,1000000,1000000,956274.4913944909
2025-04-17T18:40:00.000+0000,1000000,1000000,954193.3167132051
2025-04-17T18:50:00.000+0000,1000000,1000000,951181.3934000863
2025-04-17T19:00:00.000+0000,1000000,1000000,952303.4242281534
2025-04-17T19:10:00.000+0000,1000000,1000000,945981.0506719846
2025-04-17T19:20:00.000+0000,1000000,1000000,943208.9117728192
2025-04-17T19:30:00.000+0000,1000000,1000000,940204.4482914275
2025-04-17T19:40:00.000+0000,1000000,1000000,942599.2754146191
2025-04-17T19:50:00.000+0000,1000000,1000000,942319.1559383979
2025-04-17T20:00:00.000+0000,1000000,1000000,945765.1651493583
2025-04-17T20:10:00.000+0000,1000000,1000000,947089.7434219187
2025-04-17T20:20:00.000+0000,1000000,1000000,948518.8213041879
2025-04-17T20:30:00.000+0000,1000000,1000000,947432.1044188829
2025-04-17T20:40:00.000+0000,1000000,1000000,946981.0385568722
2025-04-17T20:50:00.000+0000,1000000,1000000,950349.5917707458
2025-04-17T21:00:00.000+0000,1000000,1000000,948589.8287100862
2025-04-17T21:10:00.000+0000,1000000,1000000,948548.8605951448
2025-04-17T21:20:00.000+0000,1000000,1000000,947373.8352525448
2025-04-17T21:30:00.000+0000,1000000,1000000,948362.8224837745
2025-04-17T21:40:00.000+0000,1000000,1000000,948831.9092857821
2025-04-17T21:50:00.000+0000,1000000,1000000,950077.7453075422
2025-04-17T22:00:00.000+0000,1000000,1000000,949010.582986559
2025-04-17T22:10:00.000+0000,1000000,1000000,950436.189989627
2025-04-17T22:20:00.000+0000,1000000,1000000,949413.8199088229
2025-04-17T22:30:00.000+0000,1000000,1000000,948346.7985643093
2025-04-17T22:40:00.000+0000,1000000,1000000,947333.4152412934
2025-04-17T22:50:00.000+0000,1000000,1000000,944700.2855757321
2025-04-17T23:00:00.000+0000,1000000,1000000,945905.6276102659
2025-04-17T23:10:00.000+0000,1000000,1000000,947931.1005262451
2025-04-17T23:20:00.000+0000,1000000,1000000,949141.6842578417
2025-04-17T23:30:00.000+0000,1000000,1000000,948892.8305249179
2025-04-17T23:40:00.000+0000,1000000,1000000,948001.6067341568
2025-04-17T23:50:00.000+0000,1000000,1000000,948746.3582401348
2025-04-18T00:00:00.000+0000,1000000,1000000,948029.6779439383
2025-04-18T00:10:00.000+0000,1000000,1000000,947039.5315202201
2025-04-18T00:20:00.000+0000,1000000,1000000,946719.3476844442
2025-04-18T00:30:00.000+0000,1000000,1000000,947209.6746424349
2025-04-18T00:40:00.000+0000,1000000,1000000,945885.3949566514
2025-04-18T00:50:00.000+0000,1000000,1000000,945498.4196839652
2025-04-18T01:00:00.000+0000,1000000,1000000,946229.8239900279
2025-04-18T01:10:00.000+0000,1000000,1000000,951109.581916821
2025-04-18T01:20:00.000+0000,1000000,1000000,950739.610977839
2025-04-18T01:30:00.000+0000,1000000,1000000,950695.8007616252
2025-04-18T01:40:00.000+0000,1000000,1000000,948937.4767000906
2025-04-18T01:50:00.000+0000,1000000,1000000,948947.1536111892
2025-04-18T02:00:00.000+0000,1000000,1000000,947973.131357249
2025-04-18T02:10:00.000+0000,1000000,1000000,947986.1317321742
2025-04-18T02:20:00.000+0000,1000000,1000000,948737.0903432004
2025-04-18T02:30:00.000+0000,1000000,1000000,949478.4192081899
2025-04-18T02:40:00.000+0000,1000000,1000000,949977.6334874488
2025-04-18T02:50:00.000+0000,1000000,1000000,951023.1908968285
2025-04-18T03:00:00.000+0000,1000000,1000000,948341.7541484188
2025-04-18T03:10:00.000+0000,1000000,1000000,948622.403243266
2025-04-18T03:20:00.000+0000,1000000,1000000,946993.7036521088
2025-04-18T03:30:00.000+0000,1000000,1000000,946818.7141732508
2025-04-18T03:40:00.000+0000,1000000,1000000,948018.6424485948
2025-04-18T03:50:00.000+0000,1000000,1000000,948307.3884610871
2025-04-18T04:00:00.000+0000,1000000,1000000,945832.244736613
2025-04-18T04:10:00.000+0000,1000000,1000000,944448.9022792747
2025-04-18T04:20:00.000+0000,1000000,1000000,945568.4190866367
2025-04-18T04:30:00.000+0000,1000000,1000000,945716.6967537504
2025-04-18T04:40:00.000+0000,1000000,1000000,945552.4782470698
2025-04-18T04:50:00.000+0000,1000000,1000000,945335.2435213394
2025-04-18T05:00:00.000+0000,1000000,1000000,945010.0929838171
2025-04-18T05:10:00.000+0000,1000000,1000000,944758.7458615549
2025-04-18T05:20:00.000+0000,1000000,1000000,943200.1343602214
2025-04-18T05:30:00.000+0000,1000000,1000000,942942.7205728046
2025-04-18T05:40:00.000+0000,1000000,1000000,945010.3974550655
2025-04-18T05:50:00.000+0000,1000000,1000000,945641.138340675
2025-04-18T06:00:00.000+0000,1000000,1000000,944997.9358026896
2025-04-18T06:10:00.000+0000,1000000,1000000,945976.8041539144
2025-04-18T06:20:00.000+0000,1000000,1000000,945553.579006412
2025-04-18T06:30:00.000+0000,1000000,1000000,943763.555540663
2025-04-18T06:40:00.000+0000,1000000,1000000,944154.1598215748
2025-04-18T06:50:00.000+0000,1000000,1000000,944885.3853672469
2025-04-18T07:00:00.000+0000,1000000,1000000,946385.3326390393
2025-04-18T07:10:00.000+0000,1000000,1000000,945706.6730355206
2025-04-18T07:20:00.000+0000,1000000,1000000,943979.9950693091
2025-04-18T07:30:00.000+0000,1000000,1000000,946168.7039314283
2025-04-18T07:40:00.000+0000,1000000,1000000,947384.5861656489
2025-04-18T07:50:00.000+0000,1000000,1000000,948022.3366060888
2025-04-18T08:00:00.000+0000,1000000,1000000,949344.7573055746
2025-04-18T08:10:00.000+0000,1000000,1000000,949496.1019441212
2025-04-18T08:20:00.000+0000,1000000,1000000,949846.2173263442
2025-04-18T08:30:00.000+0000,1000000,1000000,949541.5722914516
2025-04-18T08:40:00.000+0000,1000000,1000000,949990.2613353396
2025-04-18T08:50:00.000+0000,1000000,1000000,947937.0436625613
2025-04-18T09:00:00.000+0000,1000000,1000000,947930.0716322938
2025-04-18T09:10:00.000+0000,1000000,1000000,947279.2197706823
2025-04-18T09:20:00.000+0000,1000000,1000000,948376.7470396707
2025-04-18T09:30:00.000+0000,1000000,1000000,948015.1753611391
2025-04-18T09:40:00.000+0000,1000000,1000000,949841.1219893639
2025-04-18T09:50:00.000+0000,1000000,1000000,948162.9052017799
2025-04-18T10:00:00.000+0000,1000000,1000000,947414.2207529037
2025-04-18T10:10:00.000+0000,1000000,1000000,948315.9946610681
2025-04-18T10:20:00.000+0000,1000000,1000000,948413.0081647122
2025-04-18T10:30:00.000+0000,1000000,1000000,946262.1993908095
2025-04-18T10:40:00.000+0000,1000000,1000000,945300.6977411078
2025-04-18T10:50:00.000+0000,1000000,1000000,945183.6713476137
2025-04-18T11:00:00.000+0000,1000000,1000000,944786.0918169818
2025-04-18T11:10:00.000+0000,1000000,1000000,946842.7833111967
2025-04-18T11:20:00.000+0000,1000000,1000000,945446.4091160585
2025-04-18T11:30:00.000+0000,1000000,1000000,945545.7887241752
2025-04-18T11:40:00.000+0000,1000000,1000000,946231.2788449165
2025-04-18T11:50:00.000+0000,1000000,1000000,947245.432736123
2025-04-18T12:00:00.000+0000,1000000,1000000,947368.2867142912
2025-04-18T12:10:00.000+0000,1000000,1000000,946757.7473966382
2025-04-18T12:20:00.000+0000,1000000,1000000,947281.2709317564
2025-04-18T12:30:00.000+0000,1000000,1000000,949313.9793458774
2025-04-18T12:40:00.000+0000,1000000,1000000,950729.7271986451
2025-04-18T12:50:00.000+0000,1000000,1000000,950183.300988626
2025-04-18T13:00:00.000+0000,1000000,1000000,948563.3279068354
2025-04-18T13:10:00.000+0000,1000000,1000000,947516.8670014273
2025-04-18T13:20:00.000+0000,1000000,1000000,948373.0614852423
2025-04-18T13:30:00.000+0000,1000000,1000000,948628.8545530492
2025-04-18T13:40:00.000+0000,1000000,1000000,947177.921947188
2025-04-18T13:50:00.000+0000,1000000,1000000,948184.9925669471
2025-04-18T14:00:00.000+0000,1000000,1000000,947905.5074937672
2025-04-18T14:10:00.000+0000,1000000,1000000,946352.2934128613
2025-04-18T14:20:00.000+0000,1000000,1000000,945723.6514078219
2025-04-18T14:30:00.000+0000,1000000,1000000,945444.9299094932
2025-04-18T14:40:00.000+0000,1000000,1000000,944883.5135209976
2025-04-18T14:50:00.000+0000,1000000,1000000,944138.5183825777
2025-04-18T15:00:00.000+0000,1000000,1000000,942118.8371364363
2025-04-18T15:10:00.000+0000,1000000,1000000,942094.9706454173
2025-04-18T15:20:00.000+0000,1000000,1000000,941314.2370251012
2025-04-18T15:30:00.000+0000,1000000,1000000,941453.192654738
2025-04-18T15:40:00.000+0000,1000000,1000000,941851.4561769923
2025-04-18T15:50:00.000+0000,1000000,1000000,942227.1750995609
2025-04-18T16:00:00.000+0000,1000000,1000000,942127.6252984016
2025-04-18T16:10:00.000+0000,1000000,1000000,942893.7498882004
2025-04-18T16:20:00.000+0000,1000000,1000000,943943.9156468937
2025-04-18T16:30:00.000+0000,1000000,1000000,944242.7060268408
2025-04-18T16:40:00.000+0000,1000000,1000000,943472.5938170254
2025-04-18T16:50:00.000+0000,1000000,1000000,943696.8866130162
2025-04-18T17:00:00.000+0000,1000000,1000000,943809.2596205777
2025-04-18T17:10:00.000+0000,1000000,1000000,944832.1191125674
2025-04-18T17:20:00.000+0000,1000000,1000000,944188.1162711016
2025-04-18T17:30:00.000+0000,1000000,1000000,945026.8845470967
2025-04-18T17:40:00.000+0000,1000000,1000000,946839.1524338864
2025-04-18T17:50:00.000+0000,1000000,1000000,947016.5763502205
2025-04-18T18:00:00.000+0000,1000000,1000000,945982.0121003012
2025-04-18T18:10:00.000+0000,1000000,1000000,946967.4582323832
2025-04-18T18:20:00.000+0000,1000000,1000000,946925.4148007857
2025-04-18T18:30:00.000+0000,1000000,1000000,947351.6576083575
2025-04-18T18:40:00.000+0000,1000000,1000000,947622.8353634096
2025-04-18T18:50:00.000+0000,1000000,1000000,947962.2411488369
2025-04-18T19:00:00.000+0000,1000000,1000000,947155.1371760126
2025-04-18T19:10:00.000+0000,1000000,1000000,947993.4557116864
2025-04-18T19:20:00.000+0000,1000000,1000000,948409.0934475198
2025-04-18T19:30:00.000+0000,1000000,1000000,946971.1805154406
2025-04-18T19:40:00.000+0000,1000000,1000000,946646.3333760158
2025-04-18T19:50:00.000+0000,1000000,1000000,946933.0879930893
2025-04-18T20:00:00.000+0000,1000000,1000000,947404.9941187016
2025-04-18T20:10:00.000+0000,1000000,1000000,946562.4714008407
2025-04-18T20:20:00.000+0000,1000000,1000000,946895.2651003008
2025-04-18T20:30:00.000+0000,1000000,1000000,946406.396717509
2025-04-18T20:40:00.000+0000,1000000,1000000,945853.3332203359
2025-04-18T20:50:00.000+0000,1000000,1000000,947382.8376067382
2025-04-18T21:00:00.000+0000,1000000,1000000,947426.130008986
2025-04-18T21:10:00.000+0000,1000000,1000000,947691.102268716
2025-04-18T21:20:00.000+0000,1000000,1000000,947435.8197800362
2025-04-18T21:30:00.000+0000,1000000,1000000,947686.8064214233
2025-04-18T21:40:00.000+0000,1000000,1000000,948851.8452931391
2025-04-18T21:50:00.000+0000,1000000,1000000,948463.0847329132
2025-04-18T22:00:00.000+0000,1000000,1000000,948440.6701188298
2025-04-18T22:10:00.000+0000,1000000,1000000,947355.0379134627
2025-04-18T22:20:00.000+0000,1000000,1000000,948286.8047434557
2025-04-18T22:30:00.000+0000,1000000,1000000,948259.7313776852
2025-04-18T22:40:00.000+0000,1000000,1000000,948057.1968110022
2025-04-18T22:50:00.000+0000,1000000,1000000,947358.0694887757
2025-04-18T23:00:00.000+0000,1000000,1000000,944829.0076589496
2025-04-18T23:10:00.000+0000,1000000,1000000,944078.0726393837
2025-04-18T23:20:00.000+0000,1000000,1000000,944187.0878780084
2025-04-18T23:30:00.000+0000,1000000,1000000,945657.9143611253
2025-04-18T23:40:00.000+0000,1000000,1000000,946627.830000314
2025-04-18T23:50:00.000+0000,1000000,1000000,946314.7162988161
2025-04-19T00:00:00.000+0000,1000000,1000000,945824.2338946781
2025-04-19T00:10:00.000+0000,1000000,1000000,944801.7064807834
2025-04-19T00:20:00.000+0000,1000000,1000000,944953.0283416621
2025-04-19T00:30:00.000+0000,1000000,1000000,945833.1246947573
2025-04-19T00:40:00.000+0000,1000000,1000000,946085.8357848779
2025-04-19T00:50:00.000+0000,1000000,1000000,946523.3869368082
2025-04-19T01:00:00.000+0000,1000000,1000000,946631.245129246
2025-04-19T01:10:00.000+0000,1000000,1000000,947929.5570377803
2025-04-19T01:20:00.000+0000,1000000,1000000,947992.7237590684
2025-04-19T01:30:00.000+0000,1000000,1000000,948254.5255954592
2025-04-19T01:40:00.000+0000,1000000,1000000,947709.3743532109
2025-04-19T01:50:00.000+0000,1000000,1000000,947949.4948785042
2025-04-19T02:00:00.000+0000,1000000,1000000,948797.1108049026
2025-04-19T02:10:00.000+0000,1000000,1000000,952478.3277384534
2025-04-19T02:20:00.000+0000,1000000,1000000,955011.7738612251
2025-04-19T02:30:00.000+0000,1000000,1000000,955885.0104805245
2025-04-19T02:40:00.000+0000,1000000,1000000,955382.4057369444
2025-04-19T02:50:00.000+0000,1000000,1000000,956964.4144129016
2025-04-19T03:00:00.000+0000,1000000,1000000,957043.4109919354
2025-04-19T03:10:00.000+0000,1000000,1000000,958167.6398777345
2025-04-19T03:20:00.000+0000,1000000,1000000,960246.2571292811
2025-04-19T03:30:00.000+0000,1000000,1000000,961426.8361522483
2025-04-19T03:40:00.000+0000,1000000,1000000,960602.8136084954
2025-04-19T03:50:00.000+0000,1000000,1000000,961983.1309115671
2025-04-19T04:00:00.000+0000,1000000,1000000,961176.9647398812
2025-04-19T04:10:00.000+0000,1000000,1000000,962731.079097363
2025-04-19T04:20:00.000+0000,1000000,1000000,962410.5819457737
2025-04-19T04:30:00.000+0000,1000000,1000000,964172.4401131169
2025-04-19T04:40:00.000+0000,1000000,1000000,963733.6729452786
2025-04-19T04:50:00.000+0000,1000000,1000000,962252.0034009526
2025-04-19T05:00:00.000+0000,1000000,1000000,961950.3875357127
2025-04-19T05:10:00.000+0000,1000000,1000000,960861.5591692443
2025-04-19T05:20:00.000+0000,1000000,1000000,962772.256262419
2025-04-19T05:30:00.000+0000,1000000,1000000,962776.6528787409
2025-04-19T05:40:00.000+0000,1000000,1000000,962619.9770243275
2025-04-19T05:50:00.000+0000,1000000,1000000,962506.2612347081
2025-04-19T06:00:00.000+0000,1000000,1000000,961154.0357727839
2025-04-19T06:10:00.000+0000,1000000,1000000,960980.1304372887
2025-04-19T06:20:00.000+0000,1000000,1000000,961238.7077097973
2025-04-19T06:30:00.000+0000,1000000,1000000,959458.9502622107
2025-04-19T06:40:00.000+0000,1000000,1000000,959746.4253223188
2025-04-19T06:50:00.000+0000,1000000,1000000,960313.2334882703
2025-04-19T07:00:00.000+0000,1000000,1000000,960903.5053106232
2025-04-19T07:10:00.000+0000,1000000,1000000,961833.1676349331
2025-04-19T07:20:00.000+0000,1000000,1000000,961930.2074129147
2025-04-19T07:30:00.000+0000,1000000,1000000,962731.2554342349
2025-04-19T07:40:00.000+0000,1000000,1000000,964388.2612824084
2025-04-19T07:50:00.000+0000,1000000,1000000,963678.287142945
2025-04-19T08:00:00.000+0000,1000000,1000000,963204.7326908761
2025-04-19T08:10:00.000+0000,1000000,1000000,962521.5400465282
2025-04-19T08:20:00.000+0000,1000000,1000000,963701.9199192382
2025-04-19T08:30:00.000+0000,1000000,1000000,963376.5412921029
2025-04-19T08:40:00.000+0000,1000000,1000000,965285.5704827467
2025-04-19T08:50:00.000+0000,1000000,1000000,965047.7412721587
2025-04-19T09:00:00.000+0000,1000000,1000000,965113.4517851592
2025-04-19T09:10:00.000+0000,1000000,1000000,966559.7108924385
2025-04-19T09:20:00.000+0000,1000000,1000000,966389.5651052053
2025-04-19T09:30:00.000+0000,1000000,1000000,964984.040934717
2025-04-19T09:40:00.000+0000,1000000,1000000,966357.4842936734
2025-04-19T09:50:00.000+0000,1000000,1000000,965288.9078796759
2025-04-19T10:00:00.000+0000,1000000,1000000,964600.7120821698
2025-04-19T10:10:00.000+0000,1000000,1000000,965738.0222943496
2025-04-19T10:20:00.000+0000,1000000,1000000,965078.5835673318
2025-04-19T10:30:00.000+0000,1000000,1000000,963224.1242969946
2025-04-19T10:40:00.000+0000,1000000,1000000,963469.9890498467
2025-04-19T10:50:00.000+0000,1000000,1000000,963446.4733992041
2025-04-19T11:00:00.000+0000,1000000,1000000,963784.0989856292
2025-04-19T11:10:00.000+0000,1000000,1000000,964564.2309161468
2025-04-19T11:20:00.000+0000,1000000,1000000,963766.8636200761
2025-04-19T11:30:00.000+0000,1000000,1000000,962146.4675910186
2025-04-19T11:40:00.000+0000,1000000,1000000,962081.3161725752
2025-04-19T11:50:00.000+0000,1000000,1000000,962318.9033604478
2025-04-19T12:00:00.000+0000,1000000,1000000,963371.8846867176
2025-04-19T12:10:00.000+0000,1000000,1000000,963442.2107838709
2025-04-19T12:20:00.000+0000,1000000,1000000,963440.6581379061
2025-04-19T12:30:00.000+0000,1000000,1000000,963802.9261314361
2025-04-19T12:40:00.000+0000,1000000,1000000,962629.3644525723
2025-04-19T12:50:00.000+0000,1000000,1000000,962888.3788648087
2025-04-19T13:00:00.000+0000,1000000,1000000,962383.2035364623
2025-04-19T13:10:00.000+0000,1000000,1000000,964225.5519947999
2025-04-19T13:20:00.000+0000,1000000,1000000,964801.5942891508
2025-04-19T13:30:00.000+0000,1000000,1000000,965312.6350039518
2025-04-19T13:40:00.000+0000,1000000,1000000,965744.1883781652
2025-04-19T13:50:00.000+0000,1000000,1000000,966012.7025329773
2025-04-19T14:00:00.000+0000,1000000,1000000,966817.964394842
2025-04-19T14:10:00.000+0000,1000000,1000000,966794.3396671807
2025-04-19T14:20:00.000+0000,1000000,1000000,967313.5000772947
2025-04-19T14:30:00.000+0000,1000000,1000000,966749.8510844571
2025-04-19T14:40:00.000+0000,1000000,1000000,966532.3775554637
2025-04-19T14:50:00.000+0000,1000000,1000000,966924.9869055387
2025-04-19T15:00:00.000+0000,1000000,1000000,967051.8145706208
2025-04-19T15:10:00.000+0000,1000000,1000000,967014.6732637944
2025-04-19T15:20:00.000+0000,1000000,1000000,968938.805448103
2025-04-19T15:30:00.000+0000,1000000,1000000,965644.5035028665
2025-04-19T15:40:00.000+0000,1000000,1000000,963476.8461186237
2025-04-19T15:50:00.000+0000,1000000,1000000,964483.3359393091
2025-04-19T16:00:00.000+0000,1000000,1000000,965558.749828151
2025-04-19T16:10:00.000+0000,1000000,1000000,964707.2084709103
2025-04-19T16:20:00.000+0000,1000000,1000000,963185.6088452355
2025-04-19T16:30:00.000+0000,1000000,1000000,961703.4713348824
2025-04-19T16:40:00.000+0000,1000000,1000000,959291.3654371039
2025-04-19T16:50:00.000+0000,1000000,1000000,959216.2779322912
2025-04-19T17:00:00.000+0000,1000000,1000000,959875.6174821472
2025-04-19T17:10:00.000+0000,1000000,1000000,959784.462371618
2025-04-19T17:20:00.000+0000,1000000,1000000,961780.2999044086
2025-04-19T17:30:00.000+0000,1000000,1000000,963467.1480574426
2025-04-19T17:40:00.000+0000,1000000,1000000,966137.645250359
2025-04-19T17:50:00.000+0000,1000000,1000000,964354.047857489
2025-04-19T18:00:00.000+0000,1000000,1000000,966610.0187875638
2025-04-19T18:10:00.000+0000,1000000,1000000,966805.7338100325
2025-04-19T18:20:00.000+0000,1000000,1000000,966418.1088508342
2025-04-19T18:30:00.000+0000,1000000,1000000,966721.1074283549
2025-04-19T18:40:00.000+0000,1000000,1000000,965515.0535359939
2025-04-19T18:50:00.000+0000,1000000,1000000,965433.1293522703
2025-04-19T19:00:00.000+0000,1000000,1000000,964475.5421604026
2025-04-19T19:10:00.000+0000,1000000,1000000,964728.5654931859
2025-04-19T19:20:00.000+0000,1000000,1000000,964658.0815263664
2025-04-19T19:30:00.000+0000,1000000,1000000,965164.5739168674
2025-04-19T19:40:00.000+0000,1000000,1000000,965842.5315802749
2025-04-19T19:50:00.000+0000,1000000,1000000,965179.315633723
2025-04-19T20:00:00.000+0000,1000000,1000000,964158.7822981242
2025-04-19T20:10:00.000+0000,1000000,1000000,964260.3291198148
2025-04-19T20:20:00.000+0000,1000000,1000000,964536.7279227048
2025-04-19T20:30:00.000+0000,1000000,1000000,965639.6282068677
2025-04-19T20:40:00.000+0000,1000000,1000000,967025.6650907454
2025-04-19T20:50:00.000+0000,1000000,1000000,966054.8408669916
2025-04-19T21:00:00.000+0000,1000000,1000000,965966.6610627896
2025-04-19T21:10:00.000+0000,1000000,1000000,967266.6038858669
2025-04-19T21:20:00.000+0000,1000000,1000000,967521.1278703739
2025-04-19T21:30:00.000+0000,1000000,1000000,966722.1693306249
2025-04-19T21:40:00.000+0000,1000000,1000000,967547.2210812636
2025-04-19T21:50:00.000+0000,1000000,1000000,968294.2939144536
2025-04-19T22:00:00.000+0000,1000000,1000000,967353.3462828113
2025-04-19T22:10:00.000+0000,1000000,1000000,967334.4330970114
2025-04-19T22:20:00.000+0000,1000000,1000000,966903.2420906167
2025-04-19T22:30:00.000+0000,1000000,1000000,967170.6503975494
2025-04-19T22:40:00.000+0000,1000000,1000000,968111.9823787445
2025-04-19T22:50:00.000+0000,1000000,1000000,968212.7500648964
2025-04-19T23:00:00.000+0000,1000000,1000000,968516.0748360411
2025-04-19T23:10:00.000+0000,1000000,1000000,967393.6979789176
2025-04-19T23:20:00.000+0000,1000000,1000000,966752.9617778588
2025-04-19T23:30:00.000+0000,1000000,1000000,966906.8877326809
2025-04-19T23:40:00.000+0000,1000000,1000000,967775.4141426277
2025-04-19T23:50:00.000+0000,1000000,1000000,967956.6203848915
2025-04-20T00:00:00.000+0000,1000000,1000000,966768.6882015567
2025-04-20T00:10:00.000+0000,1000000,1000000,969461.7297348003
2025-04-20T00:20:00.000+0000,1000000,1000000,969956.1874355786
2025-04-20T00:30:00.000+0000,1000000,1000000,969489.9909730564
2025-04-20T00:40:00.000+0000,1000000,1000000,969509.4940797128
2025-04-20T00:50:00.000+0000,1000000,1000000,969151.2954357299
2025-04-20T01:00:00.000+0000,1000000,1000000,968894.3110166262
2025-04-20T01:10:00.000+0000,1000000,1000000,971807.367724274
2025-04-20T01:20:00.000+0000,1000000,1000000,972398.751296836
2025-04-20T01:30:00.000+0000,1000000,1000000,971686.9554184207
2025-04-20T01:40:00.000+0000,1000000,1000000,973450.9931584317
2025-04-20T01:50:00.000+0000,1000000,1000000,974540.8558203236
2025-04-20T02:00:00.000+0000,1000000,1000000,973542.881571947
2025-04-20T02:10:00.000+0000,1000000,1000000,973250.4164958497
2025-04-20T02:20:00.000+0000,1000000,1000000,972434.5886965359
2025-04-20T02:30:00.000+0000,1000000,1000000,972947.5931999087
2025-04-20T02:40:00.000+0000,1000000,1000000,973756.3264775502
2025-04-20T02:50:00.000+0000,1000000,1000000,973110.05241617
2025-04-20T03:00:00.000+0000,1000000,1000000,971796.8202897481
2025-04-20T03:10:00.000+0000,1000000,1000000,971410.5201641188
2025-04-20T03:20:00.000+0000,1000000,1000000,970873.656404566
2025-04-20T03:30:00.000+0000,1000000,1000000,969898.1474320045
2025-04-20T03:40:00.000+0000,1000000,1000000,969971.9553992257
2025-04-20T03:50:00.000+0000,1000000,1000000,970570.8119406835
2025-04-20T04:00:00.000+0000,1000000,1000000,970182.7597594738
2025-04-20T04:10:00.000+0000,1000000,1000000,970528.3865830522
2025-04-20T04:20:00.000+0000,1000000,1000000,971232.6154218062
2025-04-20T04:30:00.000+0000,1000000,1000000,971955.890651415
2025-04-20T04:40:00.000+0000,1000000,1000000,972852.3939231604
2025-04-20T04:50:00.000+0000,1000000,1000000,972207.5779004038
2025-04-20T05:00:00.000+0000,1000000,1000000,971133.9425829793
2025-04-20T05:10:00.000+0000,1000000,1000000,970969.8594276552
2025-04-20T05:20:00.000+0000,1000000,1000000,971491.9375247431
2025-04-20T05:30:00.000+0000,1000000,1000000,970833.6662982033
2025-04-20T05:40:00.000+0000,1000000,1000000,970927.5056403391
2025-04-20T05:50:00.000+0000,1000000,1000000,969992.0535152759
2025-04-20T06:00:00.000+0000,1000000,1000000,969698.2038399547
2025-04-20T06:10:00.000+0000,1000000,1000000,970215.814286981
2025-04-20T06:20:00.000+0000,1000000,1000000,969194.008925847
2025-04-20T06:30:00.000+0000,1000000,1000000,969130.9344062395
2025-04-20T06:40:00.000+0000,1000000,1000000,965733.5839144378
2025-04-20T06:50:00.000+0000,1000000,1000000,966415.8307090155
2025-04-20T07:00:00.000+0000,1000000,1000000,963998.5758345717
2025-04-20T07:10:00.000+0000,1000000,1000000,961729.4833706757
2025-04-20T07:20:00.000+0000,1000000,1000000,961177.1470148005
2025-04-20T07:30:00.000+0000,1000000,1000000,961351.2959827377
2025-04-20T07:40:00.000+0000,1000000,1000000,961805.3256236333
2025-04-20T07:50:00.000+0000,1000000,1000000,962828.2687320972
2025-04-20T08:00:00.000+0000,1000000,1000000,961610.9882249082
2025-04-20T08:10:00.000+0000,1000000,1000000,962077.9228195951
2025-04-20T08:20:00.000+0000,1000000,1000000,962064.711525471
2025-04-20T08:30:00.000+0000,1000000,1000000,961863.5331552315
2025-04-20T08:40:00.000+0000,1000000,1000000,961331.1509788428
2025-04-20T08:50:00.000+0000,1000000,1000000,958963.0286740554
2025-04-20T09:00:00.000+0000,1000000,1000000,959457.9752494439
2025-04-20T09:10:00.000+0000,1000000,1000000,960443.4007501598
2025-04-20T09:20:00.000+0000,1000000,1000000,960905.3265665759
2025-04-20T09:30:00.000+0000,1000000,1000000,960238.8949007073
2025-04-20T09:40:00.000+0000,1000000,1000000,959375.2526491834
2025-04-20T09:50:00.000+0000,1000000,1000000,959219.5218307476
2025-04-20T10:00:00.000+0000,1000000,1000000,959640.398857984
2025-04-20T10:10:00.000+0000,1000000,1000000,960163.3630391867
2025-04-20T10:20:00.000+0000,1000000,1000000,960130.1195563555
2025-04-20T10:30:00.000+0000,1000000,1000000,959702.7985077512
2025-04-20T10:40:00.000+0000,1000000,1000000,954855.5649711229
2025-04-20T10:50:00.000+0000,1000000,1000000,952083.0838167882
2025-04-20T11:00:00.000+0000,1000000,1000000,953004.5910496649
2025-04-20T11:10:00.000+0000,1000000,1000000,953096.9458194808
2025-04-20T11:20:00.000+0000,1000000,1000000,949673.7816462091
2025-04-20T11:30:00.000+0000,1000000,1000000,948211.4029211137
2025-04-20T11:40:00.000+0000,1000000,1000000,945887.5604082935
2025-04-20T11:50:00.000+0000,1000000,1000000,946446.0371280813
2025-04-20T12:00:00.000+0000,1000000,1000000,947838.3491906526
2025-04-20T12:10:00.000+0000,1000000,1000000,950115.6757926351
2025-04-20T12:20:00.000+0000,1000000,1000000,950912.7675568133
2025-04-20T12:30:00.000+0000,1000000,1000000,951559.8580010782
2025-04-20T12:40:00.000+0000,1000000,1000000,951600.2935730171
2025-04-20T12:50:00.000+0000,1000000,1000000,951156.6133073999
2025-04-20T13:00:00.000+0000,1000000,1000000,950494.6959200792
2025-04-20T13:10:00.000+0000,1000000,1000000,948727.2299318261
2025-04-20T13:20:00.000+0000,1000000,1000000,949976.4416888707
2025-04-20T13:30:00.000+0000,1000000,1000000,950937.7350843914
2025-04-20T13:40:00.000+0000,1000000,1000000,951983.0552823757
2025-04-20T13:50:00.000+0000,1000000,1000000,951810.0593452384
2025-04-20T14:00:00.000+0000,1000000,1000000,951320.4067383708
2025-04-20T14:10:00.000+0000,1000000,1000000,953684.7911994129
2025-04-20T14:20:00.000+0000,1000000,1000000,952722.6752414606
2025-04-20T14:30:00.000+0000,1000000,1000000,954252.6081823835
2025-04-20T14:40:00.000+0000,1000000,1000000,953545.8977410913
2025-04-20T14:50:00.000+0000,1000000,1000000,954009.6742358154
2025-04-20T15:00:00.000+0000,1000000,1000000,952329.0956542211
2025-04-20T15:10:00.000+0000,1000000,1000000,951781.154045583
2025-04-20T15:20:00.000+0000,1000000,1000000,949958.4258195523
2025-04-20T15:30:00.000+0000,1000000,1000000,950428.6629694827
2025-04-20T15:40:00.000+0000,1000000,1000000,949971.5569760134
2025-04-20T15:50:00.000+0000,1000000,1000000,947363.0844644522
2025-04-20T16:00:00.000+0000,1000000,1000000,947647.417244643
2025-04-20T16:10:00.000+0000,1000000,1000000,949784.5604142798
2025-04-20T16:20:00.000+0000,1000000,1000000,950943.2570889492
2025-04-20T16:30:00.000+0000,1000000,1000000,950005.8047239021
2025-04-20T16:40:00.000+0000,1000000,1000000,951387.4299852047
2025-04-20T16:50:00.000+0000,1000000,1000000,952411.8689162135
2025-04-20T17:00:00.000+0000,1000000,1000000,951237.1635876906
2025-04-20T17:10:00.000+0000,1000000,1000000,950632.3446467774
2025-04-20T17:20:00.000+0000,1000000,1000000,950542.5374247017
2025-04-20T17:30:00.000+0000,1000000,1000000,949926.505542705
2025-04-20T17:40:00.000+0000,1000000,1000000,950727.3217362424
2025-04-20T17:50:00.000+0000,1000000,1000000,951393.8423843395
2025-04-20T18:00:00.000+0000,1000000,1000000,950864.2470955296
2025-04-20T18:10:00.000+0000,1000000,1000000,951944.2288847454
2025-04-20T18:20:00.000+0000,1000000,1000000,951948.7147605128
2025-04-20T18:30:00.000+0000,1000000,1000000,950670.5355324976
2025-04-20T18:40:00.000+0000,1000000,1000000,950418.8322041044
2025-04-20T18:50:00.000+0000,1000000,1000000,951585.4285509639
2025-04-20T19:00:00.000+0000,1000000,1000000,951390.4101028522
2025-04-20T19:10:00.000+0000,1000000,1000000,951187.9117282229
2025-04-20T19:20:00.000+0000,1000000,1000000,952168.9513262666
2025-04-20T19:30:00.000+0000,1000000,1000000,952466.0515625905
2025-04-20T19:40:00.000+0000,1000000,1000000,953082.584642574
2025-04-20T19:50:00.000+0000,1000000,1000000,954205.8274711627
2025-04-20T20:00:00.000+0000,1000000,1000000,954267.3769516516
2025-04-20T20:10:00.000+0000,1000000,1000000,957568.0382286313
2025-04-20T20:20:00.000+0000,1000000,1000000,959757.0847760992
2025-04-20T20:30:00.000+0000,1000000,1000000,957864.7666981367
2025-04-20T20:40:00.000+0000,1000000,1000000,958315.2863255419
2025-04-20T20:50:00.000+0000,1000000,1000000,956404.0164640656
2025-04-20T21:00:00.000+0000,1000000,1000000,955443.0455061407
2025-04-20T21:10:00.000+0000,1000000,1000000,954951.3454763683
2025-04-20T21:20:00.000+0000,1000000,1000000,954897.0652804145
2025-04-20T21:30:00.000+0000,1000000,1000000,956265.6882798483
2025-04-20T21:40:00.000+0000,1000000,1000000,956988.3701097898
2025-04-20T21:50:00.000+0000,1000000,1000000,957287.411634235
2025-04-20T22:00:00.000+0000,1000000,1000000,953890.5813620591
2025-04-20T22:10:00.000+0000,1000000,1000000,953577.4400537147
2025-04-20T22:20:00.000+0000,1000000,1000000,951088.3519914886
2025-04-20T22:30:00.000+0000,1000000,1000000,952367.6869331812
2025-04-20T22:40:00.000+0000,1000000,1000000,953360.7239557428
2025-04-20T22:50:00.000+0000,1000000,1000000,953104.9475039158
2025-04-20T23:00:00.000+0000,1000000,1000000,955019.0136162529
2025-04-20T23:10:00.000+0000,1000000,1000000,956427.0893498678
2025-04-20T23:20:00.000+0000,1000000,1000000,956738.1556284606
2025-04-20T23:30:00.000+0000,1000000,1000000,956385.2490839141
2025-04-20T23:40:00.000+0000,1000000,1000000,956187.1529507195
2025-04-20T23:50:00.000+0000,1000000,1000000,957764.1799186771
2025-04-21T00:00:00.000+0000,1000000,1000000,958354.3951769685
2025-04-21T00:10:00.000+0000,1000000,1000000,963361.8202066134
2025-04-21T00:20:00.000+0000,1000000,1000000,964880.966891889
2025-04-21T00:30:00.000+0000,1000000,1000000,975947.1649036687
2025-04-21T00:40:00.000+0000,1000000,1000000,978080.0245493895
2025-04-21T00:50:00.000+0000,1000000,1000000,977160.7563240419
2025-04-21T01:00:00.000+0000,1000000,1000000,979446.3894125011
2025-04-21T01:10:00.000+0000,1000000,1000000,977025.2559950601
2025-04-21T01:20:00.000+0000,1000000,1000000,977334.1724898512
2025-04-21T01:30:00.000+0000,1000000,1000000,979471.9808709701
2025-04-21T01:40:00.000+0000,1000000,1000000,981801.0800692479
2025-04-21T01:50:00.000+0000,1000000,1000000,982752.0768975237
2025-04-21T02:00:00.000+0000,1000000,1000000,982290.2880421905
2025-04-21T02:10:00.000+0000,1000000,1000000,982725.6250748432
2025-04-21T02:20:00.000+0000,1000000,1000000,984003.6662507657
2025-04-21T02:30:00.000+0000,1000000,1000000,980364.5037396792
2025-04-21T02:40:00.000+0000,1000000,1000000,978528.71161704
2025-04-21T02:50:00.000+0000,1000000,1000000,981010.0195562451
2025-04-21T03:00:00.000+0000,1000000,1000000,981680.6146602853
2025-04-21T03:10:00.000+0000,1000000,1000000,980690.6775638987
2025-04-21T03:20:00.000+0000,1000000,1000000,979314.1377397191
2025-04-21T03:30:00.000+0000,1000000,1000000,979787.3547657977
2025-04-21T03:40:00.000+0000,1000000,1000000,979835.4720973885
2025-04-21T03:50:00.000+0000,1000000,1000000,978602.6053470371
2025-04-21T04:00:00.000+0000,1000000,1000000,979922.1673292707
2025-04-21T04:10:00.000+0000,1000000,1000000,978698.3304863833
2025-04-21T04:20:00.000+0000,1000000,1000000,979278.7664726796
2025-04-21T04:30:00.000+0000,1000000,1000000,978374.182362693
2025-04-21T04:40:00.000+0000,1000000,1000000,980694.2484340541
2025-04-21T04:50:00.000+0000,1000000,1000000,983119.9877951489
2025-04-21T05:00:00.000+0000,1000000,1000000,983799.6457792539
2025-04-21T05:10:00.000+0000,1000000,1000000,983823.0188437006
2025-04-21T05:20:00.000+0000,1000000,1000000,984947.7977022745
2025-04-21T05:30:00.000+0000,1000000,1000000,984601.0283021877
2025-04-21T05:40:00.000+0000,1000000,1000000,985259.0443688431
2025-04-21T05:50:00.000+0000,1000000,1000000,986450.3715684608
2025-04-21T06:00:00.000+0000,1000000,1000000,986426.5945962457
2025-04-21T06:10:00.000+0000,1000000,1000000,986674.2679687394
2025-04-21T06:20:00.000+0000,1000000,1000000,986906.0337336258
2025-04-21T06:30:00.000+0000,1000000,1000000,985677.7035207737
2025-04-21T06:40:00.000+0000,1000000,1000000,985229.9085917734
2025-04-21T06:50:00.000+0000,1000000,1000000,986278.3303256589
2025-04-21T07:00:00.000+0000,1000000,1000000,986737.0184410245
2025-04-21T07:10:00.000+0000,1000000,1000000,984378.7585238486
2025-04-21T07:20:00.000+0000,1000000,1000000,983577.3575158507
2025-04-21T07:30:00.000+0000,1000000,1000000,984260.7452772106
2025-04-21T07:40:00.000+0000,1000000,1000000,985329.4495305086
2025-04-21T07:50:00.000+0000,1000000,1000000,984019.7960277975
2025-04-21T08:00:00.000+0000,1000000,1000000,984372.050220814
2025-04-21T08:10:00.000+0000,1000000,1000000,983397.3632562496
2025-04-21T08:20:00.000+0000,1000000,1000000,984409.5882005696
2025-04-21T08:30:00.000+0000,1000000,1000000,985057.5325522819
2025-04-21T08:40:00.000+0000,1000000,1000000,984477.4198173743
2025-04-21T08:50:00.000+0000,1000000,1000000,985757.3229575476
2025-04-21T09:00:00.000+0000,1000000,1000000,986869.1706058511
2025-04-21T09:10:00.000+0000,1000000,1000000,983195.9986135636
2025-04-21T09:20:00.000+0000,1000000,1000000,983069.2318051464
2025-04-21T09:30:00.000+0000,1000000,1000000,981323.4374696328
2025-04-21T09:40:00.000+0000,1000000,1000000,982280.8014010661
2025-04-21T09:50:00.000+0000,1000000,1000000,983169.5955656713
2025-04-21T10:00:00.000+0000,1000000,1000000,981834.5095294496
2025-04-21T10:10:00.000+0000,1000000,1000000,981790.4977573187
2025-04-21T10:20:00.000+0000,1000000,1000000,979662.2094729242
2025-04-21T10:30:00.000+0000,1000000,1000000,978516.1175555431
2025-04-21T10:40:00.000+0000,1000000,1000000,979197.7843648392
2025-04-21T10:50:00.000+0000,1000000,1000000,980454.0713446991
2025-04-21T11:00:00.000+0000,1000000,1000000,980046.5190169276
2025-04-21T11:10:00.000+0000,1000000,1000000,974895.4123639648
2025-04-21T11:20:00.000+0000,1000000,1000000,972126.0424038897
2025-04-21T11:30:00.000+0000,1000000,1000000,973800.2313640168
2025-04-21T11:40:00.000+0000,1000000,1000000,975141.4430351146
2025-04-21T11:50:00.000+0000,1000000,1000000,974976.8072062797
2025-04-21T12:00:00.000+0000,1000000,1000000,975786.9899194792
2025-04-21T12:10:00.000+0000,1000000,1000000,977641.0085355602
2025-04-21T12:20:00.000+0000,1000000,1000000,976925.5059169163
2025-04-21T12:30:00.000+0000,1000000,1000000,976258.5505347517
2025-04-21T12:40:00.000+0000,1000000,1000000,975013.2237596097
2025-04-21T12:50:00.000+0000,1000000,1000000,973659.7241258485
2025-04-21T13:00:00.000+0000,1000000,1000000,970844.6072312586
2025-04-21T13:10:00.000+0000,1000000,1000000,970788.7089807134
2025-04-21T13:20:00.000+0000,1000000,1000000,971448.5926188733
2025-04-21T13:30:00.000+0000,1000000,1000000,971414.5911505863
2025-04-21T13:40:00.000+0000,1000000,1000000,973269.0436869422
2025-04-21T13:50:00.000+0000,1000000,1000000,968667.2865560851
2025-04-21T14:00:00.000+0000,1000000,1000000,966948.3399202476
2025-04-21T14:10:00.000+0000,1000000,1000000,972256.6225346004
2025-04-21T14:20:00.000+0000,1000000,1000000,978495.7695560688
2025-04-21T14:30:00.000+0000,1000000,1000000,981897.2502540828
2025-04-21T14:40:00.000+0000,1000000,1000000,978417.4585783837
2025-04-21T14:50:00.000+0000,1000000,1000000,978430.3402179317
2025-04-21T15:00:00.000+0000,1000000,1000000,978089.3198567238
2025-04-21T15:10:00.000+0000,1000000,1000000,976666.8436061302
2025-04-21T15:20:00.000+0000,1000000,1000000,979587.5292475378
2025-04-21T15:30:00.000+0000,1000000,1000000,979033.4330646675
2025-04-21T15:40:00.000+0000,1000000,1000000,976117.1177652446
2025-04-21T15:50:00.000+0000,1000000,1000000,976223.9821290578
2025-04-21T16:00:00.000+0000,1000000,1000000,975092.8913631614
2025-04-21T16:10:00.000+0000,1000000,1000000,976356.1975562095
2025-04-21T16:20:00.000+0000,1000000,1000000,971591.5226242049
2025-04-21T16:30:00.000+0000,1000000,1000000,971824.411389526
2025-04-21T16:40:00.000+0000,1000000,1000000,967566.6282038287
2025-04-21T16:50:00.000+0000,1000000,1000000,960592.1347937582
2025-04-21T17:00:00.000+0000,1000000,1000000,951775.9932914523
2025-04-21T17:10:00.000+0000,1000000,1000000,954910.7673454278
2025-04-21T17:20:00.000+0000,1000000,1000000,955929.5569155774
2025-04-21T17:30:00.000+0000,1000000,1000000,957182.8050674266
2025-04-21T17:40:00.000+0000,1000000,1000000,956480.012026204
2025-04-21T17:50:00.000+0000,1000000,1000000,954376.9445601875
2025-04-21T18:00:00.000+0000,1000000,1000000,954355.215806811
2025-04-21T18:10:00.000+0000,1000000,1000000,955681.857563822
2025-04-21T18:20:00.000+0000,1000000,1000000,954334.3889397369
2025-04-21T18:30:00.000+0000,1000000,1000000,954797.3080303436
2025-04-21T18:40:00.000+0000,1000000,1000000,955925.6497104412
2025-04-21T18:50:00.000+0000,1000000,1000000,955003.0730632383
2025-04-21T19:00:00.000+0000,1000000,1000000,954710.7840825133
2025-04-21T19:10:00.000+0000,1000000,1000000,958564.9033832934
2025-04-21T19:20:00.000+0000,1000000,1000000,960672.215238937
2025-04-21T19:30:00.000+0000,1000000,1000000,961736.6743066742
2025-04-21T19:40:00.000+0000,1000000,1000000,960880.7041564442
2025-04-21T19:50:00.000+0000,1000000,1000000,961543.7375865774
2025-04-21T20:00:00.000+0000,1000000,1000000,961019.5820540779
2025-04-21T20:10:00.000+0000,1000000,1000000,960964.9231515425
2025-04-21T20:20:00.000+0000,1000000,1000000,960546.5427509567
2025-04-21T20:30:00.000+0000,1000000,1000000,960732.871141114
2025-04-21T20:40:00.000+0000,1000000,1000000,961552.1582921867
2025-04-21T20:50:00.000+0000,1000000,1000000,962522.6828738714
2025-04-21T21:00:00.000+0000,1000000,1000000,961137.9550035165
2025-04-21T21:10:00.000+0000,1000000,1000000,961130.8947869544
2025-04-21T21:20:00.000+0000,1000000,1000000,960271.6984631162
2025-04-21T21:30:00.000+0000,1000000,1000000,959424.5427491891
2025-04-21T21:40:00.000+0000,1000000,1000000,961380.0570065124
2025-04-21T21:50:00.000+0000,1000000,1000000,962725.7250595873
2025-04-21T22:00:00.000+0000,1000000,1000000,959385.735149558
2025-04-21T22:10:00.000+0000,1000000,1000000,958557.1090678116
2025-04-21T22:20:00.000+0000,1000000,1000000,959034.9440837026
2025-04-21T22:30:00.000+0000,1000000,1000000,959450.4319985015
2025-04-21T22:40:00.000+0000,1000000,1000000,960378.6185950572
2025-04-21T22:50:00.000+0000,1000000,1000000,959942.2164406818
2025-04-21T23:00:00.000+0000,1000000,1000000,957841.4555371234
2025-04-21T23:10:00.000+0000,1000000,1000000,958703.481620999
2025-04-21T23:20:00.000+0000,1000000,1000000,959937.6544247789
2025-04-21T23:30:00.000+0000,1000000,1000000,959309.4361629402
2025-04-21T23:40:00.000+0000,1000000,1000000,959466.7775060527
2025-04-21T23:50:00.000+0000,1000000,1000000,962801.1135211198
2025-04-22T00:00:00.000+0000,1000000,1000000,962799.098793599
2025-04-22T00:10:00.000+0000,1000000,1000000,961192.7184132503
2025-04-22T00:20:00.000+0000,1000000,1000000,962691.4799409995
2025-04-22T00:30:00.000+0000,1000000,1000000,951763.1994716877
2025-04-22T00:40:00.000+0000,1000000,1000000,955747.9534280912
2025-04-22T00:50:00.000+0000,1000000,1000000,959004.0344751007
2025-04-22T01:00:00.000+0000,1000000,1000000,961676.3070378406
2025-04-22T01:10:00.000+0000,1000000,1000000,965077.9372975309
2025-04-22T01:20:00.000+0000,1000000,1000000,970902.2953842173
2025-04-22T01:30:00.000+0000,1000000,1000000,971572.6291666848
2025-04-22T01:40:00.000+0000,1000000,1000000,972374.2191657242
2025-04-22T01:50:00.000+0000,1000000,1000000,974621.54668419
2025-04-22T02:00:00.000+0000,1000000,1000000,975404.8806424215
2025-04-22T02:10:00.000+0000,1000000,1000000,970700.3164511393
2025-04-22T02:20:00.000+0000,1000000,1000000,969342.8117854479
2025-04-22T02:30:00.000+0000,1000000,1000000,968677.7003833276
2025-04-22T02:40:00.000+0000,1000000,1000000,969047.2323134973
2025-04-22T02:50:00.000+0000,1000000,1000000,970719.5606597419
2025-04-22T03:00:00.000+0000,1000000,1000000,970301.6747767377
2025-04-22T03:10:00.000+0000,1000000,1000000,968981.9694123745
2025-04-22T03:20:00.000+0000,1000000,1000000,972152.5398626763
2025-04-22T03:30:00.000+0000,1000000,1000000,972158.2741725186
2025-04-22T03:40:00.000+0000,1000000,1000000,972813.7209869167
2025-04-22T03:50:00.000+0000,1000000,1000000,972357.8717712297
2025-04-22T04:00:00.000+0000,1000000,1000000,973215.5596540708
2025-04-22T04:10:00.000+0000,1000000,1000000,972436.1495169555
2025-04-22T04:20:00.000+0000,1000000,1000000,972618.0252633048
2025-04-22T04:30:00.000+0000,1000000,1000000,972866.1880291256
2025-04-22T04:40:00.000+0000,1000000,1000000,972514.3270302275
2025-04-22T04:50:00.000+0000,1000000,1000000,970677.0382891095
2025-04-22T05:00:00.000+0000,1000000,1000000,970167.6030283066
2025-04-22T05:10:00.000+0000,1000000,1000000,969426.5108202784
2025-04-22T05:20:00.000+0000,1000000,1000000,970790.836103335
2025-04-22T05:30:00.000+0000,1000000,1000000,971708.6998583081
2025-04-22T05:40:00.000+0000,1000000,1000000,973354.6045252943
2025-04-22T05:50:00.000+0000,1000000,1000000,973652.2359721116
2025-04-22T06:00:00.000+0000,1000000,1000000,974079.5891973833
2025-04-22T06:10:00.000+0000,1000000,1000000,972134.6529236678
2025-04-22T06:20:00.000+0000,1000000,1000000,971233.3689632647
2025-04-22T06:30:00.000+0000,1000000,1000000,969432.5345951156
2025-04-22T06:40:00.000+0000,1000000,1000000,969788.8460915198
2025-04-22T06:50:00.000+0000,1000000,1000000,971862.8975889944
2025-04-22T07:00:00.000+0000,1000000,1000000,973431.0101654126
2025-04-22T07:10:00.000+0000,1000000,1000000,972831.4353272223
2025-04-22T07:20:00.000+0000,1000000,1000000,975067.8554490034
2025-04-22T07:30:00.000+0000,1000000,1000000,977701.5241143312
2025-04-22T07:40:00.000+0000,1000000,1000000,981336.6432729911
2025-04-22T07:50:00.000+0000,1000000,1000000,981980.0669251089
2025-04-22T08:00:00.000+0000,1000000,1000000,983511.1539699831
2025-04-22T08:10:00.000+0000,1000000,1000000,984093.920646773
2025-04-22T08:20:00.000+0000,1000000,1000000,981154.1119378001
2025-04-22T08:30:00.000+0000,1000000,1000000,981151.6426586381
2025-04-22T08:40:00.000+0000,1000000,1000000,981298.4263901503
2025-04-22T08:50:00.000+0000,1000000,1000000,981793.1915044123
2025-04-22T09:00:00.000+0000,1000000,1000000,982015.0482532006
2025-04-22T09:10:00.000+0000,1000000,1000000,980479.9936831009
2025-04-22T09:20:00.000+0000,1000000,1000000,981629.5205648463
2025-04-22T09:30:00.000+0000,1000000,1000000,981837.5058608481
2025-04-22T09:40:00.000+0000,1000000,1000000,983275.2309107545
2025-04-22T09:50:00.000+0000,1000000,1000000,982362.9567331263
2025-04-22T10:00:00.000+0000,1000000,1000000,982910.0433611661
2025-04-22T10:10:00.000+0000,1000000,1000000,983171.0381779541
2025-04-22T10:20:00.000+0000,1000000,1000000,979649.98890446
2025-04-22T10:30:00.000+0000,1000000,1000000,981071.7074646732
2025-04-22T10:40:00.000+0000,1000000,1000000,983685.8617552606
2025-04-22T10:50:00.000+0000,1000000,1000000,983524.0187163346
2025-04-22T11:00:00.000+0000,1000000,1000000,983896.8151227506
2025-04-22T11:10:00.000+0000,1000000,1000000,984179.0509093143
2025-04-22T11:20:00.000+0000,1000000,1000000,985748.6062408857
2025-04-22T11:30:00.000+0000,1000000,1000000,985643.775349016
2025-04-22T11:40:00.000+0000,1000000,1000000,985012.1513393857
2025-04-22T11:50:00.000+0000,1000000,1000000,986155.7820083778
2025-04-22T12:00:00.000+0000,1000000,1000000,985193.767373889
2025-04-22T12:10:00.000+0000,1000000,1000000,986086.2739038354
2025-04-22T12:20:00.000+0000,1000000,1000000,986001.4406183449
2025-04-22T12:30:00.000+0000,1000000,1000000,987459.9936084764
2025-04-22T12:40:00.000+0000,1000000,1000000,985245.7795872395
2025-04-22T12:50:00.000+0000,1000000,1000000,989773.5355029479
2025-04-22T13:00:00.000+0000,1000000,1000000,991120.5594573903
2025-04-22T13:10:00.000+0000,1000000,1000000,995237.9318992039
2025-04-22T13:20:00.000+0000,1000000,1000000,994691.1449132334
2025-04-22T13:30:00.000+0000,1000000,1000000,993908.8685646685
2025-04-22T13:40:00.000+0000,1000000,1000000,998179.248199664
2025-04-22T13:50:00.000+0000,1000000,1000000,997479.2423053784
2025-04-22T14:00:00.000+0000,1000000,1000000,999006.8407819208
2025-04-22T14:10:00.000+0000,1000000,1000000,1003798.0578692025
2025-04-22T14:20:00.000+0000,1000000,1000000,1002271.7641135793
2025-04-22T14:30:00.000+0000,1000000,1000000,1002827.9707044623
2025-04-22T14:40:00.000+0000,1000000,1000000,1006309.8700874384
2025-04-22T14:50:00.000+0000,1000000,1000000,1008887.2387407544
2025-04-22T15:00:00.000+0000,1000000,1000000,1015805.1330511782
2025-04-22T15:10:00.000+0000,1000000,1000000,1021911.1094324426
2025-04-22T15:20:00.000+0000,1000000,1000000,1020655.1894080809
2025-04-22T15:30:00.000+0000,1000000,1000000,1015654.3842358177
2025-04-22T15:40:00.000+0000,1000000,1000000,1012501.2812739274
2025-04-22T15:50:00.000+0000,1000000,1000000,1015858.1021230248
2025-04-22T16:00:00.000+0000,1000000,1000000,1020235.0971772135
2025-04-22T16:10:00.000+0000,1000000,1000000,1015270.668645916
2025-04-22T16:20:00.000+0000,1000000,1000000,1016938.0847260333
2025-04-22T16:30:00.000+0000,1000000,1000000,1017274.8617529063
2025-04-22T16:40:00.000+0000,1000000,1000000,1015182.321331549
2025-04-22T16:50:00.000+0000,1000000,1000000,1014548.6694572293
2025-04-22T17:00:00.000+0000,1000000,1000000,1017358.0579443064
2025-04-22T17:10:00.000+0000,1000000,1000000,1014094.7944665473
2025-04-22T17:20:00.000+0000,1000000,1000000,1014582.3251558184
2025-04-22T17:30:00.000+0000,1000000,1000000,1016270.5787809421
2025-04-22T17:40:00.000+0000,1000000,1000000,1016911.0592676824
2025-04-22T17:50:00.000+0000,1000000,1000000,1018264.0903988413
2025-04-22T18:00:00.000+0000,1000000,1000000,1020017.0323055603
2025-04-22T18:10:00.000+0000,1000000,1000000,1019214.8937198315
2025-04-22T18:20:00.000+0000,1000000,1000000,1018705.2132168605
2025-04-22T18:30:00.000+0000,1000000,1000000,1018814.1997754877
2025-04-22T18:40:00.000+0000,1000000,1000000,1019326.3155118683
2025-04-22T18:50:00.000+0000,1000000,1000000,1020473.9118191428
2025-04-22T19:00:00.000+0000,1000000,1000000,1021279.1409677649
2025-04-22T19:10:00.000+0000,1000000,1000000,1020888.7063433197
2025-04-22T19:20:00.000+0000,1000000,1000000,1019394.0013051658
2025-04-22T19:30:00.000+0000,1000000,1000000,1014054.860852811
2025-04-22T19:40:00.000+0000,1000000,1000000,1014378.4375585678
2025-04-22T19:50:00.000+0000,1000000,1000000,1016601.2459572675
2025-04-22T20:00:00.000+0000,1000000,1000000,1017240.1186022081
2025-04-22T20:10:00.000+0000,1000000,1000000,1016036.5353215183
2025-04-22T20:20:00.000+0000,1000000,1000000,1015975.1292410175
2025-04-22T20:30:00.000+0000,1000000,1000000,1017063.3569908384
2025-04-22T20:40:00.000+0000,1000000,1000000,1017482.0981495169
2025-04-22T20:50:00.000+0000,1000000,1000000,1017303.6091293192
2025-04-22T21:00:00.000+0000,1000000,1000000,1017057.0794064847
2025-04-22T21:10:00.000+0000,1000000,1000000,1018622.9942023879
2025-04-22T21:20:00.000+0000,1000000,1000000,1022433.8926890941
2025-04-22T21:30:00.000+0000,1000000,1000000,1023082.5237510235
2025-04-22T21:40:00.000+0000,1000000,1000000,1025683.0984773376
2025-04-22T21:50:00.000+0000,1000000,1000000,1040191.1738305632
2025-04-22T22:00:00.000+0000,1000000,1000000,1040233.1172712061
2025-04-22T22:10:00.000+0000,1000000,1000000,1038498.9419487049
2025-04-22T22:20:00.000+0000,1000000,1000000,1042450.3462696351
2025-04-22T22:30:00.000+0000,1000000,1000000,1037737.0188403571
2025-04-22T22:40:00.000+0000,1000000,1000000,1037662.2610079792
2025-04-22T22:50:00.000+0000,1000000,1000000,1039776.8408156489
2025-04-22T23:00:00.000+0000,1000000,1000000,1045144.4033538792
2025-04-22T23:10:00.000+0000,1000000,1000000,1045072.5398585142
2025-04-22T23:20:00.000+0000,1000000,1000000,1043642.5131842394
2025-04-22T23:30:00.000+0000,1000000,1000000,1047550.538490636
2025-04-22T23:40:00.000+0000,1000000,1000000,1048316.2012760963
2025-04-22T23:50:00.000+0000,1000000,1000000,1048031.051594304
2025-04-23T00:00:00.000+0000,1000000,1000000,1046669.440814719
2025-04-23T00:10:00.000+0000,1000000,1000000,1046816.2620707941
2025-04-23T00:20:00.000+0000,1000000,1000000,1046619.9909138626
2025-04-23T00:30:00.000+0000,1000000,1000000,1045053.7528844299
2025-04-23T00:40:00.000+0000,1000000,1000000,1042295.8159064197
2025-04-23T00:50:00.000+0000,1000000,1000000,1042316.6360930894
2025-04-23T01:00:00.000+0000,1000000,1000000,1041875.7839777833
2025-04-23T01:10:00.000+0000,1000000,1000000,1049457.8663410076
2025-04-23T01:20:00.000+0000,1000000,1000000,1047434.582083761
2025-04-23T01:30:00.000+0000,1000000,1000000,1048321.833278618
2025-04-23T01:40:00.000+0000,1000000,1000000,1046397.4566659336
2025-04-23T01:50:00.000+0000,1000000,1000000,1042807.5243097977
2025-04-23T02:00:00.000+0000,1000000,1000000,1043056.7345082103
2025-04-23T02:10:00.000+0000,1000000,1000000,1045579.1344041298
2025-04-23T02:20:00.000+0000,1000000,1000000,1050419.176388226
2025-04-23T02:30:00.000+0000,1000000,1000000,1050616.3422323382
2025-04-23T02:40:00.000+0000,1000000,1000000,1052402.7782476698
2025-04-23T02:50:00.000+0000,1000000,1000000,1051811.4954441367
2025-04-23T03:00:00.000+0000,1000000,1000000,1049815.8779523277
2025-04-23T03:10:00.000+0000,1000000,1000000,1048608.3389510717
2025-04-23T03:20:00.000+0000,1000000,1000000,1049780.0520800706
2025-04-23T03:30:00.000+0000,1000000,1000000,1050349.4112725733
2025-04-23T03:40:00.000+0000,1000000,1000000,1053210.0674019312
2025-04-23T03:50:00.000+0000,1000000,1000000,1053923.243586967
2025-04-23T04:00:00.000+0000,1000000,1000000,1054270.108667546
2025-04-23T04:10:00.000+0000,1000000,1000000,1052467.617387733
2025-04-23T04:20:00.000+0000,1000000,1000000,1051035.7676241384
2025-04-23T04:30:00.000+0000,1000000,1000000,1052283.826886958
2025-04-23T04:40:00.000+0000,1000000,1000000,1055829.3154376314
2025-04-23T04:50:00.000+0000,1000000,1000000,1060360.0351500832
2025-04-23T05:00:00.000+0000,1000000,1000000,1060752.794321193
2025-04-23T05:10:00.000+0000,1000000,1000000,1059406.1501286237
2025-04-23T05:20:00.000+0000,1000000,1000000,1060456.9068813242
2025-04-23T05:30:00.000+0000,1000000,1000000,1060765.3859591708
2025-04-23T05:40:00.000+0000,1000000,1000000,1062026.7819854731
2025-04-23T05:50:00.000+0000,1000000,1000000,1060303.6946534142
2025-04-23T06:00:00.000+0000,1000000,1000000,1059055.523353481
2025-04-23T06:10:00.000+0000,1000000,1000000,1062401.8600125187
2025-04-23T06:20:00.000+0000,1000000,1000000,1062242.4468591074
2025-04-23T06:30:00.000+0000,1000000,1000000,1062140.1608321005
2025-04-23T06:40:00.000+0000,1000000,1000000,1061377.041561136
2025-04-23T06:50:00.000+0000,1000000,1000000,1059585.2668357403
2025-04-23T07:00:00.000+0000,1000000,1000000,1057196.0692201168
2025-04-23T07:10:00.000+0000,1000000,1000000,1056799.465551762
2025-04-23T07:20:00.000+0000,1000000,1000000,1057251.3215401783
2025-04-23T07:30:00.000+0000,1000000,1000000,1059255.287353489
2025-04-23T07:40:00.000+0000,1000000,1000000,1059148.0450611692
2025-04-23T07:50:00.000+0000,1000000,1000000,1060217.4504586444
2025-04-23T08:00:00.000+0000,1000000,1000000,1061814.5816864816
2025-04-23T08:10:00.000+0000,1000000,1000000,1063371.6123805693
2025-04-23T08:20:00.000+0000,1000000,1000000,1065750.0827102666
2025-04-23T08:30:00.000+0000,1000000,1000000,1064489.1179392212
2025-04-23T08:40:00.000+0000,1000000,1000000,1065300.3531914086
2025-04-23T08:50:00.000+0000,1000000,1000000,1066209.7407855797
2025-04-23T09:00:00.000+0000,1000000,1000000,1067122.3869715256
2025-04-23T09:10:00.000+0000,1000000,1000000,1068483.9650557267
2025-04-23T09:20:00.000+0000,1000000,1000000,1067271.035609524
2025-04-23T09:30:00.000+0000,1000000,1000000,1066265.4924524017
2025-04-23T09:40:00.000+0000,1000000,1000000,1066090.8385304497
2025-04-23T09:50:00.000+0000,1000000,1000000,1062663.3257197107
2025-04-23T10:00:00.000+0000,1000000,1000000,1058523.4606545938
2025-04-23T10:10:00.000+0000,1000000,1000000,1059705.8016508573
2025-04-23T10:20:00.000+0000,1000000,1000000,1061552.6123935021
2025-04-23T10:30:00.000+0000,1000000,1000000,1063288.4789506362
2025-04-23T10:40:00.000+0000,1000000,1000000,1063585.0822815772
2025-04-23T10:50:00.000+0000,1000000,1000000,1065565.5359230563
2025-04-23T11:00:00.000+0000,1000000,1000000,1066132.6351637288
2025-04-23T11:10:00.000+0000,1000000,1000000,1067141.9973754103
2025-04-23T11:20:00.000+0000,1000000,1000000,1066492.2859440055
2025-04-23T11:30:00.000+0000,1000000,1000000,1065928.7733756755
2025-04-23T11:40:00.000+0000,1000000,1000000,1064031.7702895473
2025-04-23T11:50:00.000+0000,1000000,1000000,1062203.7663385605
2025-04-23T12:00:00.000+0000,1000000,1000000,1063667.587541592
2025-04-23T12:10:00.000+0000,1000000,1000000,1067089.5750926035
2025-04-23T12:20:00.000+0000,1000000,1000000,1066231.8721856498
2025-04-23T12:30:00.000+0000,1000000,1000000,1067131.936391976
2025-04-23T12:40:00.000+0000,1000000,1000000,1066563.7291571223
2025-04-23T12:50:00.000+0000,1000000,1000000,1068081.406016973
2025-04-23T13:00:00.000+0000,1000000,1000000,1067364.1266959966
2025-04-23T13:10:00.000+0000,1000000,1000000,1070356.8473583206
2025-04-23T13:20:00.000+0000,1000000,1000000,1070383.6087407866
2025-04-23T13:30:00.000+0000,1000000,1000000,1063301.8202482215
2025-04-23T13:40:00.000+0000,1000000,1000000,1062351.3230260648
2025-04-23T13:50:00.000+0000,1000000,1000000,1054901.9449824607
2025-04-23T14:00:00.000+0000,1000000,1000000,1057090.8714620427
2025-04-23T14:10:00.000+0000,1000000,1000000,1052514.6640082058
2025-04-23T14:20:00.000+0000,1000000,1000000,1053587.9369578115
2025-04-23T14:30:00.000+0000,1000000,1000000,1057451.3148101028
2025-04-23T14:40:00.000+0000,1000000,1000000,1058790.2861054442
2025-04-23T14:50:00.000+0000,1000000,1000000,1057371.7545666916
2025-04-23T15:00:00.000+0000,1000000,1000000,1055454.484280339
2025-04-23T15:10:00.000+0000,1000000,1000000,1047990.6183293961
2025-04-23T15:20:00.000+0000,1000000,1000000,1043779.4343937933
2025-04-23T15:30:00.000+0000,1000000,1000000,1047328.4037235249
2025-04-23T15:40:00.000+0000,1000000,1000000,1053672.2854197957
2025-04-23T15:50:00.000+0000,1000000,1000000,1054931.802052075
2025-04-23T16:00:00.000+0000,1000000,1000000,1058183.1224694995
2025-04-23T16:10:00.000+0000,1000000,1000000,1057004.998792592
2025-04-23T16:20:00.000+0000,1000000,1000000,1053591.8864988307
2025-04-23T16:30:00.000+0000,1000000,1000000,1059020.144556526
2025-04-23T16:40:00.000+0000,1000000,1000000,1061616.0972419237
2025-04-23T16:50:00.000+0000,1000000,1000000,1061428.471088469
2025-04-23T17:00:00.000+0000,1000000,1000000,1062332.023049334
2025-04-23T17:10:00.000+0000,1000000,1000000,1064630.5796123669
2025-04-23T17:20:00.000+0000,1000000,1000000,1062185.4818771128
2025-04-23T17:30:00.000+0000,1000000,1000000,1061169.1666746626
2025-04-23T17:40:00.000+0000,1000000,1000000,1060923.832059153
2025-04-23T17:50:00.000+0000,1000000,1000000,1061005.247532834
2025-04-23T18:00:00.000+0000,1000000,1000000,1064030.1717574534
2025-04-23T18:10:00.000+0000,1000000,1000000,1067313.3457284481
2025-04-23T18:20:00.000+0000,1000000,1000000,1065466.9783050779
2025-04-23T18:30:00.000+0000,1000000,1000000,1063732.224848521
2025-04-23T18:40:00.000+0000,1000000,1000000,1061298.0505893563
2025-04-23T18:50:00.000+0000,1000000,1000000,1061060.0530726688
2025-04-23T19:00:00.000+0000,1000000,1000000,1057990.7351498846
2025-04-23T19:10:00.000+0000,1000000,1000000,1054119.2402851572
2025-04-23T19:20:00.000+0000,1000000,1000000,1050530.095649767
2025-04-23T19:30:00.000+0000,1000000,1000000,1051700.3033157217
2025-04-23T19:40:00.000+0000,1000000,1000000,1055476.3986802925
2025-04-23T19:50:00.000+0000,1000000,1000000,1053881.5171914937
2025-04-23T20:00:00.000+0000,1000000,1000000,1056989.2567724886
2025-04-23T20:10:00.000+0000,1000000,1000000,1057881.7019270535
2025-04-23T20:20:00.000+0000,1000000,1000000,1061023.2706191328
2025-04-23T20:30:00.000+0000,1000000,1000000,1062016.2955955353
2025-04-23T20:40:00.000+0000,1000000,1000000,1060597.7061959293
2025-04-23T20:50:00.000+0000,1000000,1000000,1060552.0694115846
2025-04-23T21:00:00.000+0000,1000000,1000000,1061680.8760976153
2025-04-23T21:10:00.000+0000,1000000,1000000,1062219.8036009767
2025-04-23T21:20:00.000+0000,1000000,1000000,1061456.3846879425
2025-04-23T21:30:00.000+0000,1000000,1000000,1061157.2729435507
2025-04-23T21:40:00.000+0000,1000000,1000000,1058766.1702675768
2025-04-23T21:50:00.000+0000,1000000,1000000,1058324.1195839937
2025-04-23T22:00:00.000+0000,1000000,1000000,1058546.663543857
2025-04-23T22:10:00.000+0000,1000000,1000000,1058314.9588949936
2025-04-23T22:20:00.000+0000,1000000,1000000,1060054.817346889
2025-04-23T22:30:00.000+0000,1000000,1000000,1061483.8105395332
2025-04-23T22:40:00.000+0000,1000000,1000000,1063055.0785151783
2025-04-23T22:50:00.000+0000,1000000,1000000,1063717.584732346
2025-04-23T23:00:00.000+0000,1000000,1000000,1063978.8947518908
2025-04-23T23:10:00.000+0000,1000000,1000000,1063893.2276537437
2025-04-23T23:20:00.000+0000,1000000,1000000,1063564.5724684855
2025-04-23T23:30:00.000+0000,1000000,1000000,1062712.6963502727
2025-04-23T23:40:00.000+0000,1000000,1000000,1060470.3374026376
2025-04-23T23:50:00.000+0000,1000000,1000000,1060015.0826419105
2025-04-24T00:00:00.000+0000,1000000,1000000,1060746.7142416523
2025-04-24T00:10:00.000+0000,1000000,1000000,1059562.4459260877
2025-04-24T00:20:00.000+0000,1000000,1000000,1056736.1332251106
2025-04-24T00:30:00.000+0000,1000000,1000000,1056107.883600397
2025-04-24T00:40:00.000+0000,1000000,1000000,1057822.1519084736
2025-04-24T00:50:00.000+0000,1000000,1000000,1057387.5825017758
2025-04-24T01:00:00.000+0000,1000000,1000000,1057393.1720969798
2025-04-24T01:10:00.000+0000,1000000,1000000,1053306.8273554172
2025-04-24T01:20:00.000+0000,1000000,1000000,1053077.1124922466
2025-04-24T01:30:00.000+0000,1000000,1000000,1055929.9584682179
2025-04-24T01:40:00.000+0000,1000000,1000000,1055823.8456330965
2025-04-24T01:50:00.000+0000,1000000,1000000,1057271.516150513
2025-04-24T02:00:00.000+0000,1000000,1000000,1057455.8410812337
2025-04-24T02:10:00.000+0000,1000000,1000000,1058716.5504151776
2025-04-24T02:20:00.000+0000,1000000,1000000,1059009.9640239223
2025-04-24T02:30:00.000+0000,1000000,1000000,1057456.9932982412
2025-04-24T02:40:00.000+0000,1000000,1000000,1051375.7705474026
2025-04-24T02:50:00.000+0000,1000000,1000000,1051034.0924867685
2025-04-24T03:00:00.000+0000,1000000,1000000,1050421.027325892
2025-04-24T03:10:00.000+0000,1000000,1000000,1052385.814067829
2025-04-24T03:20:00.000+0000,1000000,1000000,1053622.369332703
2025-04-24T03:30:00.000+0000,1000000,1000000,1049727.0267392383
2025-04-24T03:40:00.000+0000,1000000,1000000,1047567.0082243299
2025-04-24T03:50:00.000+0000,1000000,1000000,1044450.0618445652
2025-04-24T04:00:00.000+0000,1000000,1000000,1043820.9907484297
2025-04-24T04:10:00.000+0000,1000000,1000000,1042041.1226140979
2025-04-24T04:20:00.000+0000,1000000,1000000,1045280.4246984215
2025-04-24T04:30:00.000+0000,1000000,1000000,1043417.2376040672
2025-04-24T04:40:00.000+0000,1000000,1000000,1043555.7330390915
2025-04-24T04:50:00.000+0000,1000000,1000000,1045582.5779537014
2025-04-24T05:00:00.000+0000,1000000,1000000,1048315.1946946725
2025-04-24T05:10:00.000+0000,1000000,1000000,1047432.8654600184
2025-04-24T05:20:00.000+0000,1000000,1000000,1044183.103832388
2025-04-24T05:30:00.000+0000,1000000,1000000,1045664.1837330742
2025-04-24T05:40:00.000+0000,1000000,1000000,1046743.0880771913
2025-04-24T05:50:00.000+0000,1000000,1000000,1045472.5043094766
2025-04-24T06:00:00.000+0000,1000000,1000000,1046054.338291524
2025-04-24T06:10:00.000+0000,1000000,1000000,1043372.2883258734
2025-04-24T06:20:00.000+0000,1000000,1000000,1044625.3654887466
2025-04-24T06:30:00.000+0000,1000000,1000000,1046891.2055046966
2025-04-24T06:40:00.000+0000,1000000,1000000,1046042.9827821035
2025-04-24T06:50:00.000+0000,1000000,1000000,1043810.2736752958
2025-04-24T07:00:00.000+0000,1000000,1000000,1043773.4475533674
2025-04-24T07:10:00.000+0000,1000000,1000000,1046146.0830456929
2025-04-24T07:20:00.000+0000,1000000,1000000,1041677.9026091096
2025-04-24T07:30:00.000+0000,1000000,1000000,1040647.5018152208
2025-04-24T07:40:00.000+0000,1000000,1000000,1038891.4982849646
2025-04-24T07:50:00.000+0000,1000000,1000000,1038239.887659822
2025-04-24T08:00:00.000+0000,1000000,1000000,1037832.5441049476
2025-04-24T08:10:00.000+0000,1000000,1000000,1035994.8101754703
2025-04-24T08:20:00.000+0000,1000000,1000000,1032833.5647048815
2025-04-24T08:30:00.000+0000,1000000,1000000,1029960.5575920345
2025-04-24T08:40:00.000+0000,1000000,1000000,1028643.2006430137
2025-04-24T08:50:00.000+0000,1000000,1000000,1030078.5858627849
2025-04-24T09:00:00.000+0000,1000000,1000000,1032950.9641619856
2025-04-24T09:10:00.000+0000,1000000,1000000,1035089.8009540566
2025-04-24T09:20:00.000+0000,1000000,1000000,1036689.7959876831
2025-04-24T09:30:00.000+0000,1000000,1000000,1035530.1145883128
2025-04-24T09:40:00.000+0000,1000000,1000000,1035580.2321598874
2025-04-24T09:50:00.000+0000,1000000,1000000,1034778.6076142382
2025-04-24T10:00:00.000+0000,1000000,1000000,1036405.7733038532
2025-04-24T10:10:00.000+0000,1000000,1000000,1036515.8260573535
2025-04-24T10:20:00.000+0000,1000000,1000000,1038477.888083027
2025-04-24T10:30:00.000+0000,1000000,1000000,1036984.813422841
2025-04-24T10:40:00.000+0000,1000000,1000000,1038248.1557900843
2025-04-24T10:50:00.000+0000,1000000,1000000,1037889.1367478303
2025-04-24T11:00:00.000+0000,1000000,1000000,1036924.1293951005
2025-04-24T11:10:00.000+0000,1000000,1000000,1036137.7418619634
2025-04-24T11:20:00.000+0000,1000000,1000000,1036394.8040130702
2025-04-24T11:30:00.000+0000,1000000,1000000,1036258.4629316684
2025-04-24T11:40:00.000+0000,1000000,1000000,1036397.5348731632
2025-04-24T11:50:00.000+0000,1000000,1000000,1039949.9118197709
2025-04-24T12:00:00.000+0000,1000000,1000000,1039169.6831534693
2025-04-24T12:10:00.000+0000,1000000,1000000,1039000.7721265667
2025-04-24T12:20:00.000+0000,1000000,1000000,1042200.0340150889
2025-04-24T12:30:00.000+0000,1000000,1000000,1042179.0755526859
2025-04-24T12:40:00.000+0000,1000000,1000000,1042692.0537817213
2025-04-24T12:50:00.000+0000,1000000,1000000,1043143.5063989449
2025-04-24T13:00:00.000+0000,1000000,1000000,1043711.9591353252
2025-04-24T13:10:00.000+0000,1000000,1000000,1044166.4982821969
2025-04-24T13:20:00.000+0000,1000000,1000000,1045038.2007405958
2025-04-24T13:30:00.000+0000,1000000,1000000,1046994.2671348545
2025-04-24T13:40:00.000+0000,1000000,1000000,1042811.9991946983
2025-04-24T13:50:00.000+0000,1000000,1000000,1041536.300236712
2025-04-24T14:00:00.000+0000,1000000,1000000,1046218.838974784
2025-04-24T14:10:00.000+0000,1000000,1000000,1048751.8244020853
2025-04-24T14:20:00.000+0000,1000000,1000000,1044833.9521973296
2025-04-24T14:30:00.000+0000,1000000,1000000,1047453.5668755935
2025-04-24T14:40:00.000+0000,1000000,1000000,1049773.9422473817
2025-04-24T14:50:00.000+0000,1000000,1000000,1050564.812973409
2025-04-24T15:00:00.000+0000,1000000,1000000,1049921.8661318836
2025-04-24T15:10:00.000+0000,1000000,1000000,1054733.1322832098
2025-04-24T15:20:00.000+0000,1000000,1000000,1052454.4746859702
2025-04-24T15:30:00.000+0000,1000000,1000000,1051046.2887843265
2025-04-24T15:40:00.000+0000,1000000,1000000,1052172.5187060435
2025-04-24T15:50:00.000+0000,1000000,1000000,1050452.550098159
2025-04-24T16:00:00.000+0000,1000000,1000000,1050629.0437075514
2025-04-24T16:10:00.000+0000,1000000,1000000,1052043.8666012734
2025-04-24T16:20:00.000+0000,1000000,1000000,1053811.5869534772
2025-04-24T16:30:00.000+0000,1000000,1000000,1056656.8050688398
2025-04-24T16:40:00.000+0000,1000000,1000000,1057503.2835072668
2025-04-24T16:50:00.000+0000,1000000,1000000,1056568.627965374
2025-04-24T17:00:00.000+0000,1000000,1000000,1054306.8632191594
2025-04-24T17:10:00.000+0000,1000000,1000000,1048771.1575571988
2025-04-24T17:20:00.000+0000,1000000,1000000,1046351.8214913153
2025-04-24T17:30:00.000+0000,1000000,1000000,1049478.7696254347
2025-04-24T17:40:00.000+0000,1000000,1000000,1045484.7207018253
2025-04-24T17:50:00.000+0000,1000000,1000000,1045037.6990060338
2025-04-24T18:00:00.000+0000,1000000,1000000,1052344.135704787
2025-04-24T18:10:00.000+0000,1000000,1000000,1053543.9891903629
2025-04-24T18:20:00.000+0000,1000000,1000000,1053325.8319291056
2025-04-24T18:30:00.000+0000,1000000,1000000,1055464.7695080645
2025-04-24T18:40:00.000+0000,1000000,1000000,1056291.2179219455
2025-04-24T18:50:00.000+0000,1000000,1000000,1056797.1222606744
2025-04-24T19:00:00.000+0000,1000000,1000000,1055158.532952276
2025-04-24T19:10:00.000+0000,1000000,1000000,1053760.3137039428
2025-04-24T19:20:00.000+0000,1000000,1000000,1054965.76187326
2025-04-24T19:30:00.000+0000,1000000,1000000,1056721.8787552803
2025-04-24T19:40:00.000+0000,1000000,1000000,1055990.7893568985
2025-04-24T19:50:00.000+0000,1000000,1000000,1056879.737912359
2025-04-24T20:00:00.000+0000,1000000,1000000,1056268.5617860043
2025-04-24T20:10:00.000+0000,1000000,1000000,1057056.6753954603
2025-04-24T20:20:00.000+0000,1000000,1000000,1056538.7157177837
2025-04-24T20:30:00.000+0000,1000000,1000000,1056105.851720321
2025-04-24T20:40:00.000+0000,1000000,1000000,1056006.3533768272
2025-04-24T20:50:00.000+0000,1000000,1000000,1056142.547302213
2025-04-24T21:00:00.000+0000,1000000,1000000,1055755.755619096
2025-04-24T21:10:00.000+0000,1000000,1000000,1055531.8023953976
2025-04-24T21:20:00.000+0000,1000000,1000000,1049410.2842710144
2025-04-24T21:30:00.000+0000,1000000,1000000,1050718.0023879337
2025-04-24T21:40:00.000+0000,1000000,1000000,1052207.3992651058
2025-04-24T21:50:00.000+0000,1000000,1000000,1053404.487308262
2025-04-24T22:00:00.000+0000,1000000,1000000,1052954.901466609
2025-04-24T22:10:00.000+0000,1000000,1000000,1055317.5416434852
2025-04-24T22:20:00.000+0000,1000000,1000000,1055186.6330835547
2025-04-24T22:30:00.000+0000,1000000,1000000,1056355.449988597
2025-04-24T22:40:00.000+0000,1000000,1000000,1053761.3404694512
2025-04-24T22:50:00.000+0000,1000000,1000000,1052928.5831083418
2025-04-24T23:00:00.000+0000,1000000,1000000,1053598.4685008563
2025-04-24T23:10:00.000+0000,1000000,1000000,1056257.84736003
2025-04-24T23:20:00.000+0000,1000000,1000000,1056130.1874920172
2025-04-24T23:30:00.000+0000,1000000,1000000,1060408.9535453704
2025-04-24T23:40:00.000+0000,1000000,1000000,1061226.553217838
2025-04-24T23:50:00.000+0000,1000000,1000000,1060637.240105207
2025-04-25T00:00:00.000+0000,1000000,1000000,1059983.5673281234
2025-04-25T00:10:00.000+0000,1000000,1000000,1058817.6254969544
2025-04-25T00:20:00.000+0000,1000000,1000000,1060451.8262376627
2025-04-25T00:30:00.000+0000,1000000,1000000,1060483.3155186116
2025-04-25T00:40:00.000+0000,1000000,1000000,1061634.5649442887
2025-04-25T00:50:00.000+0000,1000000,1000000,1061179.3777206312
2025-04-25T01:00:00.000+0000,1000000,1000000,1062026.9121589984
2025-04-25T01:10:00.000+0000,1000000,1000000,1063926.734309373
2025-04-25T01:20:00.000+0000,1000000,1000000,1060792.201446462
2025-04-25T01:30:00.000+0000,1000000,1000000,1059916.3527024467
2025-04-25T01:40:00.000+0000,1000000,1000000,1061320.394446917
2025-04-25T01:50:00.000+0000,1000000,1000000,1060157.1778507284
2025-04-25T02:00:00.000+0000,1000000,1000000,1059650.0730389203
2025-04-25T02:10:00.000+0000,1000000,1000000,1057473.4388146054
2025-04-25T02:20:00.000+0000,1000000,1000000,1054837.3295679719
2025-04-25T02:30:00.000+0000,1000000,1000000,1053266.1714652795
2025-04-25T02:40:00.000+0000,1000000,1000000,1053056.5131603512
2025-04-25T02:50:00.000+0000,1000000,1000000,1048396.9307190059
2025-04-25T03:00:00.000+0000,1000000,1000000,1048608.5721113633
2025-04-25T03:10:00.000+0000,1000000,1000000,1051665.74116101
2025-04-25T03:20:00.000+0000,1000000,1000000,1051164.353506489
2025-04-25T03:30:00.000+0000,1000000,1000000,1051966.1412697001
2025-04-25T03:40:00.000+0000,1000000,1000000,1055277.779108019
2025-04-25T03:50:00.000+0000,1000000,1000000,1055391.195255569
2025-04-25T04:00:00.000+0000,1000000,1000000,1054988.0419497793
2025-04-25T04:10:00.000+0000,1000000,1000000,1057241.3886911203
2025-04-25T04:20:00.000+0000,1000000,1000000,1055999.729781276
2025-04-25T04:30:00.000+0000,1000000,1000000,1054125.1297996473
2025-04-25T04:40:00.000+0000,1000000,1000000,1055536.4199200699
2025-04-25T04:50:00.000+0000,1000000,1000000,1053625.5172555917
2025-04-25T05:00:00.000+0000,1000000,1000000,1053636.750568683
2025-04-25T05:10:00.000+0000,1000000,1000000,1056033.7759911062
2025-04-25T05:20:00.000+0000,1000000,1000000,1056782.6351849867
2025-04-25T05:30:00.000+0000,1000000,1000000,1056011.0008782889
2025-04-25T05:40:00.000+0000,1000000,1000000,1055447.623920674
2025-04-25T05:50:00.000+0000,1000000,1000000,1056753.13328407
2025-04-25T06:00:00.000+0000,1000000,1000000,1057194.027475901
2025-04-25T06:10:00.000+0000,1000000,1000000,1058637.5533174274
2025-04-25T06:20:00.000+0000,1000000,1000000,1057833.277772131
2025-04-25T06:30:00.000+0000,1000000,1000000,1062053.3300073622
2025-04-25T06:40:00.000+0000,1000000,1000000,1061874.3204724623
2025-04-25T06:50:00.000+0000,1000000,1000000,1063812.8478258536
2025-04-25T07:00:00.000+0000,1000000,1000000,1065278.8000682641
2025-04-25T07:10:00.000+0000,1000000,1000000,1063964.8726999946
2025-04-25T07:20:00.000+0000,1000000,1000000,1061643.6356314856
2025-04-25T07:30:00.000+0000,1000000,1000000,1063046.9438136118
2025-04-25T07:40:00.000+0000,1000000,1000000,1063852.7025808597
2025-04-25T07:50:00.000+0000,1000000,1000000,1064635.7224273435
2025-04-25T08:00:00.000+0000,1000000,1000000,1067230.0442339156
2025-04-25T08:10:00.000+0000,1000000,1000000,1066581.204676306
2025-04-25T08:20:00.000+0000,1000000,1000000,1067530.0015777657
2025-04-25T08:30:00.000+0000,1000000,1000000,1066688.070909204
2025-04-25T08:40:00.000+0000,1000000,1000000,1066913.4481257743
2025-04-25T08:50:00.000+0000,1000000,1000000,1066591.8995262065
2025-04-25T09:00:00.000+0000,1000000,1000000,1063586.3009625035
2025-04-25T09:10:00.000+0000,1000000,1000000,1062564.3811585961
2025-04-25T09:20:00.000+0000,1000000,1000000,1064185.5228140156
2025-04-25T09:30:00.000+0000,1000000,1000000,1065279.1061492385
2025-04-25T09:40:00.000+0000,1000000,1000000,1064733.6568567886
2025-04-25T09:50:00.000+0000,1000000,1000000,1066573.7132044875
2025-04-25T10:00:00.000+0000,1000000,1000000,1066816.1279867215
2025-04-25T10:10:00.000+0000,1000000,1000000,1067055.211274356
2025-04-25T10:20:00.000+0000,1000000,1000000,1067050.3986862483
2025-04-25T10:30:00.000+0000,1000000,1000000,1063109.0877490607
2025-04-25T10:40:00.000+0000,1000000,1000000,1062563.7990091539
2025-04-25T10:50:00.000+0000,1000000,1000000,1062340.9688037485
2025-04-25T11:00:00.000+0000,1000000,1000000,1063802.3936304422
2025-04-25T11:10:00.000+0000,1000000,1000000,1066243.8843392045
2025-04-25T11:20:00.000+0000,1000000,1000000,1067767.9315216653
2025-04-25T11:30:00.000+0000,1000000,1000000,1067785.396845916
2025-04-25T11:40:00.000+0000,1000000,1000000,1069359.2488207137
2025-04-25T11:50:00.000+0000,1000000,1000000,1070474.438140691
2025-04-25T12:00:00.000+0000,1000000,1000000,1072221.3533124786
2025-04-25T12:10:00.000+0000,1000000,1000000,1073643.9289995919
2025-04-25T12:20:00.000+0000,1000000,1000000,1071889.0819968055
2025-04-25T12:30:00.000+0000,1000000,1000000,1071117.022873756
2025-04-25T12:40:00.000+0000,1000000,1000000,1071723.2958021888
2025-04-25T12:50:00.000+0000,1000000,1000000,1067144.2266710056
2025-04-25T13:00:00.000+0000,1000000,1000000,1066134.3833739872
2025-04-25T13:10:00.000+0000,1000000,1000000,1065276.2111684976
2025-04-25T13:20:00.000+0000,1000000,1000000,1063739.4249148252
2025-04-25T13:30:00.000+0000,1000000,1000000,1061240.005980244
2025-04-25T13:40:00.000+0000,1000000,1000000,1066284.6961227707
2025-04-25T13:50:00.000+0000,1000000,1000000,1064493.249737301
2025-04-25T14:00:00.000+0000,1000000,1000000,1067278.2590079303
2025-04-25T14:10:00.000+0000,1000000,1000000,1073564.3397811067
2025-04-25T14:20:00.000+0000,1000000,1000000,1069282.1492355396
2025-04-25T14:30:00.000+0000,1000000,1000000,1068997.9938832303
2025-04-25T14:40:00.000+0000,1000000,1000000,1073257.9560871609
2025-04-25T14:50:00.000+0000,1000000,1000000,1078646.0755499685
2025-04-25T15:00:00.000+0000,1000000,1000000,1077636.3381105163
2025-04-25T15:10:00.000+0000,1000000,1000000,1076105.4684237465
2025-04-25T15:20:00.000+0000,1000000,1000000,1077597.254978993
2025-04-25T15:30:00.000+0000,1000000,1000000,1072689.8233648578
2025-04-25T15:40:00.000+0000,1000000,1000000,1072909.4823331311
2025-04-25T15:50:00.000+0000,1000000,1000000,1073138.6555136582
2025-04-25T16:00:00.000+0000,1000000,1000000,1071006.548729139
2025-04-25T16:10:00.000+0000,1000000,1000000,1066872.4476912953
2025-04-25T16:20:00.000+0000,1000000,1000000,1066784.146209481
2025-04-25T16:30:00.000+0000,1000000,1000000,1069053.941391563
2025-04-25T16:40:00.000+0000,1000000,1000000,1071935.647371212
2025-04-25T16:50:00.000+0000,1000000,1000000,1071021.3289901318
2025-04-25T17:00:00.000+0000,1000000,1000000,1072687.2245830926
2025-04-25T17:10:00.000+0000,1000000,1000000,1074033.968194323
2025-04-25T17:20:00.000+0000,1000000,1000000,1074319.1438910943
2025-04-25T17:30:00.000+0000,1000000,1000000,1067271.6621339982
2025-04-25T17:40:00.000+0000,1000000,1000000,1061783.8009724722
2025-04-25T17:50:00.000+0000,1000000,1000000,1062178.7316676178
2025-04-25T18:00:00.000+0000,1000000,1000000,1063622.9800806213
2025-04-25T18:10:00.000+0000,1000000,1000000,1064635.4612401181
2025-04-25T18:20:00.000+0000,1000000,1000000,1066460.5716321669
2025-04-25T18:30:00.000+0000,1000000,1000000,1067419.0853749479
2025-04-25T18:40:00.000+0000,1000000,1000000,1069454.371072099
2025-04-25T18:50:00.000+0000,1000000,1000000,1067067.8705480332
2025-04-25T19:00:00.000+0000,1000000,1000000,1067580.4647047329
2025-04-25T19:10:00.000+0000,1000000,1000000,1066426.5672037858
2025-04-25T19:20:00.000+0000,1000000,1000000,1066350.0624222234
2025-04-25T19:30:00.000+0000,1000000,1000000,1065972.5485537571
2025-04-25T19:40:00.000+0000,1000000,1000000,1066562.239577036
2025-04-25T19:50:00.000+0000,1000000,1000000,1067450.1141662085
2025-04-25T20:00:00.000+0000,1000000,1000000,1068325.6040212156
2025-04-25T20:10:00.000+0000,1000000,1000000,1067383.436912713
2025-04-25T20:20:00.000+0000,1000000,1000000,1066953.3051257115
2025-04-25T20:30:00.000+0000,1000000,1000000,1067756.8623921338
2025-04-25T20:40:00.000+0000,1000000,1000000,1067194.648660252
2025-04-25T20:50:00.000+0000,1000000,1000000,1068954.3902757533
2025-04-25T21:00:00.000+0000,1000000,1000000,1068143.2930577998
2025-04-25T21:10:00.000+0000,1000000,1000000,1068449.6073277323
2025-04-25T21:20:00.000+0000,1000000,1000000,1065722.1081826931
2025-04-25T21:30:00.000+0000,1000000,1000000,1065847.5649222955
2025-04-25T21:40:00.000+0000,1000000,1000000,1062467.16299607
2025-04-25T21:50:00.000+0000,1000000,1000000,1061292.9698564005
2025-04-25T22:00:00.000+0000,1000000,1000000,1063604.8741559237
2025-04-25T22:10:00.000+0000,1000000,1000000,1063891.4853730092
2025-04-25T22:20:00.000+0000,1000000,1000000,1064634.7622243837
2025-04-25T22:30:00.000+0000,1000000,1000000,1065625.9643708249
2025-04-25T22:40:00.000+0000,1000000,1000000,1067171.176678002
2025-04-25T22:50:00.000+0000,1000000,1000000,1066183.8313521824
2025-04-25T23:00:00.000+0000,1000000,1000000,1065307.8555648003
2025-04-25T23:10:00.000+0000,1000000,1000000,1065418.8884731813
2025-04-25T23:20:00.000+0000,1000000,1000000,1063577.4791663503
2025-04-25T23:30:00.000+0000,1000000,1000000,1062648.2716708987
2025-04-25T23:40:00.000+0000,1000000,1000000,1063220.1344476736
2025-04-25T23:50:00.000+0000,1000000,1000000,1062697.9081392775
2025-04-26T00:00:00.000+0000,1000000,1000000,1063647.1933787717
2025-04-26T00:10:00.000+0000,1000000,1000000,1065118.2696560188
2025-04-26T00:20:00.000+0000,1000000,1000000,1065703.5211726583
2025-04-26T00:30:00.000+0000,1000000,1000000,1064419.6558730137
2025-04-26T00:40:00.000+0000,1000000,1000000,1065311.1182076796
2025-04-26T00:50:00.000+0000,1000000,1000000,1067778.6578866462
2025-04-26T01:00:00.000+0000,1000000,1000000,1065710.104301411
2025-04-26T01:10:00.000+0000,1000000,1000000,1067772.6504505717
2025-04-26T01:20:00.000+0000,1000000,1000000,1070501.634704506
2025-04-26T01:30:00.000+0000,1000000,1000000,1071691.4290935912
2025-04-26T01:40:00.000+0000,1000000,1000000,1072347.5733139971
2025-04-26T01:50:00.000+0000,1000000,1000000,1071991.3934129216
2025-04-26T02:00:00.000+0000,1000000,1000000,1070693.4591556771
2025-04-26T02:10:00.000+0000,1000000,1000000,1069264.4654443162
2025-04-26T02:20:00.000+0000,1000000,1000000,1069913.4328412262
2025-04-26T02:30:00.000+0000,1000000,1000000,1069673.5307471883
2025-04-26T02:40:00.000+0000,1000000,1000000,1071369.2222401632
2025-04-26T02:50:00.000+0000,1000000,1000000,1070633.689060398
2025-04-26T03:00:00.000+0000,1000000,1000000,1069764.6670775772
2025-04-26T03:10:00.000+0000,1000000,1000000,1069224.6069154232
2025-04-26T03:20:00.000+0000,1000000,1000000,1066145.5423803101
2025-04-26T03:30:00.000+0000,1000000,1000000,1066630.1639678145
2025-04-26T03:40:00.000+0000,1000000,1000000,1066749.3610715521
2025-04-26T03:50:00.000+0000,1000000,1000000,1065940.5768728205
2025-04-26T04:00:00.000+0000,1000000,1000000,1066504.7887162433
2025-04-26T04:10:00.000+0000,1000000,1000000,1067072.3870086006
2025-04-26T04:20:00.000+0000,1000000,1000000,1065084.98437388
2025-04-26T04:30:00.000+0000,1000000,1000000,1063373.6074605808
2025-04-26T04:40:00.000+0000,1000000,1000000,1064155.3941386016
2025-04-26T04:50:00.000+0000,1000000,1000000,1063098.4603112184
2025-04-26T05:00:00.000+0000,1000000,1000000,1062090.6191232686
2025-04-26T05:10:00.000+0000,1000000,1000000,1061487.1461838656
2025-04-26T05:20:00.000+0000,1000000,1000000,1061647.5287785078
2025-04-26T05:30:00.000+0000,1000000,1000000,1063979.597121425
2025-04-26T05:40:00.000+0000,1000000,1000000,1064242.2890573167
2025-04-26T05:50:00.000+0000,1000000,1000000,1065250.678608315
2025-04-26T06:00:00.000+0000,1000000,1000000,1065026.6956493268
2025-04-26T06:10:00.000+0000,1000000,1000000,1065733.7813183893
2025-04-26T06:20:00.000+0000,1000000,1000000,1066010.3173595797
2025-04-26T06:30:00.000+0000,1000000,1000000,1066690.6349479125
2025-04-26T06:40:00.000+0000,1000000,1000000,1067784.9917935617
2025-04-26T06:50:00.000+0000,1000000,1000000,1068416.1298886759
2025-04-26T07:00:00.000+0000,1000000,1000000,1068671.4992132825
2025-04-26T07:10:00.000+0000,1000000,1000000,1069602.3652301244
2025-04-26T07:20:00.000+0000,1000000,1000000,1069944.608287645
2025-04-26T07:30:00.000+0000,1000000,1000000,1069269.4042798572
2025-04-26T07:40:00.000+0000,1000000,1000000,1068084.5050222033
2025-04-26T07:50:00.000+0000,1000000,1000000,1067001.8210528921
2025-04-26T08:00:00.000+0000,1000000,1000000,1066704.7985485713
2025-04-26T08:10:00.000+0000,1000000,1000000,1065139.580604242
2025-04-26T08:20:00.000+0000,1000000,1000000,1067798.0465862467
2025-04-26T08:30:00.000+0000,1000000,1000000,1070914.8160925645
2025-04-26T08:40:00.000+0000,1000000,1000000,1065943.008680996
2025-04-26T08:50:00.000+0000,1000000,1000000,1064707.0819346923
2025-04-26T09:00:00.000+0000,1000000,1000000,1063398.8551077305
2025-04-26T09:10:00.000+0000,1000000,1000000,1064670.0542568467
2025-04-26T09:20:00.000+0000,1000000,1000000,1063337.0552965356
2025-04-26T09:30:00.000+0000,1000000,1000000,1059253.6105349576
2025-04-26T09:40:00.000+0000,1000000,1000000,1059183.8092272512
2025-04-26T09:50:00.000+0000,1000000,1000000,1059937.950584993
2025-04-26T10:00:00.000+0000,1000000,1000000,1060339.5737631277
2025-04-26T10:10:00.000+0000,1000000,1000000,1060837.1166431862
2025-04-26T10:20:00.000+0000,1000000,1000000,1061541.2382740057
2025-04-26T10:30:00.000+0000,1000000,1000000,1061789.8513167226
2025-04-26T10:40:00.000+0000,1000000,1000000,1062175.8957458923
2025-04-26T10:50:00.000+0000,1000000,1000000,1060585.3873176724
2025-04-26T11:00:00.000+0000,1000000,1000000,1059227.9134604216
2025-04-26T11:10:00.000+0000,1000000,1000000,1058602.1012154198
2025-04-26T11:20:00.000+0000,1000000,1000000,1056652.2786369799
2025-04-26T11:30:00.000+0000,1000000,1000000,1056104.4906054046
2025-04-26T11:40:00.000+0000,1000000,1000000,1054081.8423609254
2025-04-26T11:50:00.000+0000,1000000,1000000,1053264.4353819508
2025-04-26T12:00:00.000+0000,1000000,1000000,1055335.426883473
2025-04-26T12:10:00.000+0000,1000000,1000000,1056893.6765357042
2025-04-26T12:20:00.000+0000,1000000,1000000,1056525.2949713161
2025-04-26T12:30:00.000+0000,1000000,1000000,1057041.416294061
2025-04-26T12:40:00.000+0000,1000000,1000000,1056229.763201003
2025-04-26T12:50:00.000+0000,1000000,1000000,1055609.4877431716
2025-04-26T13:00:00.000+0000,1000000,1000000,1056093.680221721
2025-04-26T13:10:00.000+0000,1000000,1000000,1056019.1118812424
2025-04-26T13:20:00.000+0000,1000000,1000000,1054553.859173283
2025-04-26T13:30:00.000+0000,1000000,1000000,1053603.3659665124
2025-04-26T13:40:00.000+0000,1000000,1000000,1051679.7593675843
2025-04-26T13:50:00.000+0000,1000000,1000000,1054358.910167043
2025-04-26T14:00:00.000+0000,1000000,1000000,1054215.1143424516
2025-04-26T14:10:00.000+0000,1000000,1000000,1054192.5976089712
2025-04-26T14:20:00.000+0000,1000000,1000000,1054033.7684740862
2025-04-26T14:30:00.000+0000,1000000,1000000,1056590.5088561508
2025-04-26T14:40:00.000+0000,1000000,1000000,1057034.5520083038
2025-04-26T14:50:00.000+0000,1000000,1000000,1056904.5335478743
2025-04-26T15:00:00.000+0000,1000000,1000000,1057469.140177283
2025-04-26T15:10:00.000+0000,1000000,1000000,1058335.4058394656
2025-04-26T15:20:00.000+0000,1000000,1000000,1058380.9303273384
2025-04-26T15:30:00.000+0000,1000000,1000000,1059729.8280328326
2025-04-26T15:40:00.000+0000,1000000,1000000,1059665.2978981205
2025-04-26T15:50:00.000+0000,1000000,1000000,1061081.1987735166
2025-04-26T16:00:00.000+0000,1000000,1000000,1058964.9505445994
2025-04-26T16:10:00.000+0000,1000000,1000000,1059270.2994065469
2025-04-26T16:20:00.000+0000,1000000,1000000,1060450.1885355618
2025-04-26T16:30:00.000+0000,1000000,1000000,1059474.5101837504
2025-04-26T16:40:00.000+0000,1000000,1000000,1057638.5923681124
2025-04-26T16:50:00.000+0000,1000000,1000000,1059339.0886777812
2025-04-26T17:00:00.000+0000,1000000,1000000,1059979.3756750943
2025-04-26T17:10:00.000+0000,1000000,1000000,1059515.314803913
2025-04-26T17:20:00.000+0000,1000000,1000000,1059889.618300958
2025-04-26T17:30:00.000+0000,1000000,1000000,1060949.504657001
2025-04-26T17:40:00.000+0000,1000000,1000000,1060939.6077049207
2025-04-26T17:50:00.000+0000,1000000,1000000,1060483.6276719803
2025-04-26T18:00:00.000+0000,1000000,1000000,1059736.4819359663
2025-04-26T18:10:00.000+0000,1000000,1000000,1059408.757317008
2025-04-26T18:20:00.000+0000,1000000,1000000,1059883.171856071
2025-04-26T18:30:00.000+0000,1000000,1000000,1060859.4875710183
2025-04-26T18:40:00.000+0000,1000000,1000000,1060379.4982015053
2025-04-26T18:50:00.000+0000,1000000,1000000,1058680.57248629
2025-04-26T19:00:00.000+0000,1000000,1000000,1058102.8285208736
2025-04-26T19:10:00.000+0000,1000000,1000000,1057771.2537795568
2025-04-26T19:20:00.000+0000,1000000,1000000,1058925.9454222962
2025-04-26T19:30:00.000+0000,1000000,1000000,1059395.3819915294
2025-04-26T19:40:00.000+0000,1000000,1000000,1060380.7640653525
2025-04-26T19:50:00.000+0000,1000000,1000000,1061301.273472077
2025-04-26T20:00:00.000+0000,1000000,1000000,1062888.7042152137
2025-04-26T20:10:00.000+0000,1000000,1000000,1061493.7666135407
2025-04-26T20:20:00.000+0000,1000000,1000000,1060658.154291207
2025-04-26T20:30:00.000+0000,1000000,1000000,1060609.8155861257
2025-04-26T20:40:00.000+0000,1000000,1000000,1060751.5396004182
2025-04-26T20:50:00.000+0000,1000000,1000000,1058569.8580001188
2025-04-26T21:00:00.000+0000,1000000,1000000,1059105.063774857
2025-04-26T21:10:00.000+0000,1000000,1000000,1060566.9640796338
2025-04-26T21:20:00.000+0000,1000000,1000000,1060491.799120035
2025-04-26T21:30:00.000+0000,1000000,1000000,1061037.415368216
2025-04-26T21:40:00.000+0000,1000000,1000000,1061419.789785786
2025-04-26T21:50:00.000+0000,1000000,1000000,1060731.3356089427
2025-04-26T22:00:00.000+0000,1000000,1000000,1061599.712457213
2025-04-26T22:10:00.000+0000,1000000,1000000,1064352.9759545
2025-04-26T22:20:00.000+0000,1000000,1000000,1065454.9470048724
2025-04-26T22:30:00.000+0000,1000000,1000000,1065506.320245361
2025-04-26T22:40:00.000+0000,1000000,1000000,1066268.3264157486
2025-04-26T22:50:00.000+0000,1000000,1000000,1063957.151403825
2025-04-26T23:00:00.000+0000,1000000,1000000,1064490.9926741298
2025-04-26T23:10:00.000+0000,1000000,1000000,1063278.9484982493
2025-04-26T23:20:00.000+0000,1000000,1000000,1064473.9449135326
2025-04-26T23:30:00.000+0000,1000000,1000000,1063711.5324297168
2025-04-26T23:40:00.000+0000,1000000,1000000,1063870.2865154757
2025-04-26T23:50:00.000+0000,1000000,1000000,1064705.1652754648
2025-04-27T00:00:00.000+0000,1000000,1000000,1064753.7730735333
2025-04-27T00:10:00.000+0000,1000000,1000000,1068736.4898019654
2025-04-27T00:20:00.000+0000,1000000,1000000,1070854.3517928708
2025-04-27T00:30:00.000+0000,1000000,1000000,1071595.188045081
2025-04-27T00:40:00.000+0000,1000000,1000000,1071291.6536872466
2025-04-27T00:50:00.000+0000,1000000,1000000,1071491.9966351027
2025-04-27T01:00:00.000+0000,1000000,1000000,1070746.3252764752
2025-04-27T01:10:00.000+0000,1000000,1000000,1071513.5198171756
2025-04-27T01:20:00.000+0000,1000000,1000000,1064006.0017611845
2025-04-27T01:30:00.000+0000,1000000,1000000,1056008.140685657
2025-04-27T01:40:00.000+0000,1000000,1000000,1058101.9295410893
2025-04-27T01:50:00.000+0000,1000000,1000000,1052447.570863695
2025-04-27T02:00:00.000+0000,1000000,1000000,1053701.0149463487
2025-04-27T02:10:00.000+0000,1000000,1000000,1057479.0848310003
2025-04-27T02:20:00.000+0000,1000000,1000000,1059431.0094916043
2025-04-27T02:30:00.000+0000,1000000,1000000,1057533.7209737266
2025-04-27T02:40:00.000+0000,1000000,1000000,1053972.9608460725
2025-04-27T02:50:00.000+0000,1000000,1000000,1054652.5735342002
2025-04-27T03:00:00.000+0000,1000000,1000000,1057261.8267910266
2025-04-27T03:10:00.000+0000,1000000,1000000,1056986.6670410708
2025-04-27T03:20:00.000+0000,1000000,1000000,1054775.1300166012
2025-04-27T03:30:00.000+0000,1000000,1000000,1055174.5725667758
2025-04-27T03:40:00.000+0000,1000000,1000000,1056377.1821314904
2025-04-27T03:50:00.000+0000,1000000,1000000,1055477.2648039637
2025-04-27T04:00:00.000+0000,1000000,1000000,1056663.1769118821
2025-04-27T04:10:00.000+0000,1000000,1000000,1057341.6984811667
2025-04-27T04:20:00.000+0000,1000000,1000000,1057122.4712868668
2025-04-27T04:30:00.000+0000,1000000,1000000,1053688.1558251102
2025-04-27T04:40:00.000+0000,1000000,1000000,1053412.4678068964
2025-04-27T04:50:00.000+0000,1000000,1000000,1052064.949334872
2025-04-27T05:00:00.000+0000,1000000,1000000,1052140.5878856105
2025-04-27T05:10:00.000+0000,1000000,1000000,1052719.4709487248
2025-04-27T05:20:00.000+0000,1000000,1000000,1047564.3935510837
2025-04-27T05:30:00.000+0000,1000000,1000000,1048618.2754311464
2025-04-27T05:40:00.000+0000,1000000,1000000,1050668.7496253797
2025-04-27T05:50:00.000+0000,1000000,1000000,1050387.0118352084
2025-04-27T06:00:00.000+0000,1000000,1000000,1051503.1218216282
2025-04-27T06:10:00.000+0000,1000000,1000000,1052612.946434421
2025-04-27T06:20:00.000+0000,1000000,1000000,1052700.4786984127
2025-04-27T06:30:00.000+0000,1000000,1000000,1053372.0309203072
2025-04-27T06:40:00.000+0000,1000000,1000000,1052211.4216375144
2025-04-27T06:50:00.000+0000,1000000,1000000,1052269.026111087
2025-04-27T07:00:00.000+0000,1000000,1000000,1053341.6059472882
2025-04-27T07:10:00.000+0000,1000000,1000000,1052402.6009362761
2025-04-27T07:20:00.000+0000,1000000,1000000,1054869.6396944735
2025-04-27T07:30:00.000+0000,1000000,1000000,1055088.3249467716
2025-04-27T07:40:00.000+0000,1000000,1000000,1055691.3390419297
2025-04-27T07:50:00.000+0000,1000000,1000000,1055408.299732433
2025-04-27T08:00:00.000+0000,1000000,1000000,1055023.5887041804
2025-04-27T08:10:00.000+0000,1000000,1000000,1055874.4139109903
2025-04-27T08:20:00.000+0000,1000000,1000000,1057774.011709921
2025-04-27T08:30:00.000+0000,1000000,1000000,1058972.704947717
2025-04-27T08:40:00.000+0000,1000000,1000000,1059482.6800042198
2025-04-27T08:50:00.000+0000,1000000,1000000,1059508.467134135
2025-04-27T09:00:00.000+0000,1000000,1000000,1058743.8359612213
2025-04-27T09:10:00.000+0000,1000000,1000000,1058113.9471139743
2025-04-27T09:20:00.000+0000,1000000,1000000,1058419.2407622281
2025-04-27T09:30:00.000+0000,1000000,1000000,1058519.1647180072
2025-04-27T09:40:00.000+0000,1000000,1000000,1059705.5675696204
2025-04-27T09:50:00.000+0000,1000000,1000000,1059474.4691803765
2025-04-27T10:00:00.000+0000,1000000,1000000,1058896.1307421415
2025-04-27T10:10:00.000+0000,1000000,1000000,1058844.1641019855
2025-04-27T10:20:00.000+0000,1000000,1000000,1058010.8082526713
2025-04-27T10:30:00.000+0000,1000000,1000000,1057273.1957684094
2025-04-27T10:40:00.000+0000,1000000,1000000,1058021.2835981655
2025-04-27T10:50:00.000+0000,1000000,1000000,1058874.26397239
2025-04-27T11:00:00.000+0000,1000000,1000000,1057424.8783873809
2025-04-27T11:10:00.000+0000,1000000,1000000,1057212.044570576
2025-04-27T11:20:00.000+0000,1000000,1000000,1057436.0597062316
2025-04-27T11:30:00.000+0000,1000000,1000000,1057888.5015822593
2025-04-27T11:40:00.000+0000,1000000,1000000,1057573.6795114323
2025-04-27T11:50:00.000+0000,1000000,1000000,1056906.1358181373
2025-04-27T12:00:00.000+0000,1000000,1000000,1055623.3026676143
2025-04-27T12:10:00.000+0000,1000000,1000000,1055170.0309943159
2025-04-27T12:20:00.000+0000,1000000,1000000,1054292.4738809713
2025-04-27T12:30:00.000+0000,1000000,1000000,1052807.9590159205
2025-04-27T12:40:00.000+0000,1000000,1000000,1054339.510011435
2025-04-27T12:50:00.000+0000,1000000,1000000,1053520.8543211685
2025-04-27T13:00:00.000+0000,1000000,1000000,1050379.5217494753
2025-04-27T13:10:00.000+0000,1000000,1000000,1053090.5180181551
2025-04-27T13:20:00.000+0000,1000000,1000000,1053005.6029852754
2025-04-27T13:30:00.000+0000,1000000,1000000,1054429.5450459067
2025-04-27T13:40:00.000+0000,1000000,1000000,1056970.378097581
2025-04-27T13:50:00.000+0000,1000000,1000000,1056744.139738724
2025-04-27T14:00:00.000+0000,1000000,1000000,1057435.53785902
2025-04-27T14:10:00.000+0000,1000000,1000000,1056900.279812824
2025-04-27T14:20:00.000+0000,1000000,1000000,1059730.7154851742
2025-04-27T14:30:00.000+0000,1000000,1000000,1059491.0208493832
2025-04-27T14:40:00.000+0000,1000000,1000000,1058516.0449742582
2025-04-27T14:50:00.000+0000,1000000,1000000,1057920.1511385345
2025-04-27T15:00:00.000+0000,1000000,1000000,1055893.8205590798
2025-04-27T15:10:00.000+0000,1000000,1000000,1057312.2542531802
2025-04-27T15:20:00.000+0000,1000000,1000000,1055679.578569449
2025-04-27T15:30:00.000+0000,1000000,1000000,1056201.7445756143
2025-04-27T15:40:00.000+0000,1000000,1000000,1056595.7722934484
2025-04-27T15:50:00.000+0000,1000000,1000000,1057182.64317933
2025-04-27T16:00:00.000+0000,1000000,1000000,1057396.1443717775
2025-04-27T16:10:00.000+0000,1000000,1000000,1056305.228929398
2025-04-27T16:20:00.000+0000,1000000,1000000,1055800.7914559995
2025-04-27T16:30:00.000+0000,1000000,1000000,1054187.8466913207
2025-04-27T16:40:00.000+0000,1000000,1000000,1055252.4124304168
2025-04-27T16:50:00.000+0000,1000000,1000000,1055089.4994584478
2025-04-27T17:00:00.000+0000,1000000,1000000,1055525.854966478
2025-04-27T17:10:00.000+0000,1000000,1000000,1057339.0236664189
2025-04-27T17:20:00.000+0000,1000000,1000000,1058582.0870109196
2025-04-27T17:30:00.000+0000,1000000,1000000,1057335.8489504762
2025-04-27T17:40:00.000+0000,1000000,1000000,1058053.4453432942
2025-04-27T17:50:00.000+0000,1000000,1000000,1059127.3392994143
2025-04-27T18:00:00.000+0000,1000000,1000000,1058372.9886143408
2025-04-27T18:10:00.000+0000,1000000,1000000,1060205.8729677226
2025-04-27T18:20:00.000+0000,1000000,1000000,1061085.3440216999
2025-04-27T18:30:00.000+0000,1000000,1000000,1061637.4252176909
2025-04-27T18:40:00.000+0000,1000000,1000000,1063457.7677810336
2025-04-27T18:50:00.000+0000,1000000,1000000,1062602.5612235134
2025-04-27T19:00:00.000+0000,1000000,1000000,1062258.0898363953
2025-04-27T19:10:00.000+0000,1000000,1000000,1061574.479610535
2025-04-27T19:20:00.000+0000,1000000,1000000,1061448.4806695725
2025-04-27T19:30:00.000+0000,1000000,1000000,1062480.6297630135
2025-04-27T19:40:00.000+0000,1000000,1000000,1063060.2091411261
2025-04-27T19:50:00.000+0000,1000000,1000000,1063896.45238769
2025-04-27T20:00:00.000+0000,1000000,1000000,1061811.053670926
2025-04-27T20:10:00.000+0000,1000000,1000000,1061551.6002320186
2025-04-27T20:20:00.000+0000,1000000,1000000,1059732.9729956267
2025-04-27T20:30:00.000+0000,1000000,1000000,1060347.2225323196
2025-04-27T20:40:00.000+0000,1000000,1000000,1060023.2092055515
2025-04-27T20:50:00.000+0000,1000000,1000000,1059604.1539351258
2025-04-27T21:00:00.000+0000,1000000,1000000,1058219.749834876
2025-04-27T21:10:00.000+0000,1000000,1000000,1058360.4049892765
2025-04-27T21:20:00.000+0000,1000000,1000000,1060232.6659545628
2025-04-27T21:30:00.000+0000,1000000,1000000,1061254.268686629
2025-04-27T21:40:00.000+0000,1000000,1000000,1062370.1243090979
2025-04-27T21:50:00.000+0000,1000000,1000000,1061467.0869606053
2025-04-27T22:00:00.000+0000,1000000,1000000,1056960.1179638896
2025-04-27T22:10:00.000+0000,1000000,1000000,1055386.1483268656
2025-04-27T22:20:00.000+0000,1000000,1000000,1054481.4634478502
2025-04-27T22:30:00.000+0000,1000000,1000000,1052875.209037717
2025-04-27T22:40:00.000+0000,1000000,1000000,1054863.876722492
2025-04-27T22:50:00.000+0000,1000000,1000000,1055723.0837599805
2025-04-27T23:00:00.000+0000,1000000,1000000,1053528.4564797326
2025-04-27T23:10:00.000+0000,1000000,1000000,1053253.0573899385
2025-04-27T23:20:00.000+0000,1000000,1000000,1054538.2721699043
2025-04-27T23:30:00.000+0000,1000000,1000000,1054757.0994718228
2025-04-27T23:40:00.000+0000,1000000,1000000,1053690.1880181208
2025-04-27T23:50:00.000+0000,1000000,1000000,1053610.312312594
2025-04-28T00:00:00.000+0000,1000000,1000000,1047755.8580758134
2025-04-28T00:10:00.000+0000,1000000,1000000,1047233.2442162703
2025-04-28T00:20:00.000+0000,1000000,1000000,1047707.6246917229
2025-04-28T00:30:00.000+0000,1000000,1000000,1050446.9425008898
2025-04-28T00:40:00.000+0000,1000000,1000000,1047479.2842328432
2025-04-28T00:50:00.000+0000,1000000,1000000,1046835.6193718023
2025-04-28T01:00:00.000+0000,1000000,1000000,1045461.1350013004
2025-04-28T01:10:00.000+0000,1000000,1000000,1044959.1721906768
2025-04-28T01:20:00.000+0000,1000000,1000000,1041875.6829136781
2025-04-28T01:30:00.000+0000,1000000,1000000,1035689.3617698504
2025-04-28T01:40:00.000+0000,1000000,1000000,1035689.7962267007
2025-04-28T01:50:00.000+0000,1000000,1000000,1037304.6099132523
2025-04-28T02:00:00.000+0000,1000000,1000000,1037181.1949535832
2025-04-28T02:10:00.000+0000,1000000,1000000,1039520.3165375816
2025-04-28T02:20:00.000+0000,1000000,1000000,1041576.3122355147
2025-04-28T02:30:00.000+0000,1000000,1000000,1042426.2593889823
2025-04-28T02:40:00.000+0000,1000000,1000000,1042424.3127529656
2025-04-28T02:50:00.000+0000,1000000,1000000,1043973.0881231661
2025-04-28T03:00:00.000+0000,1000000,1000000,1042824.2886599354
2025-04-28T03:10:00.000+0000,1000000,1000000,1043242.7625947115
2025-04-28T03:20:00.000+0000,1000000,1000000,1046995.3066710206
2025-04-28T03:30:00.000+0000,1000000,1000000,1051590.8535130941
2025-04-28T03:40:00.000+0000,1000000,1000000,1052222.369518856
2025-04-28T03:50:00.000+0000,1000000,1000000,1053706.471094998
2025-04-28T04:00:00.000+0000,1000000,1000000,1054886.1774303776
2025-04-28T04:10:00.000+0000,1000000,1000000,1055732.035935441
2025-04-28T04:20:00.000+0000,1000000,1000000,1056368.6379149016
2025-04-28T04:30:00.000+0000,1000000,1000000,1057419.768545005
2025-04-28T04:40:00.000+0000,1000000,1000000,1056575.1335500465
2025-04-28T04:50:00.000+0000,1000000,1000000,1055480.1428379316
2025-04-28T05:00:00.000+0000,1000000,1000000,1055558.7952927114
2025-04-28T05:10:00.000+0000,1000000,1000000,1057860.2885643574
2025-04-28T05:20:00.000+0000,1000000,1000000,1058236.345726709
2025-04-28T05:30:00.000+0000,1000000,1000000,1057705.5612329042
2025-04-28T05:40:00.000+0000,1000000,1000000,1058520.764806251
2025-04-28T05:50:00.000+0000,1000000,1000000,1058952.3165707383
2025-04-28T06:00:00.000+0000,1000000,1000000,1061535.6352822748
2025-04-28T06:10:00.000+0000,1000000,1000000,1061827.1971217021
2025-04-28T06:20:00.000+0000,1000000,1000000,1061598.5907892878
2025-04-28T06:30:00.000+0000,1000000,1000000,1062641.4379699407
2025-04-28T06:40:00.000+0000,1000000,1000000,1065085.0122758027
2025-04-28T06:50:00.000+0000,1000000,1000000,1064990.085570852
2025-04-28T07:00:00.000+0000,1000000,1000000,1065898.2244358724
2025-04-28T07:10:00.000+0000,1000000,1000000,1065316.929194233
2025-04-28T07:20:00.000+0000,1000000,1000000,1066870.6278571459
2025-04-28T07:30:00.000+0000,1000000,1000000,1067690.9833315345
2025-04-28T07:40:00.000+0000,1000000,1000000,1067594.1576922045
2025-04-28T07:50:00.000+0000,1000000,1000000,1067310.6667733025
2025-04-28T08:00:00.000+0000,1000000,1000000,1066670.3969285442
2025-04-28T08:10:00.000+0000,1000000,1000000,1067657.869834306
2025-04-28T08:20:00.000+0000,1000000,1000000,1067487.3455819907
2025-04-28T08:30:00.000+0000,1000000,1000000,1068752.0698834397
2025-04-28T08:40:00.000+0000,1000000,1000000,1068160.597069291
2025-04-28T08:50:00.000+0000,1000000,1000000,1067573.1330431
2025-04-28T09:00:00.000+0000,1000000,1000000,1069487.3792661955
2025-04-28T09:10:00.000+0000,1000000,1000000,1068596.6116546607
2025-04-28T09:20:00.000+0000,1000000,1000000,1069120.969539011
2025-04-28T09:30:00.000+0000,1000000,1000000,1070124.8973422777
2025-04-28T09:40:00.000+0000,1000000,1000000,1070031.6690889404
2025-04-28T09:50:00.000+0000,1000000,1000000,1069375.8593701478
2025-04-28T10:00:00.000+0000,1000000,1000000,1063478.8347481627
2025-04-28T10:10:00.000+0000,1000000,1000000,1066094.823396154
2025-04-28T10:20:00.000+0000,1000000,1000000,1063105.3862674334
2025-04-28T10:30:00.000+0000,1000000,1000000,1068864.5267846922
2025-04-28T10:40:00.000+0000,1000000,1000000,1075681.3955483434
2025-04-28T10:50:00.000+0000,1000000,1000000,1074112.9254332855
2025-04-28T11:00:00.000+0000,1000000,1000000,1072335.1767930312
2025-04-28T11:10:00.000+0000,1000000,1000000,1073479.9473377957
2025-04-28T11:20:00.000+0000,1000000,1000000,1074605.884592924
2025-04-28T11:30:00.000+0000,1000000,1000000,1076097.0372638456
2025-04-28T11:40:00.000+0000,1000000,1000000,1074330.644705305
2025-04-28T11:50:00.000+0000,1000000,1000000,1072557.7791503228
2025-04-28T12:00:00.000+0000,1000000,1000000,1069768.035282947
2025-04-28T12:10:00.000+0000,1000000,1000000,1069534.9966787326
2025-04-28T12:20:00.000+0000,1000000,1000000,1069234.8305441267
2025-04-28T12:30:00.000+0000,1000000,1000000,1070116.196499238
2025-04-28T12:40:00.000+0000,1000000,1000000,1070895.5230020205
2025-04-28T12:50:00.000+0000,1000000,1000000,1069231.333372729
2025-04-28T13:00:00.000+0000,1000000,1000000,1068639.0648070618
2025-04-28T13:10:00.000+0000,1000000,1000000,1067191.3047708415
2025-04-28T13:20:00.000+0000,1000000,1000000,1063899.318250487
2025-04-28T13:30:00.000+0000,1000000,1000000,1058183.8043777319
2025-04-28T13:40:00.000+0000,1000000,1000000,1058683.522555713
2025-04-28T13:50:00.000+0000,1000000,1000000,1053355.619709053
2025-04-28T14:00:00.000+0000,1000000,1000000,1053526.089007033
2025-04-28T14:10:00.000+0000,1000000,1000000,1057465.1356462105
2025-04-28T14:20:00.000+0000,1000000,1000000,1057251.084722488
2025-04-28T14:30:00.000+0000,1000000,1000000,1052766.4649490872
2025-04-28T14:40:00.000+0000,1000000,1000000,1054050.325142336
2025-04-28T14:50:00.000+0000,1000000,1000000,1051742.1468818986
2025-04-28T15:00:00.000+0000,1000000,1000000,1048744.8934559622
2025-04-28T15:10:00.000+0000,1000000,1000000,1047319.6263024035
2025-04-28T15:20:00.000+0000,1000000,1000000,1041954.6997932843
2025-04-28T15:30:00.000+0000,1000000,1000000,1041262.1162061628
2025-04-28T15:40:00.000+0000,1000000,1000000,1041393.4927321204
2025-04-28T15:50:00.000+0000,1000000,1000000,1041488.2433416989
2025-04-28T16:00:00.000+0000,1000000,1000000,1042156.8245498695
2025-04-28T16:10:00.000+0000,1000000,1000000,1039528.9046819209
2025-04-28T16:20:00.000+0000,1000000,1000000,1040121.1727288715
2025-04-28T16:30:00.000+0000,1000000,1000000,1043285.4690736302
2025-04-28T16:40:00.000+0000,1000000,1000000,1044583.0650910919
2025-04-28T16:50:00.000+0000,1000000,1000000,1042294.7919759941
2025-04-28T17:00:00.000+0000,1000000,1000000,1043082.6745357426
2025-04-28T17:10:00.000+0000,1000000,1000000,1041615.3671700393
2025-04-28T17:20:00.000+0000,1000000,1000000,1041808.0168486602
2025-04-28T17:30:00.000+0000,1000000,1000000,1041169.1988808375
2025-04-28T17:40:00.000+0000,1000000,1000000,1045212.0048869746
2025-04-28T17:50:00.000+0000,1000000,1000000,1047912.1854240755
2025-04-28T18:00:00.000+0000,1000000,1000000,1047955.2084739776
2025-04-28T18:10:00.000+0000,1000000,1000000,1045143.1193986728
2025-04-28T18:20:00.000+0000,1000000,1000000,1046311.088817314
2025-04-28T18:30:00.000+0000,1000000,1000000,1045576.5625854833
2025-04-28T18:40:00.000+0000,1000000,1000000,1047315.1932346697
2025-04-28T18:50:00.000+0000,1000000,1000000,1049231.7310318288
2025-04-28T19:00:00.000+0000,1000000,1000000,1049559.9721322441
2025-04-28T19:10:00.000+0000,1000000,1000000,1053886.429609827
2025-04-28T19:20:00.000+0000,1000000,1000000,1057703.5928030761
2025-04-28T19:30:00.000+0000,1000000,1000000,1058364.5311086671
2025-04-28T19:40:00.000+0000,1000000,1000000,1059107.8103657018
2025-04-28T19:50:00.000+0000,1000000,1000000,1059672.9179337383
2025-04-28T20:00:00.000+0000,1000000,1000000,1055690.3834623666
2025-04-28T20:10:00.000+0000,1000000,1000000,1054373.7900881968
2025-04-28T20:20:00.000+0000,1000000,1000000,1053863.2760319274
2025-04-28T20:30:00.000+0000,1000000,1000000,1053642.2080770358
2025-04-28T20:40:00.000+0000,1000000,1000000,1051990.966291853
2025-04-28T20:50:00.000+0000,1000000,1000000,1051839.1745958624
2025-04-28T21:00:00.000+0000,1000000,1000000,1052735.798212711
2025-04-28T21:10:00.000+0000,1000000,1000000,1051624.8315599852
2025-04-28T21:20:00.000+0000,1000000,1000000,1051750.9409283348
2025-04-28T21:30:00.000+0000,1000000,1000000,1052639.97526443
2025-04-28T21:40:00.000+0000,1000000,1000000,1053290.0935458383
2025-04-28T21:50:00.000+0000,1000000,1000000,1053479.355961732
2025-04-28T22:00:00.000+0000,1000000,1000000,1055455.3947611833
2025-04-28T22:10:00.000+0000,1000000,1000000,1055800.6755735641
2025-04-28T22:20:00.000+0000,1000000,1000000,1054930.8607814608
2025-04-28T22:30:00.000+0000,1000000,1000000,1054507.5085905911
2025-04-28T22:40:00.000+0000,1000000,1000000,1056368.9069185946
2025-04-28T22:50:00.000+0000,1000000,1000000,1059368.4894610164
2025-04-28T23:00:00.000+0000,1000000,1000000,1059196.8368425122
2025-04-28T23:10:00.000+0000,1000000,1000000,1058032.81696489
2025-04-28T23:20:00.000+0000,1000000,1000000,1058499.170483286
2025-04-28T23:30:00.000+0000,1000000,1000000,1058990.7884884519
2025-04-28T23:40:00.000+0000,1000000,1000000,1058938.9454128516
2025-04-28T23:50:00.000+0000,1000000,1000000,1058667.769267526
2025-04-29T00:00:00.000+0000,1000000,1000000,1057584.4219379586
2025-04-29T00:10:00.000+0000,1000000,1000000,1056950.7105752006
2025-04-29T00:20:00.000+0000,1000000,1000000,1057554.882512479
2025-04-29T00:30:00.000+0000,1000000,1000000,1059993.6128673581
2025-04-29T00:40:00.000+0000,1000000,1000000,1059671.5244720902
2025-04-29T00:50:00.000+0000,1000000,1000000,1058822.6405355427
2025-04-29T01:00:00.000+0000,1000000,1000000,1060432.6493875417
2025-04-29T01:10:00.000+0000,1000000,1000000,1057621.2223399838
2025-04-29T01:20:00.000+0000,1000000,1000000,1058543.5781324124
2025-04-29T01:30:00.000+0000,1000000,1000000,1059901.9710285203
2025-04-29T01:40:00.000+0000,1000000,1000000,1063121.784234366
2025-04-29T01:50:00.000+0000,1000000,1000000,1059613.691926763
2025-04-29T02:00:00.000+0000,1000000,1000000,1056281.4984785172
2025-04-29T02:10:00.000+0000,1000000,1000000,1057228.1434320142
2025-04-29T02:20:00.000+0000,1000000,1000000,1057088.0052956461
2025-04-29T02:30:00.000+0000,1000000,1000000,1057658.1278036416
2025-04-29T02:40:00.000+0000,1000000,1000000,1055120.6474323669
2025-04-29T02:50:00.000+0000,1000000,1000000,1054203.2125091315
2025-04-29T03:00:00.000+0000,1000000,1000000,1055914.5963979114
2025-04-29T03:10:00.000+0000,1000000,1000000,1055210.8312504399
2025-04-29T03:20:00.000+0000,1000000,1000000,1057006.5989437473
2025-04-29T03:30:00.000+0000,1000000,1000000,1057375.9322423767
2025-04-29T03:40:00.000+0000,1000000,1000000,1057396.1388988704
2025-04-29T03:50:00.000+0000,1000000,1000000,1057693.848354908
2025-04-29T04:00:00.000+0000,1000000,1000000,1056375.299500156
2025-04-29T04:10:00.000+0000,1000000,1000000,1058262.7939812846
2025-04-29T04:20:00.000+0000,1000000,1000000,1058413.3578745662
2025-04-29T04:30:00.000+0000,1000000,1000000,1057600.3877193537
2025-04-29T04:40:00.000+0000,1000000,1000000,1052401.2189484942
2025-04-29T04:50:00.000+0000,1000000,1000000,1051756.556243442
2025-04-29T05:00:00.000+0000,1000000,1000000,1050722.8933611084
2025-04-29T05:10:00.000+0000,1000000,1000000,1049417.8790340105
2025-04-29T05:20:00.000+0000,1000000,1000000,1051180.437290239
2025-04-29T05:30:00.000+0000,1000000,1000000,1052071.5632542064
2025-04-29T05:40:00.000+0000,1000000,1000000,1052053.3321909443
2025-04-29T05:50:00.000+0000,1000000,1000000,1052500.9365548945
2025-04-29T06:00:00.000+0000,1000000,1000000,1053517.367013911
2025-04-29T06:10:00.000+0000,1000000,1000000,1055190.5168494359
2025-04-29T06:20:00.000+0000,1000000,1000000,1060446.3946464718
2025-04-29T06:30:00.000+0000,1000000,1000000,1060890.4273621917
2025-04-29T06:40:00.000+0000,1000000,1000000,1060387.2903349677
2025-04-29T06:50:00.000+0000,1000000,1000000,1061336.6144315337
2025-04-29T07:00:00.000+0000,1000000,1000000,1062125.8210110585
2025-04-29T07:10:00.000+0000,1000000,1000000,1063036.3594897278
2025-04-29T07:20:00.000+0000,1000000,1000000,1063588.5159942028
2025-04-29T07:30:00.000+0000,1000000,1000000,1064000.1599483318
2025-04-29T07:40:00.000+0000,1000000,1000000,1063575.6796506322
2025-04-29T07:50:00.000+0000,1000000,1000000,1065390.9946734225
2025-04-29T08:00:00.000+0000,1000000,1000000,1065267.3202791244
2025-04-29T08:10:00.000+0000,1000000,1000000,1067503.1368241636
2025-04-29T08:20:00.000+0000,1000000,1000000,1065292.82438295
2025-04-29T08:30:00.000+0000,1000000,1000000,1064807.0556669754
2025-04-29T08:40:00.000+0000,1000000,1000000,1065177.6183958987
2025-04-29T08:50:00.000+0000,1000000,1000000,1065159.36453711
2025-04-29T09:00:00.000+0000,1000000,1000000,1067508.4248903547
2025-04-29T09:10:00.000+0000,1000000,1000000,1066566.8460751236
2025-04-29T09:20:00.000+0000,1000000,1000000,1065611.1436073156
2025-04-29T09:30:00.000+0000,1000000,1000000,1066849.0684473016
2025-04-29T09:40:00.000+0000,1000000,1000000,1065878.009435671
2025-04-29T09:50:00.000+0000,1000000,1000000,1066392.0024019144
2025-04-29T10:00:00.000+0000,1000000,1000000,1068039.2294968092
2025-04-29T10:10:00.000+0000,1000000,1000000,1068069.2234917886
2025-04-29T10:20:00.000+0000,1000000,1000000,1066702.3069747407
2025-04-29T10:30:00.000+0000,1000000,1000000,1065876.783761405
2025-04-29T10:40:00.000+0000,1000000,1000000,1062644.175751938
2025-04-29T10:50:00.000+0000,1000000,1000000,1063956.3880526144
2025-04-29T11:00:00.000+0000,1000000,1000000,1064853.9505437529
2025-04-29T11:10:00.000+0000,1000000,1000000,1068114.6774646386
2025-04-29T11:20:00.000+0000,1000000,1000000,1068788.39662289
2025-04-29T11:30:00.000+0000,1000000,1000000,1067614.0182839248
2025-04-29T11:40:00.000+0000,1000000,1000000,1066936.9582320745
2025-04-29T11:50:00.000+0000,1000000,1000000,1067947.4418344642
2025-04-29T12:00:00.000+0000,1000000,1000000,1067212.3369498611
2025-04-29T12:10:00.000+0000,1000000,1000000,1067231.2471934254
2025-04-29T12:20:00.000+0000,1000000,1000000,1064736.7901314113
2025-04-29T12:30:00.000+0000,1000000,1000000,1063723.4258300355
2025-04-29T12:40:00.000+0000,1000000,1000000,1064591.799199495
2025-04-29T12:50:00.000+0000,1000000,1000000,1062723.2192366754
2025-04-29T13:00:00.000+0000,1000000,1000000,1062229.1370408847
2025-04-29T13:10:00.000+0000,1000000,1000000,1056641.0259714553
2025-04-29T13:20:00.000+0000,1000000,1000000,1057878.6474133437
2025-04-29T13:30:00.000+0000,1000000,1000000,1058590.9616423005
2025-04-29T13:40:00.000+0000,1000000,1000000,1058928.517545354
2025-04-29T13:50:00.000+0000,1000000,1000000,1060343.6202635719
2025-04-29T14:00:00.000+0000,1000000,1000000,1059101.2098250357
2025-04-29T14:10:00.000+0000,1000000,1000000,1060453.4532354488
2025-04-29T14:20:00.000+0000,1000000,1000000,1058711.887210158
2025-04-29T14:30:00.000+0000,1000000,1000000,1058515.441826939
2025-04-29T14:40:00.000+0000,1000000,1000000,1063115.9271916188
2025-04-29T14:50:00.000+0000,1000000,1000000,1062717.848332085
2025-04-29T15:00:00.000+0000,1000000,1000000,1063280.9310133853
2025-04-29T15:10:00.000+0000,1000000,1000000,1061344.7384015915
2025-04-29T15:20:00.000+0000,1000000,1000000,1060935.7004283494
2025-04-29T15:30:00.000+0000,1000000,1000000,1060403.04486637
2025-04-29T15:40:00.000+0000,1000000,1000000,1062336.6234665043
2025-04-29T15:50:00.000+0000,1000000,1000000,1061818.4756472965
2025-04-29T16:00:00.000+0000,1000000,1000000,1062196.5309033305
2025-04-29T16:10:00.000+0000,1000000,1000000,1063169.668960099
2025-04-29T16:20:00.000+0000,1000000,1000000,1065278.3490762045
2025-04-29T16:30:00.000+0000,1000000,1000000,1067054.0197266126
2025-04-29T16:40:00.000+0000,1000000,1000000,1068125.6421856007
2025-04-29T16:50:00.000+0000,1000000,1000000,1063470.12106303
2025-04-29T17:00:00.000+0000,1000000,1000000,1059802.4762174138
2025-04-29T17:10:00.000+0000,1000000,1000000,1061754.6343155266
2025-04-29T17:20:00.000+0000,1000000,1000000,1066040.882164482
2025-04-29T17:30:00.000+0000,1000000,1000000,1065145.9411970591
2025-04-29T17:40:00.000+0000,1000000,1000000,1065594.6573112183
2025-04-29T17:50:00.000+0000,1000000,1000000,1067059.3994400506
2025-04-29T18:00:00.000+0000,1000000,1000000,1065631.3960606449
2025-04-29T18:10:00.000+0000,1000000,1000000,1065890.1038553312
2025-04-29T18:20:00.000+0000,1000000,1000000,1067553.0522675281
2025-04-29T18:30:00.000+0000,1000000,1000000,1069461.562571055
2025-04-29T18:40:00.000+0000,1000000,1000000,1069373.9196203179
2025-04-29T18:50:00.000+0000,1000000,1000000,1069674.60356889
2025-04-29T19:00:00.000+0000,1000000,1000000,1070432.046426583
2025-04-29T19:10:00.000+0000,1000000,1000000,1069331.5173175714
2025-04-29T19:20:00.000+0000,1000000,1000000,1069791.723237216
2025-04-29T19:30:00.000+0000,1000000,1000000,1068450.0637127408
2025-04-29T19:40:00.000+0000,1000000,1000000,1067762.5776267601
2025-04-29T19:50:00.000+0000,1000000,1000000,1068224.0711147687
2025-04-29T20:00:00.000+0000,1000000,1000000,1066521.6335169787
2025-04-29T20:10:00.000+0000,1000000,1000000,1064431.8030828487
2025-04-29T20:20:00.000+0000,1000000,1000000,1063662.0620854176
2025-04-29T20:30:00.000+0000,1000000,1000000,1061709.5654703046
2025-04-29T20:40:00.000+0000,1000000,1000000,1062217.4724725366
2025-04-29T20:50:00.000+0000,1000000,1000000,1062278.1870672181
2025-04-29T21:00:00.000+0000,1000000,1000000,1061614.410952958
2025-04-29T21:10:00.000+0000,1000000,1000000,1054912.2976222448
2025-04-29T21:20:00.000+0000,1000000,1000000,1050721.9295449904
2025-04-29T21:30:00.000+0000,1000000,1000000,1052102.504950182
2025-04-29T21:40:00.000+0000,1000000,1000000,1054174.0831531081
2025-04-29T21:50:00.000+0000,1000000,1000000,1054278.1032872063
2025-04-29T22:00:00.000+0000,1000000,1000000,1052398.3345291973
2025-04-29T22:10:00.000+0000,1000000,1000000,1052291.7537280493
2025-04-29T22:20:00.000+0000,1000000,1000000,1050641.6395131215
2025-04-29T22:30:00.000+0000,1000000,1000000,1050953.6964187452
2025-04-29T22:40:00.000+0000,1000000,1000000,1049928.6241399872
2025-04-29T22:50:00.000+0000,1000000,1000000,1050436.7825460755
2025-04-29T23:00:00.000+0000,1000000,1000000,1046888.529921209
2025-04-29T23:10:00.000+0000,1000000,1000000,1044291.7565424645
2025-04-29T23:20:00.000+0000,1000000,1000000,1044547.6994313059
2025-04-29T23:30:00.000+0000,1000000,1000000,1047301.070932461
2025-04-29T23:40:00.000+0000,1000000,1000000,1048751.32304337
2025-04-29T23:50:00.000+0000,1000000,1000000,1052330.26892045
2025-04-30T00:00:00.000+0000,1000000,1000000,1051486.3841216746
2025-04-30T00:10:00.000+0000,1000000,1000000,1053762.0704279728
2025-04-30T00:20:00.000+0000,1000000,1000000,1053909.2843237321
2025-04-30T00:30:00.000+0000,1000000,1000000,1053465.9731241972
2025-04-30T00:40:00.000+0000,1000000,1000000,1055120.3641647778
2025-04-30T00:50:00.000+0000,1000000,1000000,1054395.48000236
2025-04-30T01:00:00.000+0000,1000000,1000000,1053769.277246117
2025-04-30T01:10:00.000+0000,1000000,1000000,1051676.3991215522
2025-04-30T01:20:00.000+0000,1000000,1000000,1053174.7023237736
2025-04-30T01:30:00.000+0000,1000000,1000000,1051547.0166560318
2025-04-30T01:40:00.000+0000,1000000,1000000,1048175.901961315
2025-04-30T01:50:00.000+0000,1000000,1000000,1048423.451769253
2025-04-30T02:00:00.000+0000,1000000,1000000,1051825.6293188408
2025-04-30T02:10:00.000+0000,1000000,1000000,1052540.935470105
2025-04-30T02:20:00.000+0000,1000000,1000000,1053245.422688196
2025-04-30T02:30:00.000+0000,1000000,1000000,1052567.1836084253
2025-04-30T02:40:00.000+0000,1000000,1000000,1054583.7094374807
2025-04-30T02:50:00.000+0000,1000000,1000000,1056416.174876841
2025-04-30T03:00:00.000+0000,1000000,1000000,1054884.56304252
2025-04-30T03:10:00.000+0000,1000000,1000000,1053724.6029096637
2025-04-30T03:20:00.000+0000,1000000,1000000,1057491.880117621
2025-04-30T03:30:00.000+0000,1000000,1000000,1057684.8216668968
2025-04-30T03:40:00.000+0000,1000000,1000000,1057664.8591615614
2025-04-30T03:50:00.000+0000,1000000,1000000,1059159.1763534928
2025-04-30T04:00:00.000+0000,1000000,1000000,1060236.3345443592
2025-04-30T04:10:00.000+0000,1000000,1000000,1059992.225862474
2025-04-30T04:20:00.000+0000,1000000,1000000,1060241.227010772
2025-04-30T04:30:00.000+0000,1000000,1000000,1059694.7372612106
2025-04-30T04:40:00.000+0000,1000000,1000000,1059258.468052532
2025-04-30T04:50:00.000+0000,1000000,1000000,1060118.2757245265
2025-04-30T05:00:00.000+0000,1000000,1000000,1059084.699937478
2025-04-30T05:10:00.000+0000,1000000,1000000,1058595.6739443785
2025-04-30T05:20:00.000+0000,1000000,1000000,1058433.187935063
2025-04-30T05:30:00.000+0000,1000000,1000000,1058711.6888379757
2025-04-30T05:40:00.000+0000,1000000,1000000,1057434.9821182624
2025-04-30T05:50:00.000+0000,1000000,1000000,1057838.8824007823
2025-04-30T06:00:00.000+0000,1000000,1000000,1057187.668448569
2025-04-30T06:10:00.000+0000,1000000,1000000,1057535.761609074
2025-04-30T06:20:00.000+0000,1000000,1000000,1059181.6662939189
2025-04-30T06:30:00.000+0000,1000000,1000000,1058702.3145468996
2025-04-30T06:40:00.000+0000,1000000,1000000,1057759.5352585893
2025-04-30T06:50:00.000+0000,1000000,1000000,1057298.4663097148
2025-04-30T07:00:00.000+0000,1000000,1000000,1056401.5918255853
2025-04-30T07:10:00.000+0000,1000000,1000000,1057060.7984476038
2025-04-30T07:20:00.000+0000,1000000,1000000,1056857.4432054327
2025-04-30T07:30:00.000+0000,1000000,1000000,1054357.4378288058
2025-04-30T07:40:00.000+0000,1000000,1000000,1052168.98895575
2025-04-30T07:50:00.000+0000,1000000,1000000,1051972.7955129626
2025-04-30T08:00:00.000+0000,1000000,1000000,1052348.917529507
2025-04-30T08:10:00.000+0000,1000000,1000000,1054117.8388735068
2025-04-30T08:20:00.000+0000,1000000,1000000,1053618.7819451971
2025-04-30T08:30:00.000+0000,1000000,1000000,1053848.3006182048
2025-04-30T08:40:00.000+0000,1000000,1000000,1054394.7222762622
2025-04-30T08:50:00.000+0000,1000000,1000000,1054277.2804475576
2025-04-30T09:00:00.000+0000,1000000,1000000,1055735.319084675
2025-04-30T09:10:00.000+0000,1000000,1000000,1055790.0849536452
2025-04-30T09:20:00.000+0000,1000000,1000000,1056348.5598043483
2025-04-30T09:30:00.000+0000,1000000,1000000,1058043.189135695
2025-04-30T09:40:00.000+0000,1000000,1000000,1058451.2571311314
2025-04-30T09:50:00.000+0000,1000000,1000000,1058434.0667843386
2025-04-30T10:00:00.000+0000,1000000,1000000,1057516.7728375727
2025-04-30T10:10:00.000+0000,1000000,1000000,1058180.0831321075
2025-04-30T10:20:00.000+0000,1000000,1000000,1058325.5846431511
2025-04-30T10:30:00.000+0000,1000000,1000000,1058008.118807516
2025-04-30T10:40:00.000+0000,1000000,1000000,1059475.482996639
2025-04-30T10:50:00.000+0000,1000000,1000000,1059934.041662978
2025-04-30T11:00:00.000+0000,1000000,1000000,1060400.110545558
2025-04-30T11:10:00.000+0000,1000000,1000000,1060218.925489094
2025-04-30T11:20:00.000+0000,1000000,1000000,1060706.8686534818
2025-04-30T11:30:00.000+0000,1000000,1000000,1061297.4076818784
2025-04-30T11:40:00.000+0000,1000000,1000000,1061594.7877426979
2025-04-30T11:50:00.000+0000,1000000,1000000,1062296.4532136656
2025-04-30T12:00:00.000+0000,1000000,1000000,1061942.9462939708
2025-04-30T12:10:00.000+0000,1000000,1000000,1059490.5460422223
2025-04-30T12:20:00.000+0000,1000000,1000000,1056031.9357942843
2025-04-30T12:30:00.000+0000,1000000,1000000,1048231.0103269541
2025-04-30T12:40:00.000+0000,1000000,1000000,1043543.621977069
2025-04-30T12:50:00.000+0000,1000000,1000000,1045184.449514922
2025-04-30T13:00:00.000+0000,1000000,1000000,1040715.4148936742
2025-04-30T13:10:00.000+0000,1000000,1000000,1036597.6910213325
2025-04-30T13:20:00.000+0000,1000000,1000000,1037201.5381153552
2025-04-30T13:30:00.000+0000,1000000,1000000,1035231.1768201852
2025-04-30T13:40:00.000+0000,1000000,1000000,1028877.9746604462
2025-04-30T13:50:00.000+0000,1000000,1000000,1023348.4630378005
2025-04-30T14:00:00.000+0000,1000000,1000000,1025279.4876691476
2025-04-30T14:10:00.000+0000,1000000,1000000,1026208.8543667747
2025-04-30T14:20:00.000+0000,1000000,1000000,1028961.2277467015
2025-04-30T14:30:00.000+0000,1000000,1000000,1033397.194926914
2025-04-30T14:40:00.000+0000,1000000,1000000,1032165.211041225
2025-04-30T14:50:00.000+0000,1000000,1000000,1029810.8596974122
2025-04-30T15:00:00.000+0000,1000000,1000000,1033921.8578369468
2025-04-30T15:10:00.000+0000,1000000,1000000,1034963.5953958335
2025-04-30T15:20:00.000+0000,1000000,1000000,1033115.745287087
2025-04-30T15:30:00.000+0000,1000000,1000000,1034160.421423672
2025-04-30T15:40:00.000+0000,1000000,1000000,1035768.8816450925
2025-04-30T15:50:00.000+0000,1000000,1000000,1035062.0926758635
2025-04-30T16:00:00.000+0000,1000000,1000000,1032342.818564987
2025-04-30T16:10:00.000+0000,1000000,1000000,1030619.931769271
2025-04-30T16:20:00.000+0000,1000000,1000000,1030854.7122341322
2025-04-30T16:30:00.000+0000,1000000,1000000,1032858.304688757
2025-04-30T16:40:00.000+0000,1000000,1000000,1037196.4854093335
2025-04-30T16:50:00.000+0000,1000000,1000000,1036594.7677628226
2025-04-30T17:00:00.000+0000,1000000,1000000,1035912.2502655312
2025-04-30T17:10:00.000+0000,1000000,1000000,1035185.0021628013
2025-04-30T17:20:00.000+0000,1000000,1000000,1036179.5382273607
2025-04-30T17:30:00.000+0000,1000000,1000000,1039183.1448412107
2025-04-30T17:40:00.000+0000,1000000,1000000,1041971.1910707664
2025-04-30T17:50:00.000+0000,1000000,1000000,1043745.2077874638
2025-04-30T18:00:00.000+0000,1000000,1000000,1043316.0971587163
2025-04-30T18:10:00.000+0000,1000000,1000000,1048676.7642898138
2025-04-30T18:20:00.000+0000,1000000,1000000,1046174.0969405319
2025-04-30T18:30:00.000+0000,1000000,1000000,1045602.5024608101
2025-04-30T18:40:00.000+0000,1000000,1000000,1044709.2082101176
2025-04-30T18:50:00.000+0000,1000000,1000000,1046924.5540942133
2025-04-30T19:00:00.000+0000,1000000,1000000,1047310.3455276587
2025-04-30T19:10:00.000+0000,1000000,1000000,1045912.8523474724
2025-04-30T19:20:00.000+0000,1000000,1000000,1042673.8514970859
2025-04-30T19:30:00.000+0000,1000000,1000000,1043004.2129053713
2025-04-30T19:40:00.000+0000,1000000,1000000,1044539.658505429
2025-04-30T19:50:00.000+0000,1000000,1000000,1048202.6724834222
2025-04-30T20:00:00.000+0000,1000000,1000000,1048307.3074444873
2025-04-30T20:10:00.000+0000,1000000,1000000,1054729.226509212
2025-04-30T20:20:00.000+0000,1000000,1000000,1056425.6556156354
2025-04-30T20:30:00.000+0000,1000000,1000000,1055640.1696915831
2025-04-30T20:40:00.000+0000,1000000,1000000,1055192.867116004
2025-04-30T20:50:00.000+0000,1000000,1000000,1054568.232548555
2025-04-30T21:00:00.000+0000,1000000,1000000,1054776.5512730193
2025-04-30T21:10:00.000+0000,1000000,1000000,1053653.1060925797
2025-04-30T21:20:00.000+0000,1000000,1000000,1054856.318956819
2025-04-30T21:30:00.000+0000,1000000,1000000,1053832.4860260712
2025-04-30T21:40:00.000+0000,1000000,1000000,1053780.3829614075
2025-04-30T21:50:00.000+0000,1000000,1000000,1051920.2421892614
2025-04-30T22:00:00.000+0000,1000000,1000000,1054210.046782382
2025-04-30T22:10:00.000+0000,1000000,1000000,1055080.1068166539
2025-04-30T22:20:00.000+0000,1000000,1000000,1053995.6766940928
2025-04-30T22:30:00.000+0000,1000000,1000000,1052757.9507271468
2025-04-30T22:40:00.000+0000,1000000,1000000,1051198.3349786147
2025-04-30T22:50:00.000+0000,1000000,1000000,1051536.853347418
2025-04-30T23:00:00.000+0000,1000000,1000000,1052683.110109946
2025-04-30T23:10:00.000+0000,1000000,1000000,1055295.8931978364
2025-04-30T23:20:00.000+0000,1000000,1000000,1054869.4357150374
2025-04-30T23:30:00.000+0000,1000000,1000000,1055715.7927352106
2025-04-30T23:40:00.000+0000,1000000,1000000,1054728.6588830242
2025-04-30T23:50:00.000+0000,1000000,1000000,1054474.6907736217
2025-05-01T00:00:00.000+0000,1000000,1000000,1054688.4634647164
2025-05-01T00:10:00.000+0000,1000000,1000000,1055962.2157866857
2025-05-01T00:20:00.000+0000,1000000,1000000,1056295.9663267832
2025-05-01T00:30:00.000+0000,1000000,1000000,1055066.4431350492
2025-05-01T00:40:00.000+0000,1000000,1000000,1056107.8866769793
2025-05-01T00:50:00.000+0000,1000000,1000000,1056379.681145942
2025-05-01T01:00:00.000+0000,1000000,1000000,1057734.1874682799
2025-05-01T01:10:00.000+0000,1000000,1000000,1058946.1174607452
2025-05-01T01:20:00.000+0000,1000000,1000000,1060019.3802154174
2025-05-01T01:30:00.000+0000,1000000,1000000,1060754.4307001196
2025-05-01T01:40:00.000+0000,1000000,1000000,1059990.663093011
2025-05-01T01:50:00.000+0000,1000000,1000000,1060866.4456324656
2025-05-01T02:00:00.000+0000,1000000,1000000,1062519.9650586094
2025-05-01T02:10:00.000+0000,1000000,1000000,1063677.175032516
2025-05-01T02:20:00.000+0000,1000000,1000000,1064772.3045747986
2025-05-01T02:30:00.000+0000,1000000,1000000,1065466.4641042694
2025-05-01T02:40:00.000+0000,1000000,1000000,1064637.5539232828
2025-05-01T02:50:00.000+0000,1000000,1000000,1062733.9583094022
2025-05-01T03:00:00.000+0000,1000000,1000000,1063226.293815367
2025-05-01T03:10:00.000+0000,1000000,1000000,1062074.2400529645
2025-05-01T03:20:00.000+0000,1000000,1000000,1062785.575736767
2025-05-01T03:30:00.000+0000,1000000,1000000,1062185.8888614636
2025-05-01T03:40:00.000+0000,1000000,1000000,1062519.7492923725
2025-05-01T03:50:00.000+0000,1000000,1000000,1062190.0863453872
2025-05-01T04:00:00.000+0000,1000000,1000000,1061745.5559104916
2025-05-01T04:10:00.000+0000,1000000,1000000,1060837.4722413062
2025-05-01T04:20:00.000+0000,1000000,1000000,1060705.1120816572
2025-05-01T04:30:00.000+0000,1000000,1000000,1060606.3065743512
2025-05-01T04:40:00.000+0000,1000000,1000000,1061479.738310662
2025-05-01T04:50:00.000+0000,1000000,1000000,1061913.6899302984
2025-05-01T05:00:00.000+0000,1000000,1000000,1061400.6551372013
2025-05-01T05:10:00.000+0000,1000000,1000000,1062739.342852019
2025-05-01T05:20:00.000+0000,1000000,1000000,1062640.188650638
2025-05-01T05:30:00.000+0000,1000000,1000000,1062729.0658429894
2025-05-01T05:40:00.000+0000,1000000,1000000,1064404.912510714
2025-05-01T05:50:00.000+0000,1000000,1000000,1064941.6108885447
2025-05-01T06:00:00.000+0000,1000000,1000000,1064563.8043534898
2025-05-01T06:10:00.000+0000,1000000,1000000,1063361.3781189865
2025-05-01T06:20:00.000+0000,1000000,1000000,1063368.737181684
2025-05-01T06:30:00.000+0000,1000000,1000000,1062848.0251987563
2025-05-01T06:40:00.000+0000,1000000,1000000,1061373.7010433837
2025-05-01T06:50:00.000+0000,1000000,1000000,1062298.742954362
2025-05-01T07:00:00.000+0000,1000000,1000000,1061005.1525054057
2025-05-01T07:10:00.000+0000,1000000,1000000,1062772.6844210022
2025-05-01T07:20:00.000+0000,1000000,1000000,1063095.564015827
2025-05-01T07:30:00.000+0000,1000000,1000000,1064681.553613537
2025-05-01T07:40:00.000+0000,1000000,1000000,1066278.421927934
2025-05-01T07:50:00.000+0000,1000000,1000000,1066686.1594728604
2025-05-01T08:00:00.000+0000,1000000,1000000,1065883.6523397658
2025-05-01T08:10:00.000+0000,1000000,1000000,1066678.3890081975
2025-05-01T08:20:00.000+0000,1000000,1000000,1069769.9417115236
2025-05-01T08:30:00.000+0000,1000000,1000000,1069677.7188142533
2025-05-01T08:40:00.000+0000,1000000,1000000,1069511.0974923298
2025-05-01T08:50:00.000+0000,1000000,1000000,1070069.5565229869
2025-05-01T09:00:00.000+0000,1000000,1000000,1069766.4499237393
2025-05-01T09:10:00.000+0000,1000000,1000000,1069502.1715733476
2025-05-01T09:20:00.000+0000,1000000,1000000,1071307.0401899999
2025-05-01T09:30:00.000+0000,1000000,1000000,1071655.536185122
2025-05-01T09:40:00.000+0000,1000000,1000000,1074192.9742205138
2025-05-01T09:50:00.000+0000,1000000,1000000,1073433.920543068
2025-05-01T10:00:00.000+0000,1000000,1000000,1074357.843987715
2025-05-01T10:10:00.000+0000,1000000,1000000,1074507.8589813726
2025-05-01T10:20:00.000+0000,1000000,1000000,1079973.7573975795
2025-05-01T10:30:00.000+0000,1000000,1000000,1079806.0152215231
2025-05-01T10:40:00.000+0000,1000000,1000000,1078717.4339841662
2025-05-01T10:50:00.000+0000,1000000,1000000,1080422.6592654688
2025-05-01T11:00:00.000+0000,1000000,1000000,1083041.3720752895
2025-05-01T11:10:00.000+0000,1000000,1000000,1082467.0172416845
2025-05-01T11:20:00.000+0000,1000000,1000000,1079479.246665127
2025-05-01T11:30:00.000+0000,1000000,1000000,1080370.6066031787
2025-05-01T11:40:00.000+0000,1000000,1000000,1081808.019133205
2025-05-01T11:50:00.000+0000,1000000,1000000,1082029.7777779829
2025-05-01T12:00:00.000+0000,1000000,1000000,1081448.3171546212
2025-05-01T12:10:00.000+0000,1000000,1000000,1081831.0716291408
2025-05-01T12:20:00.000+0000,1000000,1000000,1081684.8829070223
2025-05-01T12:30:00.000+0000,1000000,1000000,1080734.2117357948
2025-05-01T12:40:00.000+0000,1000000,1000000,1083523.4134018107
2025-05-01T12:50:00.000+0000,1000000,1000000,1084133.1368552959
2025-05-01T13:00:00.000+0000,1000000,1000000,1083744.8890204986
2025-05-01T13:10:00.000+0000,1000000,1000000,1085017.5550349453
2025-05-01T13:20:00.000+0000,1000000,1000000,1085419.8466440141
2025-05-01T13:30:00.000+0000,1000000,1000000,1079494.3817818826
2025-05-01T13:40:00.000+0000,1000000,1000000,1077504.042715766
2025-05-01T13:50:00.000+0000,1000000,1000000,1074699.1953181494
2025-05-01T14:00:00.000+0000,1000000,1000000,1077899.3534500024
2025-05-01T14:10:00.000+0000,1000000,1000000,1079060.2240543677
2025-05-01T14:20:00.000+0000,1000000,1000000,1082646.899947171
2025-05-01T14:30:00.000+0000,1000000,1000000,1081609.9213724253
2025-05-01T14:40:00.000+0000,1000000,1000000,1083049.319672758
2025-05-01T14:50:00.000+0000,1000000,1000000,1085103.6340716332
2025-05-01T15:00:00.000+0000,1000000,1000000,1087671.3855616474
2025-05-01T15:10:00.000+0000,1000000,1000000,1092942.7512206174
2025-05-01T15:20:00.000+0000,1000000,1000000,1091544.6611619527
2025-05-01T15:30:00.000+0000,1000000,1000000,1089949.4537746056
2025-05-01T15:40:00.000+0000,1000000,1000000,1088148.6242177766
2025-05-01T15:50:00.000+0000,1000000,1000000,1085754.3859244317
2025-05-01T16:00:00.000+0000,1000000,1000000,1087475.1122226964
2025-05-01T16:10:00.000+0000,1000000,1000000,1086614.2922370126
2025-05-01T16:20:00.000+0000,1000000,1000000,1087529.1758564794
2025-05-01T16:30:00.000+0000,1000000,1000000,1090913.7784503635
2025-05-01T16:40:00.000+0000,1000000,1000000,1090592.1612405751
2025-05-01T16:50:00.000+0000,1000000,1000000,1087655.172391782
2025-05-01T17:00:00.000+0000,1000000,1000000,1087221.4574291075
2025-05-01T17:10:00.000+0000,1000000,1000000,1088874.2681990177
2025-05-01T17:20:00.000+0000,1000000,1000000,1087009.4258205849
2025-05-01T17:30:00.000+0000,1000000,1000000,1084272.9173994476
2025-05-01T17:40:00.000+0000,1000000,1000000,1082117.0320508457
2025-05-01T17:50:00.000+0000,1000000,1000000,1084095.764463044
2025-05-01T18:00:00.000+0000,1000000,1000000,1083949.0493417524
2025-05-01T18:10:00.000+0000,1000000,1000000,1080662.0742825463
2025-05-01T18:20:00.000+0000,1000000,1000000,1080198.5258774355
2025-05-01T18:30:00.000+0000,1000000,1000000,1080703.8255841306
2025-05-01T18:40:00.000+0000,1000000,1000000,1082887.61918431
2025-05-01T18:50:00.000+0000,1000000,1000000,1084454.4484671087
2025-05-01T19:00:00.000+0000,1000000,1000000,1081947.5889996574
2025-05-01T19:10:00.000+0000,1000000,1000000,1080347.4736209274
2025-05-01T19:20:00.000+0000,1000000,1000000,1080973.330088756
2025-05-01T19:30:00.000+0000,1000000,1000000,1081659.323813144
2025-05-01T19:40:00.000+0000,1000000,1000000,1080517.5569596284
2025-05-01T19:50:00.000+0000,1000000,1000000,1078890.497386938
2025-05-01T20:00:00.000+0000,1000000,1000000,1076905.7990964733
2025-05-01T20:10:00.000+0000,1000000,1000000,1078674.3229537513
2025-05-01T20:20:00.000+0000,1000000,1000000,1080858.4017263222
2025-05-01T20:30:00.000+0000,1000000,1000000,1078138.553255277
2025-05-01T20:40:00.000+0000,1000000,1000000,1077907.0466656615
2025-05-01T20:50:00.000+0000,1000000,1000000,1077242.4898239952
2025-05-01T21:00:00.000+0000,1000000,1000000,1078244.8097676034
2025-05-01T21:10:00.000+0000,1000000,1000000,1080892.4557254256
2025-05-01T21:20:00.000+0000,1000000,1000000,1080399.0550977383
2025-05-01T21:30:00.000+0000,1000000,1000000,1079145.7318967632
2025-05-01T21:40:00.000+0000,1000000,1000000,1080636.088279591
2025-05-01T21:50:00.000+0000,1000000,1000000,1079883.656104971
2025-05-01T22:00:00.000+0000,1000000,1000000,1078665.3163783895
2025-05-01T22:10:00.000+0000,1000000,1000000,1080174.5151904947
2025-05-01T22:20:00.000+0000,1000000,1000000,1079556.7036460708
2025-05-01T22:30:00.000+0000,1000000,1000000,1077568.4205702068
2025-05-01T22:40:00.000+0000,1000000,1000000,1077550.1273177704
2025-05-01T22:50:00.000+0000,1000000,1000000,1077566.475007341
2025-05-01T23:00:00.000+0000,1000000,1000000,1076463.5219330033
2025-05-01T23:10:00.000+0000,1000000,1000000,1076545.5227755792
2025-05-01T23:20:00.000+0000,1000000,1000000,1078867.7067491505
2025-05-01T23:30:00.000+0000,1000000,1000000,1076654.465647955
2025-05-01T23:40:00.000+0000,1000000,1000000,1077056.015109473
2025-05-01T23:50:00.000+0000,1000000,1000000,1078767.314290769
2025-05-02T00:00:00.000+0000,1000000,1000000,1078958.9596686147
2025-05-02T00:10:00.000+0000,1000000,1000000,1079220.3500851812
2025-05-02T00:20:00.000+0000,1000000,1000000,1080834.4773565915
2025-05-02T00:30:00.000+0000,1000000,1000000,1081835.7356572882
2025-05-02T00:40:00.000+0000,1000000,1000000,1081897.143884091
2025-05-02T00:50:00.000+0000,1000000,1000000,1083481.460213516
2025-05-02T01:00:00.000+0000,1000000,1000000,1084551.1003810088
2025-05-02T01:10:00.000+0000,1000000,1000000,1083164.523978648
2025-05-02T01:20:00.000+0000,1000000,1000000,1083183.8140019448
2025-05-02T01:30:00.000+0000,1000000,1000000,1081517.296883753
2025-05-02T01:40:00.000+0000,1000000,1000000,1079631.4839610406
2025-05-02T01:50:00.000+0000,1000000,1000000,1080396.661091343
2025-05-02T02:00:00.000+0000,1000000,1000000,1079251.230128558
2025-05-02T02:10:00.000+0000,1000000,1000000,1079649.4842696714
2025-05-02T02:20:00.000+0000,1000000,1000000,1081155.0554239189
2025-05-02T02:30:00.000+0000,1000000,1000000,1082654.3441467753
2025-05-02T02:40:00.000+0000,1000000,1000000,1081928.4369570184
2025-05-02T02:50:00.000+0000,1000000,1000000,1082520.2284527349
2025-05-02T03:00:00.000+0000,1000000,1000000,1082363.2264046976
2025-05-02T03:10:00.000+0000,1000000,1000000,1081553.351087123
2025-05-02T03:20:00.000+0000,1000000,1000000,1081032.2121415418
2025-05-02T03:30:00.000+0000,1000000,1000000,1082811.6294624018
2025-05-02T03:40:00.000+0000,1000000,1000000,1083177.9038382298
2025-05-02T03:50:00.000+0000,1000000,1000000,1083573.6530625615
2025-05-02T04:00:00.000+0000,1000000,1000000,1082988.9863782413
2025-05-02T04:10:00.000+0000,1000000,1000000,1082608.2377688186
2025-05-02T04:20:00.000+0000,1000000,1000000,1083359.7388584223
2025-05-02T04:30:00.000+0000,1000000,1000000,1081373.3161192238
2025-05-02T04:40:00.000+0000,1000000,1000000,1079997.086132047
2025-05-02T04:50:00.000+0000,1000000,1000000,1080190.1716000275
2025-05-02T05:00:00.000+0000,1000000,1000000,1080340.0209526047
2025-05-02T05:10:00.000+0000,1000000,1000000,1077931.9246208593
2025-05-02T05:20:00.000+0000,1000000,1000000,1077281.177561522
2025-05-02T05:30:00.000+0000,1000000,1000000,1077618.4935881617
2025-05-02T05:40:00.000+0000,1000000,1000000,1078081.6399724477
2025-05-02T05:50:00.000+0000,1000000,1000000,1075928.0898841603
2025-05-02T06:00:00.000+0000,1000000,1000000,1074731.6308782916
2025-05-02T06:10:00.000+0000,1000000,1000000,1075220.474319255
2025-05-02T06:20:00.000+0000,1000000,1000000,1074364.8595792218
2025-05-02T06:30:00.000+0000,1000000,1000000,1075506.5830058446
2025-05-02T06:40:00.000+0000,1000000,1000000,1073066.8746423866
2025-05-02T06:50:00.000+0000,1000000,1000000,1074124.4702202997
2025-05-02T07:00:00.000+0000,1000000,1000000,1071899.2630396024
2025-05-02T07:10:00.000+0000,1000000,1000000,1071365.5166359972
2025-05-02T07:20:00.000+0000,1000000,1000000,1073051.9370125853
2025-05-02T07:30:00.000+0000,1000000,1000000,1070294.5328726536
2025-05-02T07:40:00.000+0000,1000000,1000000,1069674.0277154827
2025-05-02T07:50:00.000+0000,1000000,1000000,1069660.5944934334
2025-05-02T08:00:00.000+0000,1000000,1000000,1069249.2268671305
2025-05-02T08:10:00.000+0000,1000000,1000000,1071502.860390589
2025-05-02T08:20:00.000+0000,1000000,1000000,1073257.0226058199
2025-05-02T08:30:00.000+0000,1000000,1000000,1072684.6042311573
2025-05-02T08:40:00.000+0000,1000000,1000000,1074379.1191018717
2025-05-02T08:50:00.000+0000,1000000,1000000,1073290.1843412616
2025-05-02T09:00:00.000+0000,1000000,1000000,1072460.2495232094
2025-05-02T09:10:00.000+0000,1000000,1000000,1075156.5842126966
2025-05-02T09:20:00.000+0000,1000000,1000000,1074000.443653116
2025-05-02T09:30:00.000+0000,1000000,1000000,1073986.369052545
2025-05-02T09:40:00.000+0000,1000000,1000000,1073845.6948765041
2025-05-02T09:50:00.000+0000,1000000,1000000,1073623.7089380475
2025-05-02T10:00:00.000+0000,1000000,1000000,1073831.7757220801
2025-05-02T10:10:00.000+0000,1000000,1000000,1075713.791053251
2025-05-02T10:20:00.000+0000,1000000,1000000,1075598.0490086684
2025-05-02T10:30:00.000+0000,1000000,1000000,1076678.8954368406
2025-05-02T10:40:00.000+0000,1000000,1000000,1076611.6011922176
2025-05-02T10:50:00.000+0000,1000000,1000000,1076753.0531712875
2025-05-02T11:00:00.000+0000,1000000,1000000,1078118.2462948943
2025-05-02T11:10:00.000+0000,1000000,1000000,1078377.6539012487
2025-05-02T11:20:00.000+0000,1000000,1000000,1079898.5751782728
2025-05-02T11:30:00.000+0000,1000000,1000000,1078724.7406503942
2025-05-02T11:40:00.000+0000,1000000,1000000,1078977.0936652995
2025-05-02T11:50:00.000+0000,1000000,1000000,1080030.1712086366
2025-05-02T12:00:00.000+0000,1000000,1000000,1080010.7163580519
2025-05-02T12:10:00.000+0000,1000000,1000000,1077865.7909190923
2025-05-02T12:20:00.000+0000,1000000,1000000,1077550.1350356084
2025-05-02T12:30:00.000+0000,1000000,1000000,1074384.9590277812
2025-05-02T12:40:00.000+0000,1000000,1000000,1078168.7637588507
2025-05-02T12:50:00.000+0000,1000000,1000000,1080713.6396442351
2025-05-02T13:00:00.000+0000,1000000,1000000,1080311.8956022807
2025-05-02T13:10:00.000+0000,1000000,1000000,1078253.0671842159
2025-05-02T13:20:00.000+0000,1000000,1000000,1079512.320885196
2025-05-02T13:30:00.000+0000,1000000,1000000,1077735.3018276175
2025-05-02T13:40:00.000+0000,1000000,1000000,1078427.648462702
2025-05-02T13:50:00.000+0000,1000000,1000000,1078618.6463181963
2025-05-02T14:00:00.000+0000,1000000,1000000,1080836.791413247
2025-05-02T14:10:00.000+0000,1000000,1000000,1080748.5880354433
2025-05-02T14:20:00.000+0000,1000000,1000000,1082740.407121918
2025-05-02T14:30:00.000+0000,1000000,1000000,1083412.693961449
2025-05-02T14:40:00.000+0000,1000000,1000000,1084356.35528277
2025-05-02T14:50:00.000+0000,1000000,1000000,1086515.9497772607
2025-05-02T15:00:00.000+0000,1000000,1000000,1084794.8686053744
2025-05-02T15:10:00.000+0000,1000000,1000000,1084008.2009883833
2025-05-02T15:20:00.000+0000,1000000,1000000,1078557.3002269913
2025-05-02T15:30:00.000+0000,1000000,1000000,1079737.1955176946
2025-05-02T15:40:00.000+0000,1000000,1000000,1081688.717862398
2025-05-02T15:50:00.000+0000,1000000,1000000,1080695.8593408684
2025-05-02T16:00:00.000+0000,1000000,1000000,1081826.3818904255
2025-05-02T16:10:00.000+0000,1000000,1000000,1088371.9051473597
2025-05-02T16:20:00.000+0000,1000000,1000000,1087812.454693738
2025-05-02T16:30:00.000+0000,1000000,1000000,1087273.153017898
2025-05-02T16:40:00.000+0000,1000000,1000000,1085654.778414625
2025-05-02T16:50:00.000+0000,1000000,1000000,1083452.9000755479
2025-05-02T17:00:00.000+0000,1000000,1000000,1079501.2253112625
2025-05-02T17:10:00.000+0000,1000000,1000000,1079037.531637079
2025-05-02T17:20:00.000+0000,1000000,1000000,1081635.295884354
2025-05-02T17:30:00.000+0000,1000000,1000000,1082500.3176287059
2025-05-02T17:40:00.000+0000,1000000,1000000,1080853.006121403
2025-05-02T17:50:00.000+0000,1000000,1000000,1081189.5215673451
2025-05-02T18:00:00.000+0000,1000000,1000000,1082891.6914046574
2025-05-02T18:10:00.000+0000,1000000,1000000,1083454.2565134908
2025-05-02T18:20:00.000+0000,1000000,1000000,1083283.414929976
2025-05-02T18:30:00.000+0000,1000000,1000000,1083464.4180065964
2025-05-02T18:40:00.000+0000,1000000,1000000,1083578.3468795752
2025-05-02T18:50:00.000+0000,1000000,1000000,1080565.0738267768
2025-05-02T19:00:00.000+0000,1000000,1000000,1078832.1790971593
2025-05-02T19:10:00.000+0000,1000000,1000000,1076513.5179791714
2025-05-02T19:20:00.000+0000,1000000,1000000,1077872.031756958
2025-05-02T19:30:00.000+0000,1000000,1000000,1075286.073573217
2025-05-02T19:40:00.000+0000,1000000,1000000,1072280.156345805
2025-05-02T19:50:00.000+0000,1000000,1000000,1073471.731470468
2025-05-02T20:00:00.000+0000,1000000,1000000,1072885.8943255753
2025-05-02T20:10:00.000+0000,1000000,1000000,1075026.7544125156
2025-05-02T20:20:00.000+0000,1000000,1000000,1074579.782582522
2025-05-02T20:30:00.000+0000,1000000,1000000,1075526.9767128602
2025-05-02T20:40:00.000+0000,1000000,1000000,1076098.034079759
2025-05-02T20:50:00.000+0000,1000000,1000000,1076076.961988375
2025-05-02T21:00:00.000+0000,1000000,1000000,1075965.8666314615
2025-05-02T21:10:00.000+0000,1000000,1000000,1075847.2749914096
2025-05-02T21:20:00.000+0000,1000000,1000000,1075096.8658344413
2025-05-02T21:30:00.000+0000,1000000,1000000,1074586.7645483643
2025-05-02T21:40:00.000+0000,1000000,1000000,1071371.3230348711
2025-05-02T21:50:00.000+0000,1000000,1000000,1070402.1967261548
2025-05-02T22:00:00.000+0000,1000000,1000000,1070858.0422036722
2025-05-02T22:10:00.000+0000,1000000,1000000,1070896.5225543873
2025-05-02T22:20:00.000+0000,1000000,1000000,1071555.8449695471
2025-05-02T22:30:00.000+0000,1000000,1000000,1071492.121559362
2025-05-02T22:40:00.000+0000,1000000,1000000,1071074.407738485
2025-05-02T22:50:00.000+0000,1000000,1000000,1071357.996484181
2025-05-02T23:00:00.000+0000,1000000,1000000,1071565.3310383786
2025-05-02T23:10:00.000+0000,1000000,1000000,1072704.4854899608
2025-05-02T23:20:00.000+0000,1000000,1000000,1072309.296433337
2025-05-02T23:30:00.000+0000,1000000,1000000,1072799.474366227
2025-05-02T23:40:00.000+0000,1000000,1000000,1073794.3551094746
2025-05-02T23:50:00.000+0000,1000000,1000000,1073651.6439648208
2025-05-03T00:00:00.000+0000,1000000,1000000,1074434.442160597
2025-05-03T00:10:00.000+0000,1000000,1000000,1074646.44162817
2025-05-03T00:20:00.000+0000,1000000,1000000,1073640.8931052932
2025-05-03T00:30:00.000+0000,1000000,1000000,1073937.9022130868
2025-05-03T00:40:00.000+0000,1000000,1000000,1072712.2396158613
2025-05-03T00:50:00.000+0000,1000000,1000000,1072296.394698998
2025-05-03T01:00:00.000+0000,1000000,1000000,1071697.6788746512
2025-05-03T01:10:00.000+0000,1000000,1000000,1070857.4871423603
2025-05-03T01:20:00.000+0000,1000000,1000000,1071399.8233536072
2025-05-03T01:30:00.000+0000,1000000,1000000,1069682.8938509508
2025-05-03T01:40:00.000+0000,1000000,1000000,1070068.2098063133
2025-05-03T01:50:00.000+0000,1000000,1000000,1069939.6333051033
2025-05-03T02:00:00.000+0000,1000000,1000000,1071519.7990563083
2025-05-03T02:10:00.000+0000,1000000,1000000,1072486.201739771
2025-05-03T02:20:00.000+0000,1000000,1000000,1073491.2466590013
2025-05-03T02:30:00.000+0000,1000000,1000000,1073711.2765803004
2025-05-03T02:40:00.000+0000,1000000,1000000,1072667.8030452377
2025-05-03T02:50:00.000+0000,1000000,1000000,1073137.2179099538
2025-05-03T03:00:00.000+0000,1000000,1000000,1073940.3147045467
2025-05-03T03:10:00.000+0000,1000000,1000000,1072206.972917485
2025-05-03T03:20:00.000+0000,1000000,1000000,1071833.1357767407
2025-05-03T03:30:00.000+0000,1000000,1000000,1071137.7773839168
2025-05-03T03:40:00.000+0000,1000000,1000000,1072385.2502225498
2025-05-03T03:50:00.000+0000,1000000,1000000,1072031.4002338932
2025-05-03T04:00:00.000+0000,1000000,1000000,1071946.1083635164
2025-05-03T04:10:00.000+0000,1000000,1000000,1072697.481855319
2025-05-03T04:20:00.000+0000,1000000,1000000,1072536.192822413
2025-05-03T04:30:00.000+0000,1000000,1000000,1072901.1997246675
2025-05-03T04:40:00.000+0000,1000000,1000000,1072767.5367131834
2025-05-03T04:50:00.000+0000,1000000,1000000,1072973.9972472843
2025-05-03T05:00:00.000+0000,1000000,1000000,1071845.3623640228
2025-05-03T05:10:00.000+0000,1000000,1000000,1071577.377014044
2025-05-03T05:20:00.000+0000,1000000,1000000,1071924.258969961
2025-05-03T05:30:00.000+0000,1000000,1000000,1071003.9543386064
2025-05-03T05:40:00.000+0000,1000000,1000000,1072236.862628907
2025-05-03T05:50:00.000+0000,1000000,1000000,1070743.1064006174
2025-05-03T06:00:00.000+0000,1000000,1000000,1069719.089603083
2025-05-03T06:10:00.000+0000,1000000,1000000,1068052.538179781
2025-05-03T06:20:00.000+0000,1000000,1000000,1068088.2187829656
2025-05-03T06:30:00.000+0000,1000000,1000000,1068549.062325104
2025-05-03T06:40:00.000+0000,1000000,1000000,1068593.4667547778
2025-05-03T06:50:00.000+0000,1000000,1000000,1068095.034571152
2025-05-03T07:00:00.000+0000,1000000,1000000,1068633.3196406993
2025-05-03T07:10:00.000+0000,1000000,1000000,1068724.6165236316
2025-05-03T07:20:00.000+0000,1000000,1000000,1067477.322463248
2025-05-03T07:30:00.000+0000,1000000,1000000,1068349.3288563194
2025-05-03T07:40:00.000+0000,1000000,1000000,1069390.1990933726
2025-05-03T07:50:00.000+0000,1000000,1000000,1069449.67704078
2025-05-03T08:00:00.000+0000,1000000,1000000,1067841.1798313719
2025-05-03T08:10:00.000+0000,1000000,1000000,1067882.0404790204
2025-05-03T08:20:00.000+0000,1000000,1000000,1068723.109450861
2025-05-03T08:30:00.000+0000,1000000,1000000,1070009.6734339313
2025-05-03T08:40:00.000+0000,1000000,1000000,1070565.0263767252
2025-05-03T08:50:00.000+0000,1000000,1000000,1069225.7959239718
2025-05-03T09:00:00.000+0000,1000000,1000000,1067931.6270816014
2025-05-03T09:10:00.000+0000,1000000,1000000,1067832.5270207631
2025-05-03T09:20:00.000+0000,1000000,1000000,1068803.7838322832
2025-05-03T09:30:00.000+0000,1000000,1000000,1067964.8585004145
2025-05-03T09:40:00.000+0000,1000000,1000000,1068001.954788481
2025-05-03T09:50:00.000+0000,1000000,1000000,1066038.6073228861
2025-05-03T10:00:00.000+0000,1000000,1000000,1067284.1002935427
2025-05-03T10:10:00.000+0000,1000000,1000000,1066508.731380411
2025-05-03T10:20:00.000+0000,1000000,1000000,1067354.8597922544
2025-05-03T10:30:00.000+0000,1000000,1000000,1066213.511056827
2025-05-03T10:40:00.000+0000,1000000,1000000,1064868.7057736234
2025-05-03T10:50:00.000+0000,1000000,1000000,1063974.9585631576
2025-05-03T11:00:00.000+0000,1000000,1000000,1064193.8692221916
2025-05-03T11:10:00.000+0000,1000000,1000000,1064542.5780234565
2025-05-03T11:20:00.000+0000,1000000,1000000,1065913.4529439479
2025-05-03T11:30:00.000+0000,1000000,1000000,1064950.3166415337
2025-05-03T11:40:00.000+0000,1000000,1000000,1065103.9512622764
2025-05-03T11:50:00.000+0000,1000000,1000000,1065337.2249137256
2025-05-03T12:00:00.000+0000,1000000,1000000,1066159.2062141206
2025-05-03T12:10:00.000+0000,1000000,1000000,1066234.1468401344
2025-05-03T12:20:00.000+0000,1000000,1000000,1068158.3449696454
2025-05-03T12:30:00.000+0000,1000000,1000000,1068507.1840337296
2025-05-03T12:40:00.000+0000,1000000,1000000,1068993.8634805714
2025-05-03T12:50:00.000+0000,1000000,1000000,1069543.7388652747
2025-05-03T13:00:00.000+0000,1000000,1000000,1069668.1133305994
2025-05-03T13:10:00.000+0000,1000000,1000000,1070645.397136409
2025-05-03T13:20:00.000+0000,1000000,1000000,1071092.8782130205
2025-05-03T13:30:00.000+0000,1000000,1000000,1070944.0162501629
2025-05-03T13:40:00.000+0000,1000000,1000000,1071723.9353566791
2025-05-03T13:50:00.000+0000,1000000,1000000,1071859.1067913012
2025-05-03T14:00:00.000+0000,1000000,1000000,1071983.6675290726
2025-05-03T14:10:00.000+0000,1000000,1000000,1071276.8262883855
2025-05-03T14:20:00.000+0000,1000000,1000000,1071525.1455735043
2025-05-03T14:30:00.000+0000,1000000,1000000,1071010.9529382875
2025-05-03T14:40:00.000+0000,1000000,1000000,1071725.7209035773
2025-05-03T14:50:00.000+0000,1000000,1000000,1072076.2656541134
2025-05-03T15:00:00.000+0000,1000000,1000000,1073179.5090072383
2025-05-03T15:10:00.000+0000,1000000,1000000,1073699.2102862035
2025-05-03T15:20:00.000+0000,1000000,1000000,1073304.537174461
2025-05-03T15:30:00.000+0000,1000000,1000000,1073290.2100968824
2025-05-03T15:40:00.000+0000,1000000,1000000,1073266.95845069
2025-05-03T15:50:00.000+0000,1000000,1000000,1072213.7206320262
2025-05-03T16:00:00.000+0000,1000000,1000000,1071280.6201238995
2025-05-03T16:10:00.000+0000,1000000,1000000,1070707.3832021917
2025-05-03T16:20:00.000+0000,1000000,1000000,1070370.0923767388
2025-05-03T16:30:00.000+0000,1000000,1000000,1067747.7768330302
2025-05-03T16:40:00.000+0000,1000000,1000000,1066808.1049829512
2025-05-03T16:50:00.000+0000,1000000,1000000,1068026.4045020929
2025-05-03T17:00:00.000+0000,1000000,1000000,1062606.4580194112
2025-05-03T17:10:00.000+0000,1000000,1000000,1060610.8978875973
2025-05-03T17:20:00.000+0000,1000000,1000000,1061063.9894501371
2025-05-03T17:30:00.000+0000,1000000,1000000,1061480.3433364015
2025-05-03T17:40:00.000+0000,1000000,1000000,1061777.452953866
2025-05-03T17:50:00.000+0000,1000000,1000000,1064197.9881424608
2025-05-03T18:00:00.000+0000,1000000,1000000,1064770.2181162336
2025-05-03T18:10:00.000+0000,1000000,1000000,1066109.1607137187
2025-05-03T18:20:00.000+0000,1000000,1000000,1066810.7937665195
2025-05-03T18:30:00.000+0000,1000000,1000000,1065547.6213151016
2025-05-03T18:40:00.000+0000,1000000,1000000,1064903.0290893544
2025-05-03T18:50:00.000+0000,1000000,1000000,1064749.038003123
2025-05-03T19:00:00.000+0000,1000000,1000000,1065128.825479305
2025-05-03T19:10:00.000+0000,1000000,1000000,1067033.6164598686
2025-05-03T19:20:00.000+0000,1000000,1000000,1067302.3541523316
2025-05-03T19:30:00.000+0000,1000000,1000000,1068531.2362249019
2025-05-03T19:40:00.000+0000,1000000,1000000,1068975.375611981
2025-05-03T19:50:00.000+0000,1000000,1000000,1069664.7421294178
2025-05-03T20:00:00.000+0000,1000000,1000000,1070498.6007864447
2025-05-03T20:10:00.000+0000,1000000,1000000,1069621.015529678
2025-05-03T20:20:00.000+0000,1000000,1000000,1069915.2409693454
2025-05-03T20:30:00.000+0000,1000000,1000000,1069969.2826392532
2025-05-03T20:40:00.000+0000,1000000,1000000,1069416.2451392007
2025-05-03T20:50:00.000+0000,1000000,1000000,1070340.6113665465
2025-05-03T21:00:00.000+0000,1000000,1000000,1068799.630848403
2025-05-03T21:10:00.000+0000,1000000,1000000,1068951.661624874
2025-05-03T21:20:00.000+0000,1000000,1000000,1071626.093647632
2025-05-03T21:30:00.000+0000,1000000,1000000,1071777.21315666
2025-05-03T21:40:00.000+0000,1000000,1000000,1070979.9889833606
2025-05-03T21:50:00.000+0000,1000000,1000000,1070615.7001006217
2025-05-03T22:00:00.000+0000,1000000,1000000,1069725.2321311557
2025-05-03T22:10:00.000+0000,1000000,1000000,1069775.198531328
2025-05-03T22:20:00.000+0000,1000000,1000000,1069767.7271721587
2025-05-03T22:30:00.000+0000,1000000,1000000,1070928.206469349
2025-05-03T22:40:00.000+0000,1000000,1000000,1071233.0994292875
2025-05-03T22:50:00.000+0000,1000000,1000000,1070396.2477768026
2025-05-03T23:00:00.000+0000,1000000,1000000,1069490.7582838442
2025-05-03T23:10:00.000+0000,1000000,1000000,1069042.0051816977
2025-05-03T23:20:00.000+0000,1000000,1000000,1066048.0942412275
2025-05-03T23:30:00.000+0000,1000000,1000000,1065551.5971840345
2025-05-03T23:40:00.000+0000,1000000,1000000,1066529.2894495744
2025-05-03T23:50:00.000+0000,1000000,1000000,1065642.1004617503
2025-05-04T00:00:00.000+0000,1000000,1000000,1065457.524663749
2025-05-04T00:10:00.000+0000,1000000,1000000,1067155.2421344703
2025-05-04T00:20:00.000+0000,1000000,1000000,1066350.8609909657
2025-05-04T00:30:00.000+0000,1000000,1000000,1064512.0413084
2025-05-04T00:40:00.000+0000,1000000,1000000,1063484.4279208067
2025-05-04T00:50:00.000+0000,1000000,1000000,1063968.827857603
2025-05-04T01:00:00.000+0000,1000000,1000000,1064559.0798445237
2025-05-04T01:10:00.000+0000,1000000,1000000,1066193.912028179
2025-05-04T01:20:00.000+0000,1000000,1000000,1067331.5039160803
2025-05-04T01:30:00.000+0000,1000000,1000000,1066087.6742959926
2025-05-04T01:40:00.000+0000,1000000,1000000,1062016.5038590515
2025-05-04T01:50:00.000+0000,1000000,1000000,1064349.1460255617
2025-05-04T02:00:00.000+0000,1000000,1000000,1068485.2601454824
2025-05-04T02:10:00.000+0000,1000000,1000000,1069833.906724337
2025-05-04T02:20:00.000+0000,1000000,1000000,1069461.774196894
2025-05-04T02:30:00.000+0000,1000000,1000000,1065834.1805558049
2025-05-04T02:40:00.000+0000,1000000,1000000,1064224.7766309157
2025-05-04T02:50:00.000+0000,1000000,1000000,1064291.8473557464
2025-05-04T03:00:00.000+0000,1000000,1000000,1061835.8081959148
2025-05-04T03:10:00.000+0000,1000000,1000000,1061725.1387285038
2025-05-04T03:20:00.000+0000,1000000,1000000,1062280.8505424466
2025-05-04T03:30:00.000+0000,1000000,1000000,1063598.8041284462
2025-05-04T03:40:00.000+0000,1000000,1000000,1063049.7502330237
2025-05-04T03:50:00.000+0000,1000000,1000000,1062933.5699755629
2025-05-04T04:00:00.000+0000,1000000,1000000,1062124.106873746
2025-05-04T04:10:00.000+0000,1000000,1000000,1063434.7826078625
2025-05-04T04:20:00.000+0000,1000000,1000000,1063432.3063532198
2025-05-04T04:30:00.000+0000,1000000,1000000,1061414.2919364583
2025-05-04T04:40:00.000+0000,1000000,1000000,1061359.1776506305
2025-05-04T04:50:00.000+0000,1000000,1000000,1061169.5113269687
2025-05-04T05:00:00.000+0000,1000000,1000000,1062456.9469423345
2025-05-04T05:10:00.000+0000,1000000,1000000,1063377.8288939523
2025-05-04T05:20:00.000+0000,1000000,1000000,1064500.3504835728
2025-05-04T05:30:00.000+0000,1000000,1000000,1066169.35778951
2025-05-04T05:40:00.000+0000,1000000,1000000,1066212.26397312
2025-05-04T05:50:00.000+0000,1000000,1000000,1067692.549454797
2025-05-04T06:00:00.000+0000,1000000,1000000,1066897.3282043587
2025-05-04T06:10:00.000+0000,1000000,1000000,1065973.8030245085
2025-05-04T06:20:00.000+0000,1000000,1000000,1064859.8329220333
2025-05-04T06:30:00.000+0000,1000000,1000000,1064673.2992377894
2025-05-04T06:40:00.000+0000,1000000,1000000,1064674.0665865273
2025-05-04T06:50:00.000+0000,1000000,1000000,1065330.8725396045
2025-05-04T07:00:00.000+0000,1000000,1000000,1064391.0310330587
2025-05-04T07:10:00.000+0000,1000000,1000000,1064606.8540892939
2025-05-04T07:20:00.000+0000,1000000,1000000,1064226.0612570443
2025-05-04T07:30:00.000+0000,1000000,1000000,1062676.615828324
2025-05-04T07:40:00.000+0000,1000000,1000000,1062689.8394636835
2025-05-04T07:50:00.000+0000,1000000,1000000,1063303.8011451075
2025-05-04T08:00:00.000+0000,1000000,1000000,1064225.5777481885
2025-05-04T08:10:00.000+0000,1000000,1000000,1063446.366484113
2025-05-04T08:20:00.000+0000,1000000,1000000,1062102.4207513288
2025-05-04T08:30:00.000+0000,1000000,1000000,1061838.8692828768
2025-05-04T08:40:00.000+0000,1000000,1000000,1060218.5185497967
2025-05-04T08:50:00.000+0000,1000000,1000000,1060980.7042943672
2025-05-04T09:00:00.000+0000,1000000,1000000,1059320.6143222055
2025-05-04T09:10:00.000+0000,1000000,1000000,1058874.6089733485
2025-05-04T09:20:00.000+0000,1000000,1000000,1057940.0544598429
2025-05-04T09:30:00.000+0000,1000000,1000000,1057914.9558735115
2025-05-04T09:40:00.000+0000,1000000,1000000,1058682.093590792
2025-05-04T09:50:00.000+0000,1000000,1000000,1058704.9357041041
2025-05-04T10:00:00.000+0000,1000000,1000000,1058381.369711997
2025-05-04T10:10:00.000+0000,1000000,1000000,1057092.2158274443
2025-05-04T10:20:00.000+0000,1000000,1000000,1057650.4489147903
2025-05-04T10:30:00.000+0000,1000000,1000000,1059328.3258528647
2025-05-04T10:40:00.000+0000,1000000,1000000,1059251.9751670817
2025-05-04T10:50:00.000+0000,1000000,1000000,1059316.9928438948
2025-05-04T11:00:00.000+0000,1000000,1000000,1059470.5363361074
2025-05-04T11:10:00.000+0000,1000000,1000000,1061606.6776463469
2025-05-04T11:20:00.000+0000,1000000,1000000,1061495.1971439468
2025-05-04T11:30:00.000+0000,1000000,1000000,1060668.7546323957
2025-05-04T11:40:00.000+0000,1000000,1000000,1060567.3377963072
2025-05-04T11:50:00.000+0000,1000000,1000000,1059253.6851461374
2025-05-04T12:00:00.000+0000,1000000,1000000,1060209.7333657844
2025-05-04T12:10:00.000+0000,1000000,1000000,1060771.4670854798
2025-05-04T12:20:00.000+0000,1000000,1000000,1060731.3949545105
2025-05-04T12:30:00.000+0000,1000000,1000000,1060923.7200492339
2025-05-04T12:40:00.000+0000,1000000,1000000,1061461.6221195962
2025-05-04T12:50:00.000+0000,1000000,1000000,1060979.7560567958
2025-05-04T13:00:00.000+0000,1000000,1000000,1061353.0783258094
2025-05-04T13:10:00.000+0000,1000000,1000000,1058940.90405931
2025-05-04T13:20:00.000+0000,1000000,1000000,1058870.7398472093
2025-05-04T13:30:00.000+0000,1000000,1000000,1058851.9571835871
2025-05-04T13:40:00.000+0000,1000000,1000000,1057427.3552593691
2025-05-04T13:50:00.000+0000,1000000,1000000,1059368.0525092117
2025-05-04T14:00:00.000+0000,1000000,1000000,1059370.8128630947
2025-05-04T14:10:00.000+0000,1000000,1000000,1060751.3314448665
2025-05-04T14:20:00.000+0000,1000000,1000000,1061995.1516838137
2025-05-04T14:30:00.000+0000,1000000,1000000,1062322.3359704963
2025-05-04T14:40:00.000+0000,1000000,1000000,1062962.8188986143
2025-05-04T14:50:00.000+0000,1000000,1000000,1063666.7419157522
2025-05-04T15:00:00.000+0000,1000000,1000000,1064582.4395303023
2025-05-04T15:10:00.000+0000,1000000,1000000,1064853.2972712773
2025-05-04T15:20:00.000+0000,1000000,1000000,1063926.440060252
2025-05-04T15:30:00.000+0000,1000000,1000000,1063544.774558274
2025-05-04T15:40:00.000+0000,1000000,1000000,1062266.9317009572
2025-05-04T15:50:00.000+0000,1000000,1000000,1064060.573461282
2025-05-04T16:00:00.000+0000,1000000,1000000,1064836.112567456
2025-05-04T16:10:00.000+0000,1000000,1000000,1062782.9091049975
2025-05-04T16:20:00.000+0000,1000000,1000000,1063908.2156952536
2025-05-04T16:30:00.000+0000,1000000,1000000,1063015.5722042243
2025-05-04T16:40:00.000+0000,1000000,1000000,1061737.271835172
2025-05-04T16:50:00.000+0000,1000000,1000000,1061756.6760418836
2025-05-04T17:00:00.000+0000,1000000,1000000,1063222.8335962393
2025-05-04T17:10:00.000+0000,1000000,1000000,1063915.2397376206
2025-05-04T17:20:00.000+0000,1000000,1000000,1062415.287117933
2025-05-04T17:30:00.000+0000,1000000,1000000,1061192.5459458504
2025-05-04T17:40:00.000+0000,1000000,1000000,1062330.2147519623
2025-05-04T17:50:00.000+0000,1000000,1000000,1064127.7824797048
2025-05-04T18:00:00.000+0000,1000000,1000000,1064495.7566575138
2025-05-04T18:10:00.000+0000,1000000,1000000,1064170.205431676
2025-05-04T18:20:00.000+0000,1000000,1000000,1065045.611670209
2025-05-04T18:30:00.000+0000,1000000,1000000,1064059.8798291606
2025-05-04T18:40:00.000+0000,1000000,1000000,1063252.6112884067
2025-05-04T18:50:00.000+0000,1000000,1000000,1062426.0854197396
2025-05-04T19:00:00.000+0000,1000000,1000000,1061158.878979177
2025-05-04T19:10:00.000+0000,1000000,1000000,1061139.8009482303
2025-05-04T19:20:00.000+0000,1000000,1000000,1061447.0042445133
2025-05-04T19:30:00.000+0000,1000000,1000000,1062428.9175854372
2025-05-04T19:40:00.000+0000,1000000,1000000,1063068.2903552135
2025-05-04T19:50:00.000+0000,1000000,1000000,1062218.0443377513
2025-05-04T20:00:00.000+0000,1000000,1000000,1062803.6088929875
2025-05-04T20:10:00.000+0000,1000000,1000000,1062983.1753761426
2025-05-04T20:20:00.000+0000,1000000,1000000,1064395.0087710763
2025-05-04T20:30:00.000+0000,1000000,1000000,1065858.6742686024
2025-05-04T20:40:00.000+0000,1000000,1000000,1065992.2804566664
2025-05-04T20:50:00.000+0000,1000000,1000000,1066121.0204526554
2025-05-04T21:00:00.000+0000,1000000,1000000,1065093.8943299458
2025-05-04T21:10:00.000+0000,1000000,1000000,1064144.2829146865
2025-05-04T21:20:00.000+0000,1000000,1000000,1064895.714580277
2025-05-04T21:30:00.000+0000,1000000,1000000,1065200.7088458198
2025-05-04T21:40:00.000+0000,1000000,1000000,1065927.9942137545
2025-05-04T21:50:00.000+0000,1000000,1000000,1066163.984532836
2025-05-04T22:00:00.000+0000,1000000,1000000,1060719.7746625654
2025-05-04T22:10:00.000+0000,1000000,1000000,1060290.2231380623
2025-05-04T22:20:00.000+0000,1000000,1000000,1060005.8941138994
2025-05-04T22:30:00.000+0000,1000000,1000000,1054959.7464693242
2025-05-04T22:40:00.000+0000,1000000,1000000,1054276.0635999981
2025-05-04T22:50:00.000+0000,1000000,1000000,1054888.4927302483
2025-05-04T23:00:00.000+0000,1000000,1000000,1052466.971502302
2025-05-04T23:10:00.000+0000,1000000,1000000,1052052.4195195572
2025-05-04T23:20:00.000+0000,1000000,1000000,1049196.607618399
2025-05-04T23:30:00.000+0000,1000000,1000000,1047521.6001290856
2025-05-04T23:40:00.000+0000,1000000,1000000,1046673.6566944129
2025-05-04T23:50:00.000+0000,1000000,1000000,1047885.3711978584
2025-05-05T00:00:00.000+0000,1000000,1000000,1047311.5087176748
2025-05-05T00:10:00.000+0000,1000000,1000000,1048888.292849124
2025-05-05T00:20:00.000+0000,1000000,1000000,1051309.8725102164
2025-05-05T00:30:00.000+0000,1000000,1000000,1053531.672333396
2025-05-05T00:40:00.000+0000,1000000,1000000,1053025.8352545197
2025-05-05T00:50:00.000+0000,1000000,1000000,1054401.695639039
2025-05-05T01:00:00.000+0000,1000000,1000000,1051471.0436215382
2025-05-05T01:10:00.000+0000,1000000,1000000,1048476.1061570593
2025-05-05T01:20:00.000+0000,1000000,1000000,1047519.5693400193
2025-05-05T01:30:00.000+0000,1000000,1000000,1040924.8063233526
2025-05-05T01:40:00.000+0000,1000000,1000000,1041166.2891889189
2025-05-05T01:50:00.000+0000,1000000,1000000,1041238.2888137156
2025-05-05T02:00:00.000+0000,1000000,1000000,1038244.2647808403
2025-05-05T02:10:00.000+0000,1000000,1000000,1040475.9913092488
2025-05-05T02:20:00.000+0000,1000000,1000000,1047295.9709899423
2025-05-05T02:30:00.000+0000,1000000,1000000,1048129.5878836119
2025-05-05T02:40:00.000+0000,1000000,1000000,1048367.6489398413
2025-05-05T02:50:00.000+0000,1000000,1000000,1048675.0741640492
2025-05-05T03:00:00.000+0000,1000000,1000000,1047340.3781024932
2025-05-05T03:10:00.000+0000,1000000,1000000,1046126.2133415258
2025-05-05T03:20:00.000+0000,1000000,1000000,1046697.1897748276
2025-05-05T03:30:00.000+0000,1000000,1000000,1047061.9227727749
2025-05-05T03:40:00.000+0000,1000000,1000000,1047765.0682641002
2025-05-05T03:50:00.000+0000,1000000,1000000,1047583.184209761
2025-05-05T04:00:00.000+0000,1000000,1000000,1047880.5264688006
2025-05-05T04:10:00.000+0000,1000000,1000000,1047638.4228560783
2025-05-05T04:20:00.000+0000,1000000,1000000,1050833.7590186822
2025-05-05T04:30:00.000+0000,1000000,1000000,1052282.71147935
2025-05-05T04:40:00.000+0000,1000000,1000000,1053434.5425357528
2025-05-05T04:50:00.000+0000,1000000,1000000,1053509.7943312782
2025-05-05T05:00:00.000+0000,1000000,1000000,1053990.4106096355
2025-05-05T05:10:00.000+0000,1000000,1000000,1052806.3800241828
2025-05-05T05:20:00.000+0000,1000000,1000000,1054279.0011759805
2025-05-05T05:30:00.000+0000,1000000,1000000,1054101.1071473178
2025-05-05T05:40:00.000+0000,1000000,1000000,1055312.4316760977
2025-05-05T05:50:00.000+0000,1000000,1000000,1056450.9286697537
2025-05-05T06:00:00.000+0000,1000000,1000000,1057830.4325321764
2025-05-05T06:10:00.000+0000,1000000,1000000,1057247.7904752344
2025-05-05T06:20:00.000+0000,1000000,1000000,1057764.0549207504
2025-05-05T06:30:00.000+0000,1000000,1000000,1058149.0551546393
2025-05-05T06:40:00.000+0000,1000000,1000000,1058697.8898050142
2025-05-05T06:50:00.000+0000,1000000,1000000,1058852.622502222
2025-05-05T07:00:00.000+0000,1000000,1000000,1058044.1829821786
2025-05-05T07:10:00.000+0000,1000000,1000000,1058232.2843364994
2025-05-05T07:20:00.000+0000,1000000,1000000,1059211.7849623226
2025-05-05T07:30:00.000+0000,1000000,1000000,1059754.4444070994
2025-05-05T07:40:00.000+0000,1000000,1000000,1060223.5135199763
2025-05-05T07:50:00.000+0000,1000000,1000000,1060218.1758652045
2025-05-05T08:00:00.000+0000,1000000,1000000,1059643.3254587257
2025-05-05T08:10:00.000+0000,1000000,1000000,1059287.3532752553
2025-05-05T08:20:00.000+0000,1000000,1000000,1059148.4869050642
2025-05-05T08:30:00.000+0000,1000000,1000000,1058750.2933433987
2025-05-05T08:40:00.000+0000,1000000,1000000,1060175.529947875
2025-05-05T08:50:00.000+0000,1000000,1000000,1059136.7955615206
2025-05-05T09:00:00.000+0000,1000000,1000000,1059149.448038305
2025-05-05T09:10:00.000+0000,1000000,1000000,1058762.7804563195
2025-05-05T09:20:00.000+0000,1000000,1000000,1059015.8839267655
2025-05-05T09:30:00.000+0000,1000000,1000000,1059404.299271728
2025-05-05T09:40:00.000+0000,1000000,1000000,1058981.6535907905
2025-05-05T09:50:00.000+0000,1000000,1000000,1057707.5959837805
2025-05-05T10:00:00.000+0000,1000000,1000000,1055683.6052344607
2025-05-05T10:10:00.000+0000,1000000,1000000,1054109.8631326158
2025-05-05T10:20:00.000+0000,1000000,1000000,1052420.0820269964
2025-05-05T10:30:00.000+0000,1000000,1000000,1048889.2719487124
2025-05-05T10:40:00.000+0000,1000000,1000000,1046051.3185480647
2025-05-05T10:50:00.000+0000,1000000,1000000,1046509.4258643561
2025-05-05T11:00:00.000+0000,1000000,1000000,1047844.4325767071
2025-05-05T11:10:00.000+0000,1000000,1000000,1048956.4702356267
2025-05-05T11:20:00.000+0000,1000000,1000000,1046117.3222820882
2025-05-05T11:30:00.000+0000,1000000,1000000,1044468.4656230179
2025-05-05T11:40:00.000+0000,1000000,1000000,1044911.6446906487
2025-05-05T11:50:00.000+0000,1000000,1000000,1047366.0438320132
2025-05-05T12:00:00.000+0000,1000000,1000000,1045772.9114744179
2025-05-05T12:10:00.000+0000,1000000,1000000,1048751.1589762978
2025-05-05T12:20:00.000+0000,1000000,1000000,1048621.439362004
2025-05-05T12:30:00.000+0000,1000000,1000000,1049609.612875368
2025-05-05T12:40:00.000+0000,1000000,1000000,1048833.6486756252
2025-05-05T12:50:00.000+0000,1000000,1000000,1048206.1385155858
2025-05-05T13:00:00.000+0000,1000000,1000000,1047255.8082670185
2025-05-05T13:10:00.000+0000,1000000,1000000,1047168.8887015509
2025-05-05T13:20:00.000+0000,1000000,1000000,1046774.5656342513
2025-05-05T13:30:00.000+0000,1000000,1000000,1044531.4069375703
2025-05-05T13:40:00.000+0000,1000000,1000000,1043170.7835655634
2025-05-05T13:50:00.000+0000,1000000,1000000,1044422.8066154397
2025-05-05T14:00:00.000+0000,1000000,1000000,1049127.4321642448
2025-05-05T14:10:00.000+0000,1000000,1000000,1048184.2792757491
2025-05-05T14:20:00.000+0000,1000000,1000000,1046640.0366870195
2025-05-05T14:30:00.000+0000,1000000,1000000,1045886.7302150856
2025-05-05T14:40:00.000+0000,1000000,1000000,1049140.7206716556
2025-05-05T14:50:00.000+0000,1000000,1000000,1047309.4503574793
2025-05-05T15:00:00.000+0000,1000000,1000000,1045664.0083086244
2025-05-05T15:10:00.000+0000,1000000,1000000,1045562.7453089571
2025-05-05T15:20:00.000+0000,1000000,1000000,1047105.5395174206
2025-05-05T15:30:00.000+0000,1000000,1000000,1046574.040205694
2025-05-05T15:40:00.000+0000,1000000,1000000,1042018.5108353301
2025-05-05T15:50:00.000+0000,1000000,1000000,1043218.0381451412
2025-05-05T16:00:00.000+0000,1000000,1000000,1044764.4967400916
2025-05-05T16:10:00.000+0000,1000000,1000000,1046530.2181669617
2025-05-05T16:20:00.000+0000,1000000,1000000,1050632.2287527742
2025-05-05T16:30:00.000+0000,1000000,1000000,1050675.9239896392
2025-05-05T16:40:00.000+0000,1000000,1000000,1051007.2760070972
2025-05-05T16:50:00.000+0000,1000000,1000000,1050237.3551582654
2025-05-05T17:00:00.000+0000,1000000,1000000,1049910.7621249487
2025-05-05T17:10:00.000+0000,1000000,1000000,1049064.158252881
2025-05-05T17:20:00.000+0000,1000000,1000000,1051379.8027839507
2025-05-05T17:30:00.000+0000,1000000,1000000,1053032.8826468477
2025-05-05T17:40:00.000+0000,1000000,1000000,1054361.7902580188
2025-05-05T17:50:00.000+0000,1000000,1000000,1054646.836505763
2025-05-05T18:00:00.000+0000,1000000,1000000,1054193.7921082852
2025-05-05T18:10:00.000+0000,1000000,1000000,1056154.3089821914
2025-05-05T18:20:00.000+0000,1000000,1000000,1055644.5703232917
2025-05-05T18:30:00.000+0000,1000000,1000000,1056372.2424464393
2025-05-05T18:40:00.000+0000,1000000,1000000,1060347.315199141
2025-05-05T18:50:00.000+0000,1000000,1000000,1059321.1352034188
2025-05-05T19:00:00.000+0000,1000000,1000000,1059546.05651798
2025-05-05T19:10:00.000+0000,1000000,1000000,1060516.6521155457
2025-05-05T19:20:00.000+0000,1000000,1000000,1059059.6893138005
2025-05-05T19:30:00.000+0000,1000000,1000000,1057657.0871050307
2025-05-05T19:40:00.000+0000,1000000,1000000,1057505.0022058762
2025-05-05T19:50:00.000+0000,1000000,1000000,1056241.9273218936
2025-05-05T20:00:00.000+0000,1000000,1000000,1054797.2672297074
2025-05-05T20:10:00.000+0000,1000000,1000000,1054853.005464285
2025-05-05T20:20:00.000+0000,1000000,1000000,1054037.4167454513
2025-05-05T20:30:00.000+0000,1000000,1000000,1048622.7596793287
2025-05-05T20:40:00.000+0000,1000000,1000000,1049473.5516363203
2025-05-05T20:50:00.000+0000,1000000,1000000,1051578.5542287698
2025-05-05T21:00:00.000+0000,1000000,1000000,1052758.9314186028
2025-05-05T21:10:00.000+0000,1000000,1000000,1055637.427304048
2025-05-05T21:20:00.000+0000,1000000,1000000,1056990.4461118304
2025-05-05T21:30:00.000+0000,1000000,1000000,1054440.3154100734
2025-05-05T21:40:00.000+0000,1000000,1000000,1056528.9097335045
2025-05-05T21:50:00.000+0000,1000000,1000000,1058293.8348722807
2025-05-05T22:00:00.000+0000,1000000,1000000,1058820.6842768856
2025-05-05T22:10:00.000+0000,1000000,1000000,1059567.0238070895
2025-05-05T22:20:00.000+0000,1000000,1000000,1060324.2975270322
2025-05-05T22:30:00.000+0000,1000000,1000000,1061538.8895100113
2025-05-05T22:40:00.000+0000,1000000,1000000,1063281.4611507275
2025-05-05T22:50:00.000+0000,1000000,1000000,1062974.2165738535
2025-05-05T23:00:00.000+0000,1000000,1000000,1063012.3262487599
2025-05-05T23:10:00.000+0000,1000000,1000000,1063308.7789448737
2025-05-05T23:20:00.000+0000,1000000,1000000,1061934.6834937453
2025-05-05T23:30:00.000+0000,1000000,1000000,1061244.9618433286
2025-05-05T23:40:00.000+0000,1000000,1000000,1060002.4980601836
2025-05-05T23:50:00.000+0000,1000000,1000000,1058890.2781442036
2025-05-06T00:00:00.000+0000,1000000,1000000,1057525.238579801
2025-05-06T00:10:00.000+0000,1000000,1000000,1056118.1175405213
2025-05-06T00:20:00.000+0000,1000000,1000000,1055878.0803723438
2025-05-06T00:30:00.000+0000,1000000,1000000,1055753.2896758746
2025-05-06T00:40:00.000+0000,1000000,1000000,1054334.4164363868
2025-05-06T00:50:00.000+0000,1000000,1000000,1054586.8225186837
2025-05-06T01:00:00.000+0000,1000000,1000000,1054220.3591696732
2025-05-06T01:10:00.000+0000,1000000,1000000,1055835.7544512325
2025-05-06T01:20:00.000+0000,1000000,1000000,1057009.981341578
2025-05-06T01:30:00.000+0000,1000000,1000000,1052649.544672518
2025-05-06T01:40:00.000+0000,1000000,1000000,1050367.7094171003
2025-05-06T01:50:00.000+0000,1000000,1000000,1049874.682148099
2025-05-06T02:00:00.000+0000,1000000,1000000,1049039.533776406
2025-05-06T02:10:00.000+0000,1000000,1000000,1047292.9635248064
2025-05-06T02:20:00.000+0000,1000000,1000000,1044907.8698589159
2025-05-06T02:30:00.000+0000,1000000,1000000,1044950.8119573626
2025-05-06T02:40:00.000+0000,1000000,1000000,1046510.9399126072
2025-05-06T02:50:00.000+0000,1000000,1000000,1048140.3813740985
2025-05-06T03:00:00.000+0000,1000000,1000000,1047673.7994888725
2025-05-06T03:10:00.000+0000,1000000,1000000,1047279.3981529942
2025-05-06T03:20:00.000+0000,1000000,1000000,1047595.5136945152
2025-05-06T03:30:00.000+0000,1000000,1000000,1049674.5380554239
2025-05-06T03:40:00.000+0000,1000000,1000000,1049650.4638467997
2025-05-06T03:50:00.000+0000,1000000,1000000,1050445.2348203417
2025-05-06T04:00:00.000+0000,1000000,1000000,1049093.6252763942
2025-05-06T04:10:00.000+0000,1000000,1000000,1049253.1633268709
2025-05-06T04:20:00.000+0000,1000000,1000000,1051138.1821077913
2025-05-06T04:30:00.000+0000,1000000,1000000,1051160.102758727
2025-05-06T04:40:00.000+0000,1000000,1000000,1050537.4293148313
2025-05-06T04:50:00.000+0000,1000000,1000000,1051630.8593323498
2025-05-06T05:00:00.000+0000,1000000,1000000,1051003.1500399122
2025-05-06T05:10:00.000+0000,1000000,1000000,1050333.4938101615
2025-05-06T05:20:00.000+0000,1000000,1000000,1049122.530835408
2025-05-06T05:30:00.000+0000,1000000,1000000,1048440.5300789323
2025-05-06T05:40:00.000+0000,1000000,1000000,1048851.6216367674
2025-05-06T05:50:00.000+0000,1000000,1000000,1047962.0260776725
2025-05-06T06:00:00.000+0000,1000000,1000000,1048829.733681216
2025-05-06T06:10:00.000+0000,1000000,1000000,1049925.2234450155
2025-05-06T06:20:00.000+0000,1000000,1000000,1050387.3272258884
2025-05-06T06:30:00.000+0000,1000000,1000000,1049640.2391092281
2025-05-06T06:40:00.000+0000,1000000,1000000,1050984.1427833466
2025-05-06T06:50:00.000+0000,1000000,1000000,1051234.6327787088
2025-05-06T07:00:00.000+0000,1000000,1000000,1052677.2674475834
2025-05-06T07:10:00.000+0000,1000000,1000000,1051794.7291628148
2025-05-06T07:20:00.000+0000,1000000,1000000,1051731.0816155476
2025-05-06T07:30:00.000+0000,1000000,1000000,1050611.4192797546
2025-05-06T07:40:00.000+0000,1000000,1000000,1050699.2997012455
2025-05-06T07:50:00.000+0000,1000000,1000000,1051474.2563986194
2025-05-06T08:00:00.000+0000,1000000,1000000,1049651.6761245385
2025-05-06T08:10:00.000+0000,1000000,1000000,1045679.6060077942
2025-05-06T08:20:00.000+0000,1000000,1000000,1044144.1606670946
2025-05-06T08:30:00.000+0000,1000000,1000000,1046042.0747613074
2025-05-06T08:40:00.000+0000,1000000,1000000,1046777.4230011355
2025-05-06T08:50:00.000+0000,1000000,1000000,1047813.637446596
2025-05-06T09:00:00.000+0000,1000000,1000000,1047445.3957855265
2025-05-06T09:10:00.000+0000,1000000,1000000,1046224.0346607063
2025-05-06T09:20:00.000+0000,1000000,1000000,1045818.8623526511
2025-05-06T09:30:00.000+0000,1000000,1000000,1045615.1125838524
2025-05-06T09:40:00.000+0000,1000000,1000000,1044315.989363112
2025-05-06T09:50:00.000+0000,1000000,1000000,1045688.8278128172
2025-05-06T10:00:00.000+0000,1000000,1000000,1046248.7526535126
2025-05-06T10:10:00.000+0000,1000000,1000000,1044951.2035238957
2025-05-06T10:20:00.000+0000,1000000,1000000,1045503.7826984206
2025-05-06T10:30:00.000+0000,1000000,1000000,1045008.9468276363
2025-05-06T10:40:00.000+0000,1000000,1000000,1040354.6149100604
2025-05-06T10:50:00.000+0000,1000000,1000000,1040176.0776337911
2025-05-06T11:00:00.000+0000,1000000,1000000,1041088.3502016931
2025-05-06T11:10:00.000+0000,1000000,1000000,1041991.9329888574
2025-05-06T11:20:00.000+0000,1000000,1000000,1039555.6100011831
2025-05-06T11:30:00.000+0000,1000000,1000000,1037031.1018435527
2025-05-06T11:40:00.000+0000,1000000,1000000,1036755.9364684841
2025-05-06T11:50:00.000+0000,1000000,1000000,1033178.1352784967
2025-05-06T12:00:00.000+0000,1000000,1000000,1035888.8742588491
2025-05-06T12:10:00.000+0000,1000000,1000000,1037082.7704513657
2025-05-06T12:20:00.000+0000,1000000,1000000,1036230.7286920722
2025-05-06T12:30:00.000+0000,1000000,1000000,1037065.4538571403
2025-05-06T12:40:00.000+0000,1000000,1000000,1037513.786158322
2025-05-06T12:50:00.000+0000,1000000,1000000,1038698.7843159206
2025-05-06T13:00:00.000+0000,1000000,1000000,1034444.2653471113
2025-05-06T13:10:00.000+0000,1000000,1000000,1034203.2297983471
2025-05-06T13:20:00.000+0000,1000000,1000000,1032848.6679850986
2025-05-06T13:30:00.000+0000,1000000,1000000,1032981.1629595289
2025-05-06T13:40:00.000+0000,1000000,1000000,1032985.9120259534
2025-05-06T13:50:00.000+0000,1000000,1000000,1029902.8443637126
2025-05-06T14:00:00.000+0000,1000000,1000000,1034005.5298015061
2025-05-06T14:10:00.000+0000,1000000,1000000,1037708.3974613543
2025-05-06T14:20:00.000+0000,1000000,1000000,1040847.7442448828
2025-05-06T14:30:00.000+0000,1000000,1000000,1040088.353955239
2025-05-06T14:40:00.000+0000,1000000,1000000,1038737.7033803719
2025-05-06T14:50:00.000+0000,1000000,1000000,1037213.7615189019
2025-05-06T15:00:00.000+0000,1000000,1000000,1035017.2454634905
2025-05-06T15:10:00.000+0000,1000000,1000000,1035730.7006592297
2025-05-06T15:20:00.000+0000,1000000,1000000,1039892.1285951426
2025-05-06T15:30:00.000+0000,1000000,1000000,1041293.278926977
2025-05-06T15:40:00.000+0000,1000000,1000000,1041586.2189267231
2025-05-06T15:50:00.000+0000,1000000,1000000,1040106.1288214163
2025-05-06T16:00:00.000+0000,1000000,1000000,1037908.1914560103
2025-05-06T16:10:00.000+0000,1000000,1000000,1037815.0178797909
2025-05-06T16:20:00.000+0000,1000000,1000000,1038797.3565736414
2025-05-06T16:30:00.000+0000,1000000,1000000,1040491.78677259
2025-05-06T16:40:00.000+0000,1000000,1000000,1038890.9852559359
2025-05-06T16:50:00.000+0000,1000000,1000000,1036504.0880768
2025-05-06T17:00:00.000+0000,1000000,1000000,1036785.5433774571
2025-05-06T17:10:00.000+0000,1000000,1000000,1040226.9375408402
2025-05-06T17:20:00.000+0000,1000000,1000000,1041342.8339073248
2025-05-06T17:30:00.000+0000,1000000,1000000,1043481.2753589759
2025-05-06T17:40:00.000+0000,1000000,1000000,1040943.9217717096
2025-05-06T17:50:00.000+0000,1000000,1000000,1040228.0819864334
2025-05-06T18:00:00.000+0000,1000000,1000000,1041668.8110226647
2025-05-06T18:10:00.000+0000,1000000,1000000,1042068.9386376126
2025-05-06T18:20:00.000+0000,1000000,1000000,1044816.3689072536
2025-05-06T18:30:00.000+0000,1000000,1000000,1045950.7072740584
2025-05-06T18:40:00.000+0000,1000000,1000000,1045272.8873855262
2025-05-06T18:50:00.000+0000,1000000,1000000,1045953.8736820113
2025-05-06T19:00:00.000+0000,1000000,1000000,1048845.334581979
2025-05-06T19:10:00.000+0000,1000000,1000000,1048892.0828393158
2025-05-06T19:20:00.000+0000,1000000,1000000,1049175.8763603817
2025-05-06T19:30:00.000+0000,1000000,1000000,1050156.4348552297
2025-05-06T19:40:00.000+0000,1000000,1000000,1050736.4883610574
2025-05-06T19:50:00.000+0000,1000000,1000000,1048981.4100492052
2025-05-06T20:00:00.000+0000,1000000,1000000,1048481.0682175498
2025-05-06T20:10:00.000+0000,1000000,1000000,1049344.3038784284
2025-05-06T20:20:00.000+0000,1000000,1000000,1046086.3013965888
2025-05-06T20:30:00.000+0000,1000000,1000000,1042653.6457887315
2025-05-06T20:40:00.000+0000,1000000,1000000,1042806.5036795953
2025-05-06T20:50:00.000+0000,1000000,1000000,1042395.5635525209
2025-05-06T21:00:00.000+0000,1000000,1000000,1044501.3670028851
2025-05-06T21:10:00.000+0000,1000000,1000000,1044225.8057686798
2025-05-06T21:20:00.000+0000,1000000,1000000,1040986.3929618937
2025-05-06T21:30:00.000+0000,1000000,1000000,1040991.563625217
2025-05-06T21:40:00.000+0000,1000000,1000000,1043927.2681250984
2025-05-06T21:50:00.000+0000,1000000,1000000,1044682.8495729752
2025-05-06T22:00:00.000+0000,1000000,1000000,1047960.8871857568
2025-05-06T22:10:00.000+0000,1000000,1000000,1052061.6578869838
2025-05-06T22:20:00.000+0000,1000000,1000000,1056885.7670622857
2025-05-06T22:30:00.000+0000,1000000,1000000,1057576.1855464175
2025-05-06T22:40:00.000+0000,1000000,1000000,1059612.4934749738
2025-05-06T22:50:00.000+0000,1000000,1000000,1061009.8820943856
2025-05-06T23:00:00.000+0000,1000000,1000000,1059172.3148612808
2025-05-06T23:10:00.000+0000,1000000,1000000,1059417.7164772847
2025-05-06T23:20:00.000+0000,1000000,1000000,1062519.4952506917
2025-05-06T23:30:00.000+0000,1000000,1000000,1063287.410475926
2025-05-06T23:40:00.000+0000,1000000,1000000,1064558.2338606962
2025-05-06T23:50:00.000+0000,1000000,1000000,1066576.5487154608
2025-05-07T00:00:00.000+0000,1000000,1000000,1067150.8314600345
2025-05-07T00:10:00.000+0000,1000000,1000000,1067635.318751474
2025-05-07T00:20:00.000+0000,1000000,1000000,1072207.0148868572
2025-05-07T00:30:00.000+0000,1000000,1000000,1075385.9803407232
2025-05-07T00:40:00.000+0000,1000000,1000000,1075854.512081419
2025-05-07T00:50:00.000+0000,1000000,1000000,1076569.8581629058
2025-05-07T01:00:00.000+0000,1000000,1000000,1079326.4512678483
2025-05-07T01:10:00.000+0000,1000000,1000000,1078847.469123487
2025-05-07T01:20:00.000+0000,1000000,1000000,1080131.1982758413
2025-05-07T01:30:00.000+0000,1000000,1000000,1079607.2847660575
2025-05-07T01:40:00.000+0000,1000000,1000000,1076956.9754852122
2025-05-07T01:50:00.000+0000,1000000,1000000,1074423.4687829926
2025-05-07T02:00:00.000+0000,1000000,1000000,1071638.0915372903
2025-05-07T02:10:00.000+0000,1000000,1000000,1071333.166955119
2025-05-07T02:20:00.000+0000,1000000,1000000,1071512.3300670814
2025-05-07T02:30:00.000+0000,1000000,1000000,1070921.0076105427
2025-05-07T02:40:00.000+0000,1000000,1000000,1069372.1791729503
2025-05-07T02:50:00.000+0000,1000000,1000000,1066804.3295789254
2025-05-07T03:00:00.000+0000,1000000,1000000,1065555.5680987774
2025-05-07T03:10:00.000+0000,1000000,1000000,1062883.902072874
2025-05-07T03:20:00.000+0000,1000000,1000000,1061703.3608516867
2025-05-07T03:30:00.000+0000,1000000,1000000,1065232.7241415724
2025-05-07T03:40:00.000+0000,1000000,1000000,1065114.8859171553
2025-05-07T03:50:00.000+0000,1000000,1000000,1065440.9021667847
2025-05-07T04:00:00.000+0000,1000000,1000000,1066486.268733897
2025-05-07T04:10:00.000+0000,1000000,1000000,1068090.820140455
2025-05-07T04:20:00.000+0000,1000000,1000000,1067030.0801363229
2025-05-07T04:30:00.000+0000,1000000,1000000,1065730.4316074194
2025-05-07T04:40:00.000+0000,1000000,1000000,1064864.4905291344
2025-05-07T04:50:00.000+0000,1000000,1000000,1064840.8328288717
2025-05-07T05:00:00.000+0000,1000000,1000000,1065154.4211946598
2025-05-07T05:10:00.000+0000,1000000,1000000,1064999.8270682616
2025-05-07T05:20:00.000+0000,1000000,1000000,1064675.7368232831
2025-05-07T05:30:00.000+0000,1000000,1000000,1064241.877128111
2025-05-07T05:40:00.000+0000,1000000,1000000,1063596.6245022023
2025-05-07T05:50:00.000+0000,1000000,1000000,1063471.536292107
2025-05-07T06:00:00.000+0000,1000000,1000000,1064146.5668873999
2025-05-07T06:10:00.000+0000,1000000,1000000,1067447.6779047004
2025-05-07T06:20:00.000+0000,1000000,1000000,1065569.5148421894
2025-05-07T06:30:00.000+0000,1000000,1000000,1064798.2147598884
2025-05-07T06:40:00.000+0000,1000000,1000000,1064355.010768288
2025-05-07T06:50:00.000+0000,1000000,1000000,1065518.6438728382
2025-05-07T07:00:00.000+0000,1000000,1000000,1066463.4426999895
2025-05-07T07:10:00.000+0000,1000000,1000000,1067454.0176782282
2025-05-07T07:20:00.000+0000,1000000,1000000,1068440.8414340536
2025-05-07T07:30:00.000+0000,1000000,1000000,1068666.30681906
2025-05-07T07:40:00.000+0000,1000000,1000000,1069503.2032309466
2025-05-07T07:50:00.000+0000,1000000,1000000,1070929.0407292875
2025-05-07T08:00:00.000+0000,1000000,1000000,1071539.4771316098
2025-05-07T08:10:00.000+0000,1000000,1000000,1070717.9747881088
2025-05-07T08:20:00.000+0000,1000000,1000000,1071535.964175884
2025-05-07T08:30:00.000+0000,1000000,1000000,1072280.415226
2025-05-07T08:40:00.000+0000,1000000,1000000,1074279.9093738627
2025-05-07T08:50:00.000+0000,1000000,1000000,1073754.364430819
2025-05-07T09:00:00.000+0000,1000000,1000000,1074470.989790539
2025-05-07T09:10:00.000+0000,1000000,1000000,1073429.8169513221
2025-05-07T09:20:00.000+0000,1000000,1000000,1073673.02561599
2025-05-07T09:30:00.000+0000,1000000,1000000,1073115.1562289724
2025-05-07T09:40:00.000+0000,1000000,1000000,1074726.0910953092
2025-05-07T09:50:00.000+0000,1000000,1000000,1074783.1833800287
2025-05-07T10:00:00.000+0000,1000000,1000000,1074338.8322599581
2025-05-07T10:10:00.000+0000,1000000,1000000,1073884.9009824316
2025-05-07T10:20:00.000+0000,1000000,1000000,1072274.28398387
2025-05-07T10:30:00.000+0000,1000000,1000000,1071344.6891966297
2025-05-07T10:40:00.000+0000,1000000,1000000,1073677.592944071
2025-05-07T10:50:00.000+0000,1000000,1000000,1073117.338708158
2025-05-07T11:00:00.000+0000,1000000,1000000,1072057.3429978788
2025-05-07T11:10:00.000+0000,1000000,1000000,1073286.73994218
2025-05-07T11:20:00.000+0000,1000000,1000000,1072423.1982003269
2025-05-07T11:30:00.000+0000,1000000,1000000,1072513.631794671
2025-05-07T11:40:00.000+0000,1000000,1000000,1073305.0468683606
2025-05-07T11:50:00.000+0000,1000000,1000000,1072753.319991557
2025-05-07T12:00:00.000+0000,1000000,1000000,1071661.5919044623
2025-05-07T12:10:00.000+0000,1000000,1000000,1071300.6146808905
2025-05-07T12:20:00.000+0000,1000000,1000000,1070856.8950216256
2025-05-07T12:30:00.000+0000,1000000,1000000,1069566.439081172
2025-05-07T12:40:00.000+0000,1000000,1000000,1069476.2434941572
2025-05-07T12:50:00.000+0000,1000000,1000000,1070373.3457906828
2025-05-07T13:00:00.000+0000,1000000,1000000,1068520.764823359
2025-05-07T13:10:00.000+0000,1000000,1000000,1067707.5647094487
2025-05-07T13:20:00.000+0000,1000000,1000000,1066792.4875648373
2025-05-07T13:30:00.000+0000,1000000,1000000,1067752.9948493387
2025-05-07T13:40:00.000+0000,1000000,1000000,1068042.7445903132
2025-05-07T13:50:00.000+0000,1000000,1000000,1067873.51756472
2025-05-07T14:00:00.000+0000,1000000,1000000,1069760.7499283424
2025-05-07T14:10:00.000+0000,1000000,1000000,1070985.2511867778
2025-05-07T14:20:00.000+0000,1000000,1000000,1070970.112537635
2025-05-07T14:30:00.000+0000,1000000,1000000,1072243.8300000597
2025-05-07T14:40:00.000+0000,1000000,1000000,1068784.1758161995
2025-05-07T14:50:00.000+0000,1000000,1000000,1065383.821892507
2025-05-07T15:00:00.000+0000,1000000,1000000,1064581.281786811
2025-05-07T15:10:00.000+0000,1000000,1000000,1065312.7522974345
2025-05-07T15:20:00.000+0000,1000000,1000000,1066075.0535579296
2025-05-07T15:30:00.000+0000,1000000,1000000,1064596.4603483183
2025-05-07T15:40:00.000+0000,1000000,1000000,1064283.6792614912
2025-05-07T15:50:00.000+0000,1000000,1000000,1063688.5969973318
2025-05-07T16:00:00.000+0000,1000000,1000000,1062277.6534425411
2025-05-07T16:10:00.000+0000,1000000,1000000,1061627.9883802645
2025-05-07T16:20:00.000+0000,1000000,1000000,1059758.1715108124
2025-05-07T16:30:00.000+0000,1000000,1000000,1059139.4990834603
2025-05-07T16:40:00.000+0000,1000000,1000000,1061065.6615381187
2025-05-07T16:50:00.000+0000,1000000,1000000,1064413.4725924018
2025-05-07T17:00:00.000+0000,1000000,1000000,1063722.0731395967
2025-05-07T17:10:00.000+0000,1000000,1000000,1063013.5447153808
2025-05-07T17:20:00.000+0000,1000000,1000000,1062459.7087809322
2025-05-07T17:30:00.000+0000,1000000,1000000,1060902.438469789
2025-05-07T17:40:00.000+0000,1000000,1000000,1060725.1509779629
2025-05-07T17:50:00.000+0000,1000000,1000000,1056485.0336171414
2025-05-07T18:00:00.000+0000,1000000,1000000,1054699.8077511056
2025-05-07T18:10:00.000+0000,1000000,1000000,1055089.0877350243
2025-05-07T18:20:00.000+0000,1000000,1000000,1061761.151839206
2025-05-07T18:30:00.000+0000,1000000,1000000,1062507.2182610363
2025-05-07T18:40:00.000+0000,1000000,1000000,1058835.3863857882
2025-05-07T18:50:00.000+0000,1000000,1000000,1057026.8890202686
2025-05-07T19:00:00.000+0000,1000000,1000000,1060462.4973982852
2025-05-07T19:10:00.000+0000,1000000,1000000,1060425.8012798177
2025-05-07T19:20:00.000+0000,1000000,1000000,1055953.2638977775
2025-05-07T19:30:00.000+0000,1000000,1000000,1053858.9977130361
2025-05-07T19:40:00.000+0000,1000000,1000000,1056696.012480894
2025-05-07T19:50:00.000+0000,1000000,1000000,1057459.7425634398
2025-05-07T20:00:00.000+0000,1000000,1000000,1057379.7765431753
2025-05-07T20:10:00.000+0000,1000000,1000000,1058896.8776924894
2025-05-07T20:20:00.000+0000,1000000,1000000,1058086.7375745315
2025-05-07T20:30:00.000+0000,1000000,1000000,1058053.2718865583
2025-05-07T20:40:00.000+0000,1000000,1000000,1056668.5919950576
2025-05-07T20:50:00.000+0000,1000000,1000000,1059713.95281701
2025-05-07T21:00:00.000+0000,1000000,1000000,1061405.1407629459
2025-05-07T21:10:00.000+0000,1000000,1000000,1063411.881936393
2025-05-07T21:20:00.000+0000,1000000,1000000,1064996.2041681474
2025-05-07T21:30:00.000+0000,1000000,1000000,1065147.9647606215
2025-05-07T21:40:00.000+0000,1000000,1000000,1066461.2094697782
2025-05-07T21:50:00.000+0000,1000000,1000000,1065761.783319275
2025-05-07T22:00:00.000+0000,1000000,1000000,1067883.8516208103
2025-05-07T22:10:00.000+0000,1000000,1000000,1067569.256047729
2025-05-07T22:20:00.000+0000,1000000,1000000,1067282.6123946179
2025-05-07T22:30:00.000+0000,1000000,1000000,1068539.6643175557
2025-05-07T22:40:00.000+0000,1000000,1000000,1070780.6335595706
2025-05-07T22:50:00.000+0000,1000000,1000000,1070518.1774847063
2025-05-07T23:00:00.000+0000,1000000,1000000,1070911.6353764744
2025-05-07T23:10:00.000+0000,1000000,1000000,1072739.8028400987
2025-05-07T23:20:00.000+0000,1000000,1000000,1071402.7610460778
2025-05-07T23:30:00.000+0000,1000000,1000000,1069372.2362021522
2025-05-07T23:40:00.000+0000,1000000,1000000,1067454.0532801303
2025-05-07T23:50:00.000+0000,1000000,1000000,1067713.1754368765
2025-05-08T00:00:00.000+0000,1000000,1000000,1067920.5662779184
2025-05-08T00:10:00.000+0000,1000000,1000000,1068599.2701042634
2025-05-08T00:20:00.000+0000,1000000,1000000,1069048.4678581941
2025-05-08T00:30:00.000+0000,1000000,1000000,1067221.406537525
2025-05-08T00:40:00.000+0000,1000000,1000000,1067152.4569909645
2025-05-08T00:50:00.000+0000,1000000,1000000,1068681.8568344507
2025-05-08T01:00:00.000+0000,1000000,1000000,1079967.5224356614
2025-05-08T01:10:00.000+0000,1000000,1000000,1075512.1740679042
2025-05-08T01:20:00.000+0000,1000000,1000000,1078444.3479050703
2025-05-08T01:30:00.000+0000,1000000,1000000,1077727.1315692018
2025-05-08T01:40:00.000+0000,1000000,1000000,1076219.7963132148
2025-05-08T01:50:00.000+0000,1000000,1000000,1074205.0514790954
2025-05-08T02:00:00.000+0000,1000000,1000000,1076533.8124197312
2025-05-08T02:10:00.000+0000,1000000,1000000,1078290.22522351
2025-05-08T02:20:00.000+0000,1000000,1000000,1079937.9419710904
2025-05-08T02:30:00.000+0000,1000000,1000000,1085360.5195822688
2025-05-08T02:40:00.000+0000,1000000,1000000,1085699.7109518275
2025-05-08T02:50:00.000+0000,1000000,1000000,1085858.4698667654
2025-05-08T03:00:00.000+0000,1000000,1000000,1085116.7464751485
2025-05-08T03:10:00.000+0000,1000000,1000000,1089253.787441058
2025-05-08T03:20:00.000+0000,1000000,1000000,1090436.5658364077
2025-05-08T03:30:00.000+0000,1000000,1000000,1089995.9249353765
2025-05-08T03:40:00.000+0000,1000000,1000000,1092887.1322851866
2025-05-08T03:50:00.000+0000,1000000,1000000,1096036.7828886574
2025-05-08T04:00:00.000+0000,1000000,1000000,1102423.9993766353
2025-05-08T04:10:00.000+0000,1000000,1000000,1102494.22818357
2025-05-08T04:20:00.000+0000,1000000,1000000,1103532.8534750466
2025-05-08T04:30:00.000+0000,1000000,1000000,1104033.5598208224
2025-05-08T04:40:00.000+0000,1000000,1000000,1101260.0961059472
2025-05-08T04:50:00.000+0000,1000000,1000000,1099159.7678080134
2025-05-08T05:00:00.000+0000,1000000,1000000,1099549.8368451868
2025-05-08T05:10:00.000+0000,1000000,1000000,1097592.522016853
2025-05-08T05:20:00.000+0000,1000000,1000000,1096455.2185207957
2025-05-08T05:30:00.000+0000,1000000,1000000,1097861.2342487713
2025-05-08T05:40:00.000+0000,1000000,1000000,1098540.8086164023
2025-05-08T05:50:00.000+0000,1000000,1000000,1097265.3709799887
2025-05-08T06:00:00.000+0000,1000000,1000000,1097351.3208448673
2025-05-08T06:10:00.000+0000,1000000,1000000,1098751.8595513278
2025-05-08T06:20:00.000+0000,1000000,1000000,1098962.0075268005
2025-05-08T06:30:00.000+0000,1000000,1000000,1098723.5240777384
2025-05-08T06:40:00.000+0000,1000000,1000000,1099640.333979073
2025-05-08T06:50:00.000+0000,1000000,1000000,1100429.0106806136
2025-05-08T07:00:00.000+0000,1000000,1000000,1101542.3241210966
2025-05-08T07:10:00.000+0000,1000000,1000000,1102626.5451935437
2025-05-08T07:20:00.000+0000,1000000,1000000,1104098.0666591502
2025-05-08T07:30:00.000+0000,1000000,1000000,1104745.6995819923
2025-05-08T07:40:00.000+0000,1000000,1000000,1108241.691844822
2025-05-08T07:50:00.000+0000,1000000,1000000,1107719.5228964211
2025-05-08T08:00:00.000+0000,1000000,1000000,1108295.0090563092
2025-05-08T08:10:00.000+0000,1000000,1000000,1110250.9534778795
2025-05-08T08:20:00.000+0000,1000000,1000000,1111003.252188086
2025-05-08T08:30:00.000+0000,1000000,1000000,1111479.8004494056
2025-05-08T08:40:00.000+0000,1000000,1000000,1114591.1805660687
2025-05-08T08:50:00.000+0000,1000000,1000000,1113972.703515087
2025-05-08T09:00:00.000+0000,1000000,1000000,1112306.2635923228
2025-05-08T09:10:00.000+0000,1000000,1000000,1113431.7771042506
2025-05-08T09:20:00.000+0000,1000000,1000000,1114007.4163046258
2025-05-08T09:30:00.000+0000,1000000,1000000,1113526.9066976276
2025-05-08T09:40:00.000+0000,1000000,1000000,1114220.2396671395
2025-05-08T09:50:00.000+0000,1000000,1000000,1116158.5300863525
2025-05-08T10:00:00.000+0000,1000000,1000000,1119669.3479418699
2025-05-08T10:10:00.000+0000,1000000,1000000,1119559.955865749
2025-05-08T10:20:00.000+0000,1000000,1000000,1121392.040711584
2025-05-08T10:30:00.000+0000,1000000,1000000,1121193.4122947452
2025-05-08T10:40:00.000+0000,1000000,1000000,1121140.9750056847
2025-05-08T10:50:00.000+0000,1000000,1000000,1122512.9962587128
2025-05-08T11:00:00.000+0000,1000000,1000000,1121785.7787229237
2025-05-08T11:10:00.000+0000,1000000,1000000,1121249.8541148775
2025-05-08T11:20:00.000+0000,1000000,1000000,1118885.2632687395
2025-05-08T11:30:00.000+0000,1000000,1000000,1117677.4050493399
2025-05-08T11:40:00.000+0000,1000000,1000000,1119967.1501540225
2025-05-08T11:50:00.000+0000,1000000,1000000,1121299.2751120955
2025-05-08T12:00:00.000+0000,1000000,1000000,1121131.7623581614
2025-05-08T12:10:00.000+0000,1000000,1000000,1121653.382943514
2025-05-08T12:20:00.000+0000,1000000,1000000,1124372.843881271
2025-05-08T12:30:00.000+0000,1000000,1000000,1121655.3708779805
2025-05-08T12:40:00.000+0000,1000000,1000000,1121677.003950865
2025-05-08T12:50:00.000+0000,1000000,1000000,1121566.0954029737
2025-05-08T13:00:00.000+0000,1000000,1000000,1122595.0941857249
2025-05-08T13:10:00.000+0000,1000000,1000000,1123384.4819670178
2025-05-08T13:20:00.000+0000,1000000,1000000,1123891.3785246452
2025-05-08T13:30:00.000+0000,1000000,1000000,1123779.6755756035
2025-05-08T13:40:00.000+0000,1000000,1000000,1121986.9405486186
2025-05-08T13:50:00.000+0000,1000000,1000000,1123308.529304532
2025-05-08T14:00:00.000+0000,1000000,1000000,1125080.8931070936
2025-05-08T14:10:00.000+0000,1000000,1000000,1122733.017684099
2025-05-08T14:20:00.000+0000,1000000,1000000,1124538.8313367288
2025-05-08T14:30:00.000+0000,1000000,1000000,1129351.7857625938
2025-05-08T14:40:00.000+0000,1000000,1000000,1131147.142331153
2025-05-08T14:50:00.000+0000,1000000,1000000,1132591.498524384
2025-05-08T15:00:00.000+0000,1000000,1000000,1133839.4800730597
2025-05-08T15:10:00.000+0000,1000000,1000000,1138530.699228587
2025-05-08T15:20:00.000+0000,1000000,1000000,1139425.0312535134
2025-05-08T15:30:00.000+0000,1000000,1000000,1148167.1685805763
2025-05-08T15:40:00.000+0000,1000000,1000000,1158635.573840112
2025-05-08T15:50:00.000+0000,1000000,1000000,1155463.2191754216
2025-05-08T16:00:00.000+0000,1000000,1000000,1153693.4811891792
2025-05-08T16:10:00.000+0000,1000000,1000000,1157559.9024035842
2025-05-08T16:20:00.000+0000,1000000,1000000,1154913.174930185
2025-05-08T16:30:00.000+0000,1000000,1000000,1153680.4095032974
2025-05-08T16:40:00.000+0000,1000000,1000000,1157243.2242529779
2025-05-08T16:50:00.000+0000,1000000,1000000,1157938.5426977198
2025-05-08T17:00:00.000+0000,1000000,1000000,1155963.260792715
2025-05-08T17:10:00.000+0000,1000000,1000000,1157218.4065285756
2025-05-08T17:20:00.000+0000,1000000,1000000,1158059.6547973822
2025-05-08T17:30:00.000+0000,1000000,1000000,1156163.640970058
2025-05-08T17:40:00.000+0000,1000000,1000000,1151806.7529300614
2025-05-08T17:50:00.000+0000,1000000,1000000,1153961.731563182
2025-05-08T18:00:00.000+0000,1000000,1000000,1154393.4822007094
2025-05-08T18:10:00.000+0000,1000000,1000000,1157914.429095448
2025-05-08T18:20:00.000+0000,1000000,1000000,1159333.3452252534
2025-05-08T18:30:00.000+0000,1000000,1000000,1160321.404832419
2025-05-08T18:40:00.000+0000,1000000,1000000,1161353.2738598648
2025-05-08T18:50:00.000+0000,1000000,1000000,1160742.259600704
2025-05-08T19:00:00.000+0000,1000000,1000000,1160673.206620096
2025-05-08T19:10:00.000+0000,1000000,1000000,1160224.1061742424
2025-05-08T19:20:00.000+0000,1000000,1000000,1162222.3518880305
2025-05-08T19:30:00.000+0000,1000000,1000000,1161838.5580116918
2025-05-08T19:40:00.000+0000,1000000,1000000,1162513.5979881254
2025-05-08T19:50:00.000+0000,1000000,1000000,1166692.9340667059
2025-05-08T20:00:00.000+0000,1000000,1000000,1173271.8763652681
2025-05-08T20:10:00.000+0000,1000000,1000000,1170153.6370335259
2025-05-08T20:20:00.000+0000,1000000,1000000,1171786.101520841
2025-05-08T20:30:00.000+0000,1000000,1000000,1176016.9735030376
2025-05-08T20:40:00.000+0000,1000000,1000000,1183319.368682731
2025-05-08T20:50:00.000+0000,1000000,1000000,1189382.0336579666
2025-05-08T21:00:00.000+0000,1000000,1000000,1184830.526472088
2025-05-08T21:10:00.000+0000,1000000,1000000,1188986.4133460862
2025-05-08T21:20:00.000+0000,1000000,1000000,1197937.2475497609
2025-05-08T21:30:00.000+0000,1000000,1000000,1196032.3072668791
2025-05-08T21:40:00.000+0000,1000000,1000000,1189359.3581517334
2025-05-08T21:50:00.000+0000,1000000,1000000,1185877.3247499103
2025-05-08T22:00:00.000+0000,1000000,1000000,1186361.8943610324
2025-05-08T22:10:00.000+0000,1000000,1000000,1185581.4796816423
2025-05-08T22:20:00.000+0000,1000000,1000000,1189258.5888915728
2025-05-08T22:30:00.000+0000,1000000,1000000,1187961.096585376
2025-05-08T22:40:00.000+0000,1000000,1000000,1190628.0014808371
2025-05-08T22:50:00.000+0000,1000000,1000000,1191491.384279873
2025-05-08T23:00:00.000+0000,1000000,1000000,1189047.641390695
2025-05-08T23:10:00.000+0000,1000000,1000000,1192684.9837725558
2025-05-08T23:20:00.000+0000,1000000,1000000,1195151.1815011161
2025-05-08T23:30:00.000+0000,1000000,1000000,1195307.4111118785
2025-05-08T23:40:00.000+0000,1000000,1000000,1199557.3788141524
2025-05-08T23:50:00.000+0000,1000000,1000000,1200227.3052100406
2025-05-09T00:00:00.000+0000,1000000,1000000,1200228.9755182315
2025-05-09T00:10:00.000+0000,1000000,1000000,1198839.3096261283
2025-05-09T00:20:00.000+0000,1000000,1000000,1197047.64508662
2025-05-09T00:30:00.000+0000,1000000,1000000,1194711.3843661756
2025-05-09T00:40:00.000+0000,1000000,1000000,1196444.9531875583
2025-05-09T00:50:00.000+0000,1000000,1000000,1197368.2995713004
2025-05-09T01:00:00.000+0000,1000000,1000000,1194886.0889320006
2025-05-09T01:10:00.000+0000,1000000,1000000,1198837.789711265
2025-05-09T01:20:00.000+0000,1000000,1000000,1196981.4926404306
2025-05-09T01:30:00.000+0000,1000000,1000000,1195907.9586286105
2025-05-09T01:40:00.000+0000,1000000,1000000,1196130.72209288
2025-05-09T01:50:00.000+0000,1000000,1000000,1198375.820467956
2025-05-09T02:00:00.000+0000,1000000,1000000,1199321.1947284269
2025-05-09T02:10:00.000+0000,1000000,1000000,1199082.1312940835
2025-05-09T02:20:00.000+0000,1000000,1000000,1196601.4344436764
2025-05-09T02:30:00.000+0000,1000000,1000000,1196426.597209372
2025-05-09T02:40:00.000+0000,1000000,1000000,1197053.968539244
2025-05-09T02:50:00.000+0000,1000000,1000000,1198279.5504800896
2025-05-09T03:00:00.000+0000,1000000,1000000,1198531.7512683002
2025-05-09T03:10:00.000+0000,1000000,1000000,1203484.3906114018
2025-05-09T03:20:00.000+0000,1000000,1000000,1202322.764722316
2025-05-09T03:30:00.000+0000,1000000,1000000,1198602.7838753853
2025-05-09T03:40:00.000+0000,1000000,1000000,1197319.6339302375
2025-05-09T03:50:00.000+0000,1000000,1000000,1193447.5877245085
2025-05-09T04:00:00.000+0000,1000000,1000000,1193261.0735984799
2025-05-09T04:10:00.000+0000,1000000,1000000,1196331.3740818049
2025-05-09T04:20:00.000+0000,1000000,1000000,1196946.825701303
2025-05-09T04:30:00.000+0000,1000000,1000000,1195262.3567899107
2025-05-09T04:40:00.000+0000,1000000,1000000,1196291.2518435384
2025-05-09T04:50:00.000+0000,1000000,1000000,1197605.724614762
2025-05-09T05:00:00.000+0000,1000000,1000000,1197517.2850987138
2025-05-09T05:10:00.000+0000,1000000,1000000,1198801.9788631198
2025-05-09T05:20:00.000+0000,1000000,1000000,1197688.848216273
2025-05-09T05:30:00.000+0000,1000000,1000000,1198723.957591929
2025-05-09T05:40:00.000+0000,1000000,1000000,1200106.981108341
2025-05-09T05:50:00.000+0000,1000000,1000000,1199365.4123490788
2025-05-09T06:00:00.000+0000,1000000,1000000,1201093.0897868865
2025-05-09T06:10:00.000+0000,1000000,1000000,1201902.5544984292
2025-05-09T06:20:00.000+0000,1000000,1000000,1206500.9260120029
2025-05-09T06:30:00.000+0000,1000000,1000000,1207909.7849144018
2025-05-09T06:40:00.000+0000,1000000,1000000,1207314.2915076357
2025-05-09T06:50:00.000+0000,1000000,1000000,1211384.1722299107
2025-05-09T07:00:00.000+0000,1000000,1000000,1215374.989649875
2025-05-09T07:10:00.000+0000,1000000,1000000,1221346.7879064255
2025-05-09T07:20:00.000+0000,1000000,1000000,1222766.1907466806
2025-05-09T07:30:00.000+0000,1000000,1000000,1223183.9576528082
2025-05-09T07:40:00.000+0000,1000000,1000000,1225970.3032665902
2025-05-09T07:50:00.000+0000,1000000,1000000,1236687.6406169217
2025-05-09T08:00:00.000+0000,1000000,1000000,1237915.662360998
2025-05-09T08:10:00.000+0000,1000000,1000000,1239952.9370836255
2025-05-09T08:20:00.000+0000,1000000,1000000,1242780.878275627
2025-05-09T08:30:00.000+0000,1000000,1000000,1254244.2809746382
2025-05-09T08:40:00.000+0000,1000000,1000000,1236036.1949440788
2025-05-09T08:50:00.000+0000,1000000,1000000,1241865.882985558
2025-05-09T09:00:00.000+0000,1000000,1000000,1237907.4856722008
2025-05-09T09:10:00.000+0000,1000000,1000000,1227573.271379472
2025-05-09T09:20:00.000+0000,1000000,1000000,1220562.1289624197
2025-05-09T09:30:00.000+0000,1000000,1000000,1223116.9197840907
2025-05-09T09:40:00.000+0000,1000000,1000000,1229568.8057735236
2025-05-09T09:50:00.000+0000,1000000,1000000,1226168.661141445
2025-05-09T10:00:00.000+0000,1000000,1000000,1231117.5814030825
2025-05-09T10:10:00.000+0000,1000000,1000000,1236541.95238615
2025-05-09T10:20:00.000+0000,1000000,1000000,1233361.3935601625
2025-05-09T10:30:00.000+0000,1000000,1000000,1233609.9862308716
2025-05-09T10:40:00.000+0000,1000000,1000000,1237969.608144632
2025-05-09T10:50:00.000+0000,1000000,1000000,1245715.8200501674
2025-05-09T11:00:00.000+0000,1000000,1000000,1248720.3631862234
2025-05-09T11:10:00.000+0000,1000000,1000000,1253499.979521916
2025-05-09T11:20:00.000+0000,1000000,1000000,1245642.831220143
2025-05-09T11:30:00.000+0000,1000000,1000000,1247681.5529726683
2025-05-09T11:40:00.000+0000,1000000,1000000,1249751.3182812082
2025-05-09T11:50:00.000+0000,1000000,1000000,1249205.142124677
2025-05-09T12:00:00.000+0000,1000000,1000000,1241374.2030505762
2025-05-09T12:10:00.000+0000,1000000,1000000,1239303.6417133007
2025-05-09T12:20:00.000+0000,1000000,1000000,1244921.6457314633
2025-05-09T12:30:00.000+0000,1000000,1000000,1245900.4328718742
2025-05-09T12:40:00.000+0000,1000000,1000000,1246219.0520155262
2025-05-09T12:50:00.000+0000,1000000,1000000,1246595.647641069
2025-05-09T13:00:00.000+0000,1000000,1000000,1248667.6718282884
2025-05-09T13:10:00.000+0000,1000000,1000000,1246927.3311821874
2025-05-09T13:20:00.000+0000,1000000,1000000,1245865.3478325177
2025-05-09T13:30:00.000+0000,1000000,1000000,1244113.95909048
2025-05-09T13:40:00.000+0000,1000000,1000000,1250515.4372474095
2025-05-09T13:50:00.000+0000,1000000,1000000,1256784.7422952116
2025-05-09T14:00:00.000+0000,1000000,1000000,1248297.323202299
2025-05-09T14:10:00.000+0000,1000000,1000000,1249963.549505128
2025-05-09T14:20:00.000+0000,1000000,1000000,1232985.472062102
2025-05-09T14:30:00.000+0000,1000000,1000000,1223481.9336618257
2025-05-09T14:40:00.000+0000,1000000,1000000,1227754.9736954675
2025-05-09T14:50:00.000+0000,1000000,1000000,1231763.3424618165
2025-05-09T15:00:00.000+0000,1000000,1000000,1233711.837783169
2025-05-09T15:10:00.000+0000,1000000,1000000,1236766.2861855146
2025-05-09T15:20:00.000+0000,1000000,1000000,1229641.401203648
2025-05-09T15:30:00.000+0000,1000000,1000000,1228885.5260160319
2025-05-09T15:40:00.000+0000,1000000,1000000,1229277.4012493282
2025-05-09T15:50:00.000+0000,1000000,1000000,1235005.5226158253
2025-05-09T16:00:00.000+0000,1000000,1000000,1226091.1579792963
2025-05-09T16:10:00.000+0000,1000000,1000000,1228588.6069636173
2025-05-09T16:20:00.000+0000,1000000,1000000,1234778.1837748436
2025-05-09T16:30:00.000+0000,1000000,1000000,1235589.0049421883
2025-05-09T16:40:00.000+0000,1000000,1000000,1233394.6598742376
2025-05-09T16:50:00.000+0000,1000000,1000000,1229389.1101364172
2025-05-09T17:00:00.000+0000,1000000,1000000,1229730.520195074
2025-05-09T17:10:00.000+0000,1000000,1000000,1238300.0553692698
2025-05-09T17:20:00.000+0000,1000000,1000000,1242477.9615347898
2025-05-09T17:30:00.000+0000,1000000,1000000,1244290.813180748
2025-05-09T17:40:00.000+0000,1000000,1000000,1245496.7665634383
2025-05-09T17:50:00.000+0000,1000000,1000000,1247928.0126991963
2025-05-09T18:00:00.000+0000,1000000,1000000,1246658.6004473462
2025-05-09T18:10:00.000+0000,1000000,1000000,1246162.2486413675
2025-05-09T18:20:00.000+0000,1000000,1000000,1245598.4380228356
2025-05-09T18:30:00.000+0000,1000000,1000000,1246781.178357047
2025-05-09T18:40:00.000+0000,1000000,1000000,1247814.7369736815
2025-05-09T18:50:00.000+0000,1000000,1000000,1247724.0951430155
2025-05-09T19:00:00.000+0000,1000000,1000000,1247150.6853453885
2025-05-09T19:10:00.000+0000,1000000,1000000,1242050.2100268626
2025-05-09T19:20:00.000+0000,1000000,1000000,1239533.1767250712
2025-05-09T19:30:00.000+0000,1000000,1000000,1241708.0677562298
2025-05-09T19:40:00.000+0000,1000000,1000000,1241941.4440457928
2025-05-09T19:50:00.000+0000,1000000,1000000,1242787.6930620978
2025-05-09T20:00:00.000+0000,1000000,1000000,1245305.2755407305
2025-05-09T20:10:00.000+0000,1000000,1000000,1248158.2689499347
2025-05-09T20:20:00.000+0000,1000000,1000000,1250249.8589695601
2025-05-09T20:30:00.000+0000,1000000,1000000,1246602.4140643154
2025-05-09T20:40:00.000+0000,1000000,1000000,1246781.2917266693
2025-05-09T20:50:00.000+0000,1000000,1000000,1247932.7234451242
2025-05-09T21:00:00.000+0000,1000000,1000000,1248996.4711916095
2025-05-09T21:10:00.000+0000,1000000,1000000,1244506.482141204
2025-05-09T21:20:00.000+0000,1000000,1000000,1241632.5937912795
2025-05-09T21:30:00.000+0000,1000000,1000000,1246376.4903894989
2025-05-09T21:40:00.000+0000,1000000,1000000,1244458.0547311113
2025-05-09T21:50:00.000+0000,1000000,1000000,1246355.370059902
2025-05-09T22:00:00.000+0000,1000000,1000000,1247117.549902143
2025-05-09T22:10:00.000+0000,1000000,1000000,1246195.345263258
2025-05-09T22:20:00.000+0000,1000000,1000000,1248330.887289359
2025-05-09T22:30:00.000+0000,1000000,1000000,1249007.3526090325
2025-05-09T22:40:00.000+0000,1000000,1000000,1248517.6480079237
2025-05-09T22:50:00.000+0000,1000000,1000000,1247894.8550327176
2025-05-09T23:00:00.000+0000,1000000,1000000,1247547.821905398
2025-05-09T23:10:00.000+0000,1000000,1000000,1248921.1159798952
2025-05-09T23:20:00.000+0000,1000000,1000000,1249300.4405785874
2025-05-09T23:30:00.000+0000,1000000,1000000,1247695.5745058479
2025-05-09T23:40:00.000+0000,1000000,1000000,1247477.9468632163
2025-05-09T23:50:00.000+0000,1000000,1000000,1248408.16398948
2025-05-10T00:00:00.000+0000,1000000,1000000,1250110.680928999
2025-05-10T00:10:00.000+0000,1000000,1000000,1253341.3034632362
2025-05-10T00:20:00.000+0000,1000000,1000000,1253637.9593249934
2025-05-10T00:30:00.000+0000,1000000,1000000,1247462.3721474963
2025-05-10T00:40:00.000+0000,1000000,1000000,1242955.1911048545
2025-05-10T00:50:00.000+0000,1000000,1000000,1240156.0750569862
2025-05-10T01:00:00.000+0000,1000000,1000000,1243459.2560333598
2025-05-10T01:10:00.000+0000,1000000,1000000,1244579.7213555104
2025-05-10T01:20:00.000+0000,1000000,1000000,1247030.6895657557
2025-05-10T01:30:00.000+0000,1000000,1000000,1248007.6383512346
2025-05-10T01:40:00.000+0000,1000000,1000000,1245916.1236579525
2025-05-10T01:50:00.000+0000,1000000,1000000,1243762.7375831606
2025-05-10T02:00:00.000+0000,1000000,1000000,1245429.3777293325
2025-05-10T02:10:00.000+0000,1000000,1000000,1243944.1989674503
2025-05-10T02:20:00.000+0000,1000000,1000000,1245462.7225177686
2025-05-10T02:30:00.000+0000,1000000,1000000,1245830.523819658
2025-05-10T02:40:00.000+0000,1000000,1000000,1249102.5438192906
2025-05-10T02:50:00.000+0000,1000000,1000000,1247675.3656673345
2025-05-10T03:00:00.000+0000,1000000,1000000,1245369.4226941161
2025-05-10T03:10:00.000+0000,1000000,1000000,1245964.2626762013
2025-05-10T03:20:00.000+0000,1000000,1000000,1245121.7874006196
2025-05-10T03:30:00.000+0000,1000000,1000000,1245693.6616869783
2025-05-10T03:40:00.000+0000,1000000,1000000,1244223.7231570606
2025-05-10T03:50:00.000+0000,1000000,1000000,1245964.4344611112
2025-05-10T04:00:00.000+0000,1000000,1000000,1241591.3637646139
2025-05-10T04:10:00.000+0000,1000000,1000000,1240888.546335997
2025-05-10T04:20:00.000+0000,1000000,1000000,1241959.963500899
2025-05-10T04:30:00.000+0000,1000000,1000000,1240543.836404974
2025-05-10T04:40:00.000+0000,1000000,1000000,1242469.316477737
2025-05-10T04:50:00.000+0000,1000000,1000000,1243067.8556879947
2025-05-10T05:00:00.000+0000,1000000,1000000,1244306.426199106
2025-05-10T05:10:00.000+0000,1000000,1000000,1242889.165371238
2025-05-10T05:20:00.000+0000,1000000,1000000,1243416.2190146372
2025-05-10T05:30:00.000+0000,1000000,1000000,1242798.050468149
2025-05-10T05:40:00.000+0000,1000000,1000000,1244923.3245891437
2025-05-10T05:50:00.000+0000,1000000,1000000,1245961.9729533638
2025-05-10T06:00:00.000+0000,1000000,1000000,1249565.2214058985
2025-05-10T06:10:00.000+0000,1000000,1000000,1251216.6138259082
2025-05-10T06:20:00.000+0000,1000000,1000000,1253661.8624553476
2025-05-10T06:30:00.000+0000,1000000,1000000,1253688.134408769
2025-05-10T06:40:00.000+0000,1000000,1000000,1249735.5692677654
2025-05-10T06:50:00.000+0000,1000000,1000000,1250084.1547816915
2025-05-10T07:00:00.000+0000,1000000,1000000,1254302.5795811904
2025-05-10T07:10:00.000+0000,1000000,1000000,1252859.7047765437
2025-05-10T07:20:00.000+0000,1000000,1000000,1250466.287435904
2025-05-10T07:30:00.000+0000,1000000,1000000,1252023.3963985702
2025-05-10T07:40:00.000+0000,1000000,1000000,1252433.2129886346
2025-05-10T07:50:00.000+0000,1000000,1000000,1253098.9325373175
2025-05-10T08:00:00.000+0000,1000000,1000000,1262804.471333689
2025-05-10T08:10:00.000+0000,1000000,1000000,1262639.4876245724
2025-05-10T08:20:00.000+0000,1000000,1000000,1263390.4891259158
2025-05-10T08:30:00.000+0000,1000000,1000000,1264801.1172185913
2025-05-10T08:40:00.000+0000,1000000,1000000,1263692.1810955736
2025-05-10T08:50:00.000+0000,1000000,1000000,1254070.9545691323
2025-05-10T09:00:00.000+0000,1000000,1000000,1251562.8257411642
2025-05-10T09:10:00.000+0000,1000000,1000000,1250585.228342324
2025-05-10T09:20:00.000+0000,1000000,1000000,1254304.0312344853
2025-05-10T09:30:00.000+0000,1000000,1000000,1255516.7130328594
2025-05-10T09:40:00.000+0000,1000000,1000000,1259748.2885827525
2025-05-10T09:50:00.000+0000,1000000,1000000,1261715.1061137556
2025-05-10T10:00:00.000+0000,1000000,1000000,1256903.7217457693
2025-05-10T10:10:00.000+0000,1000000,1000000,1260510.4614673713
2025-05-10T10:20:00.000+0000,1000000,1000000,1260163.3235377774
2025-05-10T10:30:00.000+0000,1000000,1000000,1261243.5937188375
2025-05-10T10:40:00.000+0000,1000000,1000000,1259930.4921324519
2025-05-10T10:50:00.000+0000,1000000,1000000,1255084.2818825208
2025-05-10T11:00:00.000+0000,1000000,1000000,1253693.55971326
2025-05-10T11:10:00.000+0000,1000000,1000000,1253079.1306023845
2025-05-10T11:20:00.000+0000,1000000,1000000,1252929.4436714351
2025-05-10T11:30:00.000+0000,1000000,1000000,1250075.4432964372
2025-05-10T11:40:00.000+0000,1000000,1000000,1246858.583674543
2025-05-10T11:50:00.000+0000,1000000,1000000,1248348.1732630671
2025-05-10T12:00:00.000+0000,1000000,1000000,1249621.5315949847
2025-05-10T12:10:00.000+0000,1000000,1000000,1253580.1419559838
2025-05-10T12:20:00.000+0000,1000000,1000000,1255362.3142828315
2025-05-10T12:30:00.000+0000,1000000,1000000,1257249.8299497603
2025-05-10T12:40:00.000+0000,1000000,1000000,1256400.673441415
2025-05-10T12:50:00.000+0000,1000000,1000000,1258839.5498791593
2025-05-10T13:00:00.000+0000,1000000,1000000,1260072.2582232691
2025-05-10T13:10:00.000+0000,1000000,1000000,1259433.105235116
2025-05-10T13:20:00.000+0000,1000000,1000000,1259753.1754419112
2025-05-10T13:30:00.000+0000,1000000,1000000,1260020.125700533
2025-05-10T13:40:00.000+0000,1000000,1000000,1261232.2526969535
2025-05-10T13:50:00.000+0000,1000000,1000000,1264901.8420680023
2025-05-10T14:00:00.000+0000,1000000,1000000,1261584.4892008393
2025-05-10T14:10:00.000+0000,1000000,1000000,1256542.5947547387
2025-05-10T14:20:00.000+0000,1000000,1000000,1257550.1250325353
2025-05-10T14:30:00.000+0000,1000000,1000000,1259611.2884694152
2025-05-10T14:40:00.000+0000,1000000,1000000,1261124.264259555
2025-05-10T14:50:00.000+0000,1000000,1000000,1263469.629954448
2025-05-10T15:00:00.000+0000,1000000,1000000,1263362.1960417856
2025-05-10T15:10:00.000+0000,1000000,1000000,1261637.8249152496
2025-05-10T15:20:00.000+0000,1000000,1000000,1262587.4626048463
2025-05-10T15:30:00.000+0000,1000000,1000000,1261510.459082052
2025-05-10T15:40:00.000+0000,1000000,1000000,1263382.895883352
2025-05-10T15:50:00.000+0000,1000000,1000000,1261827.8640967393
2025-05-10T16:00:00.000+0000,1000000,1000000,1261225.156619131
2025-05-10T16:10:00.000+0000,1000000,1000000,1262552.7485185158
2025-05-10T16:20:00.000+0000,1000000,1000000,1266083.653758575
2025-05-10T16:30:00.000+0000,1000000,1000000,1265340.9322457297
2025-05-10T16:40:00.000+0000,1000000,1000000,1269209.9870657271
2025-05-10T16:50:00.000+0000,1000000,1000000,1267982.9642566713
2025-05-10T17:00:00.000+0000,1000000,1000000,1268274.431470899
2025-05-10T17:10:00.000+0000,1000000,1000000,1272996.581125753
2025-05-10T17:20:00.000+0000,1000000,1000000,1274638.6874052638
2025-05-10T17:30:00.000+0000,1000000,1000000,1276389.4374516564
2025-05-10T17:40:00.000+0000,1000000,1000000,1269021.6147671933
2025-05-10T17:50:00.000+0000,1000000,1000000,1268441.9729405483
2025-05-10T18:00:00.000+0000,1000000,1000000,1268141.6907534422
2025-05-10T18:10:00.000+0000,1000000,1000000,1271281.749689874
2025-05-10T18:20:00.000+0000,1000000,1000000,1269173.6688579074
2025-05-10T18:30:00.000+0000,1000000,1000000,1268610.8611897826
2025-05-10T18:40:00.000+0000,1000000,1000000,1270546.070722319
2025-05-10T18:50:00.000+0000,1000000,1000000,1273655.1257557422
2025-05-10T19:00:00.000+0000,1000000,1000000,1273415.939570635
2025-05-10T19:10:00.000+0000,1000000,1000000,1271077.9479446933
2025-05-10T19:20:00.000+0000,1000000,1000000,1272734.8042311906
2025-05-10T19:30:00.000+0000,1000000,1000000,1272394.935031698
2025-05-10T19:40:00.000+0000,1000000,1000000,1275264.2686362758
2025-05-10T19:50:00.000+0000,1000000,1000000,1275146.7997551586
2025-05-10T20:00:00.000+0000,1000000,1000000,1270741.0628960934
2025-05-10T20:10:00.000+0000,1000000,1000000,1272377.4825673988
2025-05-10T20:20:00.000+0000,1000000,1000000,1272819.3665546095
2025-05-10T20:30:00.000+0000,1000000,1000000,1275517.0596047011
2025-05-10T20:40:00.000+0000,1000000,1000000,1276527.235793607
2025-05-10T20:50:00.000+0000,1000000,1000000,1276074.991180893
2025-05-10T21:00:00.000+0000,1000000,1000000,1275845.1830428904
2025-05-10T21:10:00.000+0000,1000000,1000000,1278179.7257713652
2025-05-10T21:20:00.000+0000,1000000,1000000,1279409.0546420212
2025-05-10T21:30:00.000+0000,1000000,1000000,1281010.6889160397
2025-05-10T21:40:00.000+0000,1000000,1000000,1281416.5106333897
2025-05-10T21:50:00.000+0000,1000000,1000000,1283426.0821034496
2025-05-10T22:00:00.000+0000,1000000,1000000,1286632.3283456154
2025-05-10T22:10:00.000+0000,1000000,1000000,1284252.9006387054
2025-05-10T22:20:00.000+0000,1000000,1000000,1288289.852821548
2025-05-10T22:30:00.000+0000,1000000,1000000,1289817.7581928573
2025-05-10T22:40:00.000+0000,1000000,1000000,1293791.7098499266
2025-05-10T22:50:00.000+0000,1000000,1000000,1294141.1401673765
