date,total_balance_normal,unlocked_balance_normal,benchmark
2025-02-20T19:40:00.000+0000,1000000.0,1000000.0,999999.9999999999
2025-02-20T19:50:00.000+0000,1000000.0,1000000.0,999999.9999999999
2025-02-20T20:00:00.000+0000,1000000.0,1000000.0,999999.9999999999
2025-02-20T20:10:00.000+0000,1000000.0,1000000.0,999999.9999999999
2025-02-20T20:20:00.000+0000,1000000.0,1000000.0,999999.9999999999
2025-02-20T20:30:00.000+0000,1000000.0,1000000.0,999999.9999999999
2025-02-20T20:40:00.000+0000,1000000.0,1000000.0,999999.9999999999
2025-02-20T20:50:00.000+0000,1000000.0,1000000.0,999999.9999999999
2025-02-20T21:00:00.000+0000,1000000.0,1000000.0,999999.9999999999
2025-02-20T21:10:00.000+0000,1000000.0,1000000.0,999999.9999999999
2025-02-20T21:20:00.000+0000,1000000.0,1000000.0,999999.9999999999
2025-02-20T21:30:00.000+0000,1000000.0,1000000.0,999999.9999999999
2025-02-20T21:40:00.000+0000,1000000.0,1000000.0,999999.9999999999
2025-02-20T21:50:00.000+0000,1000000.0,1000000.0,999999.9999999999
2025-02-20T22:00:00.000+0000,1000000.0,1000000.0,999999.9999999999
2025-02-20T22:10:00.000+0000,1000000.0,1000000.0,999999.9999999999
2025-02-20T22:20:00.000+0000,1000000.0,1000000.0,999999.9999999999
2025-02-20T22:30:00.000+0000,1000000.0,1000000.0,999999.9999999999
2025-02-20T22:40:00.000+0000,1000000.0,1000000.0,999999.9999999999
2025-02-20T22:50:00.000+0000,1000000.0,1000000.0,999999.9999999999
2025-02-20T23:00:00.000+0000,1000000.0,1000000.0,999999.9999999999
2025-02-20T23:10:00.000+0000,1000000.0,1000000.0,999999.9999999999
2025-02-20T23:20:00.000+0000,1000000.0,1000000.0,999999.9999999999
2025-02-20T23:30:00.000+0000,1000000.0,1000000.0,999999.9999999999
2025-02-20T23:40:00.000+0000,1000000.0,1000000.0,999999.9999999999
2025-02-20T23:50:00.000+0000,1000000.0,1000000.0,999999.9999999999
2025-02-21T00:00:00.000+0000,1000000.0,1000000.0,999999.9999999999
2025-02-21T00:10:00.000+0000,1000000.0,1000000.0,999999.9999999999
2025-02-21T00:20:00.000+0000,1000000.0,1000000.0,999999.9999999999
2025-02-21T00:30:00.000+0000,1000000.0,1000000.0,999999.9999999999
2025-02-21T00:40:00.000+0000,1000000.0,1000000.0,999999.9999999999
2025-02-21T00:50:00.000+0000,1000000.0,1000000.0,999999.9999999999
2025-02-21T01:00:00.000+0000,1000000.0,1000000.0,999999.9999999999
2025-02-21T01:10:00.000+0000,1000000.0,1000000.0,999999.9999999999
2025-02-21T01:20:00.000+0000,1000000.0,1000000.0,999999.9999999999
2025-02-21T01:30:00.000+0000,1000000.0,1000000.0,999999.9999999999
2025-02-21T01:40:00.000+0000,1000000.0,1000000.0,999999.9999999999
2025-02-21T01:50:00.000+0000,1000000.0,1000000.0,999999.9999999999
2025-02-21T02:00:00.000+0000,1000000.0,1000000.0,999999.9999999999
2025-02-21T02:10:00.000+0000,1000000.0,1000000.0,999999.9999999999
2025-02-21T02:20:00.000+0000,1000000.0,1000000.0,999999.9999999999
2025-02-21T02:30:00.000+0000,1000000.0,1000000.0,999999.9999999999
2025-02-21T02:40:00.000+0000,1000000.0,1000000.0,999999.9999999999
2025-02-21T02:50:00.000+0000,1000000.0,1000000.0,999999.9999999999
2025-02-21T03:00:00.000+0000,1000000.0,1000000.0,999999.9999999999
2025-02-21T03:10:00.000+0000,1000000.0,1000000.0,999999.9999999999
2025-02-21T03:20:00.000+0000,1000000.0,1000000.0,999999.9999999999
2025-02-21T03:30:00.000+0000,1000000.0,1000000.0,999999.9999999999
2025-02-21T03:40:00.000+0000,1000000.0,1000000.0,999999.9999999999
2025-02-21T03:50:00.000+0000,1000000.0,1000000.0,999999.9999999999
2025-02-21T04:00:00.000+0000,1000000.0,1000000.0,999999.9999999999
2025-02-21T04:10:00.000+0000,1000000.0,1000000.0,999999.9999999999
2025-02-21T04:20:00.000+0000,1000000.0,1000000.0,999999.9999999999
2025-02-21T04:30:00.000+0000,1000000.0,1000000.0,999999.9999999999
2025-02-21T04:40:00.000+0000,1000000.0,1000000.0,999999.9999999999
2025-02-21T04:50:00.000+0000,1000000.0,1000000.0,999999.9999999999
2025-02-21T05:00:00.000+0000,1000000.0,1000000.0,999999.9999999999
2025-02-21T05:10:00.000+0000,1000000.0,1000000.0,999999.9999999999
2025-02-21T05:20:00.000+0000,1000000.0,1000000.0,999999.9999999999
2025-02-21T05:30:00.000+0000,1000000.0,1000000.0,999999.9999999999
2025-02-21T05:40:00.000+0000,1000000.0,1000000.0,999999.9999999999
2025-02-21T05:50:00.000+0000,1000000.0,1000000.0,999999.9999999999
2025-02-21T06:00:00.000+0000,1000000.0,1000000.0,999999.9999999999
2025-02-21T06:10:00.000+0000,1000000.0,1000000.0,999999.9999999999
2025-02-21T06:20:00.000+0000,1000000.0,1000000.0,999999.9999999999
2025-02-21T06:30:00.000+0000,1000000.0,1000000.0,999999.9999999999
2025-02-21T06:40:00.000+0000,1000000.0,1000000.0,999999.9999999999
2025-02-21T06:50:00.000+0000,1000000.0,1000000.0,999999.9999999999
2025-02-21T07:00:00.000+0000,1000000.0,1000000.0,999999.9999999999
2025-02-21T07:10:00.000+0000,1000000.0,1000000.0,999999.9999999999
2025-02-21T07:20:00.000+0000,1000000.0,1000000.0,999999.9999999999
2025-02-21T07:30:00.000+0000,1000000.0,1000000.0,999999.9999999999
2025-02-21T07:40:00.000+0000,1000000.0,1000000.0,999999.9999999999
2025-02-21T07:50:00.000+0000,1000000.0,1000000.0,999999.9999999999
2025-02-21T08:00:00.000+0000,1000000.0,1000000.0,999999.9999999999
2025-02-21T08:10:00.000+0000,1000000.0,1000000.0,999999.9999999999
2025-02-21T08:20:00.000+0000,1000000.0,1000000.0,999999.9999999999
2025-02-21T08:30:00.000+0000,1000000.0,1000000.0,999999.9999999999
2025-02-21T08:40:00.000+0000,1000000.0,1000000.0,999999.9999999999
2025-02-21T08:50:00.000+0000,1000000.0,1000000.0,999999.9999999999
2025-02-21T09:00:00.000+0000,1000000.0,1000000.0,999999.9999999999
2025-02-21T09:10:00.000+0000,1000000.0,1000000.0,999999.9999999999
2025-02-21T09:20:00.000+0000,1000000.0,1000000.0,999999.9999999999
2025-02-21T09:30:00.000+0000,1000000.0,1000000.0,999999.9999999999
2025-02-21T09:40:00.000+0000,1000000.0,1000000.0,999999.9999999999
2025-02-21T09:50:00.000+0000,1000000.0,1000000.0,999999.9999999999
2025-02-21T10:00:00.000+0000,1000000.0,1000000.0,999999.9999999999
2025-02-21T10:10:00.000+0000,1000000.0,1000000.0,999999.9999999999
2025-02-21T10:20:00.000+0000,1000000.0,1000000.0,999999.9999999999
2025-02-21T10:30:00.000+0000,1000000.0,1000000.0,999999.9999999999
2025-02-21T10:40:00.000+0000,1000000.0,1000000.0,999999.9999999999
2025-02-21T10:50:00.000+0000,1000000.0,1000000.0,999999.9999999999
2025-02-21T11:00:00.000+0000,1000000.0,1000000.0,999999.9999999999
2025-02-21T11:10:00.000+0000,1000000.0,1000000.0,999999.9999999999
2025-02-21T11:20:00.000+0000,1000000.0,1000000.0,999999.9999999999
2025-02-21T11:30:00.000+0000,1000000.0,1000000.0,999999.9999999999
2025-02-21T11:40:00.000+0000,1000000.0,1000000.0,999999.9999999999
2025-02-21T11:50:00.000+0000,1000000.0,1000000.0,999999.9999999999
2025-02-21T12:00:00.000+0000,1000000.0,1000000.0,999999.9999999999
2025-02-21T12:10:00.000+0000,1000000.0,1000000.0,999999.9999999999
2025-02-21T12:20:00.000+0000,1000000.0,1000000.0,999999.9999999999
2025-02-21T12:30:00.000+0000,1000000.0,1000000.0,999999.9999999999
2025-02-21T12:40:00.000+0000,1000000.0,1000000.0,999999.9999999999
2025-02-21T12:50:00.000+0000,1000000.0,1000000.0,999999.9999999999
2025-02-21T13:00:00.000+0000,1000000.0,1000000.0,999999.9999999999
2025-02-21T13:10:00.000+0000,1000000.0,1000000.0,999999.9999999999
2025-02-21T13:20:00.000+0000,1000000.0,1000000.0,999999.9999999999
2025-02-21T13:30:00.000+0000,1000000.0,1000000.0,999999.9999999999
2025-02-21T13:40:00.000+0000,1000000.0,1000000.0,999999.9999999999
2025-02-21T13:50:00.000+0000,1000000.0,1000000.0,999999.9999999999
2025-02-21T14:00:00.000+0000,1000000.0,1000000.0,999999.9999999999
2025-02-21T14:10:00.000+0000,1000000.0,1000000.0,999999.9999999999
2025-02-21T14:20:00.000+0000,1000000.0,1000000.0,999999.9999999999
2025-02-21T14:30:00.000+0000,1000000.0,1000000.0,999999.9999999999
2025-02-21T14:40:00.000+0000,1000000.0,1000000.0,999999.9999999999
2025-02-21T14:50:00.000+0000,1000000.0,1000000.0,999999.9999999999
2025-02-21T15:00:00.000+0000,1000000.0,1000000.0,999999.9999999999
2025-02-21T15:10:00.000+0000,1000000.0,1000000.0,999999.9999999999
2025-02-21T15:20:00.000+0000,1000000.0,1000000.0,999999.9999999999
2025-02-21T15:30:00.000+0000,1000000.0,1000000.0,999999.9999999999
2025-02-21T15:40:00.000+0000,1000000.0,1000000.0,999999.9999999999
2025-02-21T15:50:00.000+0000,1000000.0,1000000.0,999999.9999999999
2025-02-21T16:00:00.000+0000,1000000.0,1000000.0,999999.9999999999
2025-02-21T16:10:00.000+0000,1000000.0,1000000.0,999999.9999999999
2025-02-21T16:20:00.000+0000,1000000.0,1000000.0,999999.9999999999
2025-02-21T16:30:00.000+0000,1000000.0,1000000.0,999999.9999999999
2025-02-21T16:40:00.000+0000,1000000.0,1000000.0,999999.9999999999
2025-02-21T16:50:00.000+0000,1000000.0,1000000.0,999999.9999999999
2025-02-21T17:00:00.000+0000,1000000.0,1000000.0,999999.9999999999
2025-02-21T17:10:00.000+0000,1000000.0,1000000.0,999999.9999999999
2025-02-21T17:20:00.000+0000,1000000.0,1000000.0,999999.9999999999
2025-02-21T17:30:00.000+0000,1000000.0,1000000.0,999999.9999999999
2025-02-21T17:40:00.000+0000,1000000.0,1000000.0,999999.9999999999
2025-02-21T17:50:00.000+0000,1000000.0,1000000.0,999999.9999999999
2025-02-21T18:00:00.000+0000,1000000.0,1000000.0,999999.9999999999
2025-02-21T18:10:00.000+0000,1000000.0,1000000.0,999999.9999999999
2025-02-21T18:20:00.000+0000,1000000.0,1000000.0,999999.9999999999
2025-02-21T18:30:00.000+0000,1000000.0,1000000.0,999999.9999999999
2025-02-21T18:40:00.000+0000,1000000.0,1000000.0,999999.9999999999
2025-02-21T18:50:00.000+0000,1000000.0,1000000.0,999999.9999999999
2025-02-21T19:00:00.000+0000,1000000.0,1000000.0,999999.9999999999
2025-02-21T19:10:00.000+0000,1000000.0,1000000.0,999999.9999999999
2025-02-21T19:20:00.000+0000,1000000.0,1000000.0,999999.9999999999
2025-02-21T19:30:00.000+0000,1000000.0,1000000.0,999999.9999999999
2025-02-21T19:40:00.000+0000,1000000.0,1000000.0,999999.9999999999
2025-02-21T19:50:00.000+0000,1000000.0,1000000.0,999999.9999999999
2025-02-21T20:00:00.000+0000,1000000.0,1000000.0,999999.9999999999
2025-02-21T20:10:00.000+0000,1000000.0,1000000.0,999999.9999999999
2025-02-21T20:20:00.000+0000,1000000.0,1000000.0,999999.9999999999
2025-02-21T20:30:00.000+0000,1000000.0,1000000.0,999999.9999999999
2025-02-21T20:40:00.000+0000,1000000.0,1000000.0,999999.9999999999
2025-02-21T20:50:00.000+0000,1000000.0,1000000.0,999999.9999999999
2025-02-21T21:00:00.000+0000,1000000.0,1000000.0,999999.9999999999
2025-02-21T21:10:00.000+0000,1000000.0,1000000.0,999999.9999999999
2025-02-21T21:20:00.000+0000,1000000.0,1000000.0,999999.9999999999
2025-02-21T21:30:00.000+0000,1000000.0,1000000.0,999999.9999999999
2025-02-21T21:40:00.000+0000,1000000.0,1000000.0,999999.9999999999
2025-02-21T21:50:00.000+0000,1000000.0,1000000.0,999999.9999999999
2025-02-21T22:00:00.000+0000,1000000.0,1000000.0,999999.9999999999
2025-02-21T22:10:00.000+0000,1000000.0,1000000.0,999999.9999999999
2025-02-21T22:20:00.000+0000,1000000.0,1000000.0,999999.9999999999
2025-02-21T22:30:00.000+0000,1000000.0,1000000.0,999999.9999999999
2025-02-21T22:40:00.000+0000,1000000.0,1000000.0,999999.9999999999
2025-02-21T22:50:00.000+0000,1000000.0,1000000.0,999999.9999999999
2025-02-21T23:00:00.000+0000,1000000.0,1000000.0,999999.9999999999
2025-02-21T23:10:00.000+0000,1000000.0,1000000.0,999999.9999999999
2025-02-21T23:20:00.000+0000,1000000.0,1000000.0,999999.9999999999
2025-02-21T23:30:00.000+0000,1000000.0,1000000.0,999999.9999999999
2025-02-21T23:40:00.000+0000,1000000.0,1000000.0,999999.9999999999
2025-02-21T23:50:00.000+0000,1000000.0,1000000.0,999999.9999999999
2025-02-22T00:00:00.000+0000,1000000.0,1000000.0,999999.9999999999
2025-02-22T00:10:00.000+0000,1000000.0,1000000.0,999999.9999999999
2025-02-22T00:20:00.000+0000,1000000.0,1000000.0,999999.9999999999
2025-02-22T00:30:00.000+0000,1000000.0,1000000.0,999999.9999999999
2025-02-22T00:40:00.000+0000,1000000.0,1000000.0,999999.9999999999
2025-02-22T00:50:00.000+0000,1000000.0,1000000.0,999999.9999999999
2025-02-22T01:00:00.000+0000,1000000.0,1000000.0,999999.9999999999
2025-02-22T01:10:00.000+0000,1000000.0,1000000.0,999999.9999999999
2025-02-22T01:20:00.000+0000,1000000.0,1000000.0,999999.9999999999
2025-02-22T01:30:00.000+0000,1000000.0,1000000.0,999999.9999999999
2025-02-22T01:40:00.000+0000,1000000.0,1000000.0,999999.9999999999
2025-02-22T01:50:00.000+0000,1000000.0,1000000.0,999999.9999999999
2025-02-22T02:00:00.000+0000,1000000.0,1000000.0,999999.9999999999
2025-02-22T02:10:00.000+0000,1000000.0,1000000.0,999999.9999999999
2025-02-22T02:20:00.000+0000,1000000.0,1000000.0,999999.9999999999
2025-02-22T02:30:00.000+0000,1000000.0,1000000.0,999999.9999999999
2025-02-22T02:40:00.000+0000,1000000.0,1000000.0,999999.9999999999
2025-02-22T02:50:00.000+0000,1000000.0,1000000.0,999999.9999999999
2025-02-22T03:00:00.000+0000,1000000.0,1000000.0,999999.9999999999
2025-02-22T03:10:00.000+0000,1000000.0,1000000.0,999999.9999999999
2025-02-22T03:20:00.000+0000,1000000.0,1000000.0,999999.9999999999
2025-02-22T03:30:00.000+0000,1000000.0,1000000.0,999999.9999999999
2025-02-22T03:40:00.000+0000,1000000.0,1000000.0,999999.9999999999
2025-02-22T03:50:00.000+0000,1000000.0,1000000.0,999999.9999999999
2025-02-22T04:00:00.000+0000,1000000.0,1000000.0,999999.9999999999
2025-02-22T04:10:00.000+0000,1000000.0,1000000.0,999999.9999999999
2025-02-22T04:20:00.000+0000,1000000.0,1000000.0,999999.9999999999
2025-02-22T04:30:00.000+0000,1000000.0,1000000.0,999999.9999999999
2025-02-22T04:40:00.000+0000,1000000.0,1000000.0,999999.9999999999
2025-02-22T04:50:00.000+0000,1000000.0,1000000.0,999999.9999999999
2025-02-22T05:00:00.000+0000,1000000.0,1000000.0,999999.9999999999
2025-02-22T05:10:00.000+0000,1000000.0,1000000.0,999999.9999999999
2025-02-22T05:20:00.000+0000,1000000.0,1000000.0,999999.9999999999
2025-02-22T05:30:00.000+0000,1000000.0,1000000.0,999999.9999999999
2025-02-22T05:40:00.000+0000,1000000.0,1000000.0,999999.9999999999
2025-02-22T05:50:00.000+0000,1000000.0,1000000.0,999999.9999999999
2025-02-22T06:00:00.000+0000,1000000.0,1000000.0,999999.9999999999
2025-02-22T06:10:00.000+0000,1000000.0,1000000.0,999999.9999999999
2025-02-22T06:20:00.000+0000,1000000.0,1000000.0,999999.9999999999
2025-02-22T06:30:00.000+0000,1000000.0,1000000.0,999999.9999999999
2025-02-22T06:40:00.000+0000,1000000.0,1000000.0,999999.9999999999
2025-02-22T06:50:00.000+0000,1000000.0,1000000.0,999999.9999999999
2025-02-22T07:00:00.000+0000,1000000.0,1000000.0,999999.9999999999
2025-02-22T07:10:00.000+0000,1000000.0,1000000.0,999999.9999999999
2025-02-22T07:20:00.000+0000,1000000.0,1000000.0,999999.9999999999
2025-02-22T07:30:00.000+0000,1000000.0,1000000.0,999999.9999999999
2025-02-22T07:40:00.000+0000,1000000.0,1000000.0,999999.9999999999
2025-02-22T07:50:00.000+0000,1000000.0,1000000.0,999999.9999999999
2025-02-22T08:00:00.000+0000,1000000.0,1000000.0,999999.9999999999
2025-02-22T08:10:00.000+0000,1000000.0,1000000.0,999999.9999999999
2025-02-22T08:20:00.000+0000,1000000.0,1000000.0,999999.9999999999
2025-02-22T08:30:00.000+0000,1000000.0,1000000.0,999999.9999999999
2025-02-22T08:40:00.000+0000,1000000.0,1000000.0,999999.9999999999
2025-02-22T08:50:00.000+0000,1000000.0,1000000.0,999999.9999999999
2025-02-22T09:00:00.000+0000,1000000.0,1000000.0,999999.9999999999
2025-02-22T09:10:00.000+0000,1000000.0,1000000.0,999999.9999999999
2025-02-22T09:20:00.000+0000,1000000.0,1000000.0,999999.9999999999
2025-02-22T09:30:00.000+0000,1000000.0,1000000.0,999999.9999999999
2025-02-22T09:40:00.000+0000,1000000.0,1000000.0,999999.9999999999
2025-02-22T09:50:00.000+0000,1000000.0,1000000.0,999999.9999999999
2025-02-22T10:00:00.000+0000,1000000.0,1000000.0,999999.9999999999
2025-02-22T10:10:00.000+0000,1000000.0,1000000.0,999999.9999999999
2025-02-22T10:20:00.000+0000,1000000.0,1000000.0,999999.9999999999
2025-02-22T10:30:00.000+0000,1000000.0,1000000.0,999999.9999999999
2025-02-22T10:40:00.000+0000,1000000.0,1000000.0,999999.9999999999
2025-02-22T10:50:00.000+0000,1000000.0,1000000.0,999999.9999999999
2025-02-22T11:00:00.000+0000,1000000.0,1000000.0,999999.9999999999
2025-02-22T11:10:00.000+0000,1000000.0,1000000.0,999999.9999999999
2025-02-22T11:20:00.000+0000,1000000.0,1000000.0,999999.9999999999
2025-02-22T11:30:00.000+0000,1000000.0,1000000.0,999999.9999999999
2025-02-22T11:40:00.000+0000,1000000.0,1000000.0,999999.9999999999
2025-02-22T11:50:00.000+0000,1000000.0,1000000.0,999999.9999999999
2025-02-22T12:00:00.000+0000,1000000.0,1000000.0,999999.9999999999
2025-02-22T12:10:00.000+0000,1000000.0,1000000.0,999999.9999999999
2025-02-22T12:20:00.000+0000,1000000.0,1000000.0,999999.9999999999
2025-02-22T12:30:00.000+0000,1000000.0,1000000.0,999999.9999999999
2025-02-22T12:40:00.000+0000,1000000.0,1000000.0,999999.9999999999
2025-02-22T12:50:00.000+0000,1000000.0,1000000.0,999999.9999999999
2025-02-22T13:00:00.000+0000,1000000.0,1000000.0,999999.9999999999
2025-02-22T13:10:00.000+0000,1000000.0,1000000.0,999999.9999999999
2025-02-22T13:20:00.000+0000,1000000.0,1000000.0,999999.9999999999
2025-02-22T13:30:00.000+0000,1000000.0,1000000.0,999999.9999999999
2025-02-22T13:40:00.000+0000,1000000.0,1000000.0,999999.9999999999
2025-02-22T13:50:00.000+0000,1000000.0,1000000.0,999999.9999999999
2025-02-22T14:00:00.000+0000,1000000.0,1000000.0,999999.9999999999
2025-02-22T14:10:00.000+0000,1000000.0,1000000.0,999999.9999999999
2025-02-22T14:20:00.000+0000,1000000.0,1000000.0,999999.9999999999
2025-02-22T14:30:00.000+0000,1000000.0,1000000.0,999999.9999999999
2025-02-22T14:40:00.000+0000,1000000.0,1000000.0,999999.9999999999
2025-02-22T14:50:00.000+0000,1000000.0,1000000.0,999999.9999999999
2025-02-22T15:00:00.000+0000,1000000.0,1000000.0,999999.9999999999
2025-02-22T15:10:00.000+0000,1000000.0,1000000.0,999999.9999999999
2025-02-22T15:20:00.000+0000,1000000.0,1000000.0,999999.9999999999
2025-02-22T15:30:00.000+0000,1000000.0,1000000.0,999999.9999999999
2025-02-22T15:40:00.000+0000,1000000.0,1000000.0,999999.9999999999
2025-02-22T15:50:00.000+0000,1000000.0,1000000.0,999999.9999999999
2025-02-22T16:00:00.000+0000,1000000.0,1000000.0,999999.9999999999
2025-02-22T16:10:00.000+0000,1000000.0,1000000.0,999999.9999999999
2025-02-22T16:20:00.000+0000,1000000.0,1000000.0,999999.9999999999
2025-02-22T16:30:00.000+0000,1000000.0,1000000.0,999999.9999999999
2025-02-22T16:40:00.000+0000,1000000.0,1000000.0,999999.9999999999
2025-02-22T16:50:00.000+0000,1000000.0,1000000.0,999999.9999999999
2025-02-22T17:00:00.000+0000,1000000.0,1000000.0,999999.9999999999
2025-02-22T17:10:00.000+0000,1000000.0,1000000.0,999999.9999999999
2025-02-22T17:20:00.000+0000,1000000.0,1000000.0,999999.9999999999
2025-02-22T17:30:00.000+0000,1000000.0,1000000.0,999999.9999999999
2025-02-22T17:40:00.000+0000,1000000.0,1000000.0,999999.9999999999
2025-02-22T17:50:00.000+0000,1000000.0,1000000.0,999999.9999999999
2025-02-22T18:00:00.000+0000,1000000.0,1000000.0,999999.9999999999
2025-02-22T18:10:00.000+0000,1000000.0,1000000.0,999999.9999999999
2025-02-22T18:20:00.000+0000,1000000.0,1000000.0,999999.9999999999
2025-02-22T18:30:00.000+0000,1000000.0,1000000.0,999999.9999999999
2025-02-22T18:40:00.000+0000,1000000.0,1000000.0,999999.9999999999
2025-02-22T18:50:00.000+0000,1000000.0,1000000.0,999999.9999999999
2025-02-22T19:00:00.000+0000,1000000.0,1000000.0,999999.9999999999
2025-02-22T19:10:00.000+0000,1000000.0,1000000.0,999999.9999999999
2025-02-22T19:20:00.000+0000,1000000.0,1000000.0,999999.9999999999
2025-02-22T19:30:00.000+0000,1000000.0,1000000.0,999999.9999999999
2025-02-22T19:40:00.000+0000,1000000.0,1000000.0,999999.9999999999
2025-02-22T19:50:00.000+0000,1000000.0,1000000.0,999999.9999999999
2025-02-22T20:00:00.000+0000,1000000.0,1000000.0,999999.9999999999
2025-02-22T20:10:00.000+0000,1000000.0,1000000.0,999999.9999999999
2025-02-22T20:20:00.000+0000,1000000.0,1000000.0,999999.9999999999
2025-02-22T20:30:00.000+0000,1000000.0,1000000.0,999999.9999999999
2025-02-22T20:40:00.000+0000,1000000.0,1000000.0,999999.9999999999
2025-02-22T20:50:00.000+0000,1000000.0,1000000.0,999999.9999999999
2025-02-22T21:00:00.000+0000,1000000.0,1000000.0,999999.9999999999
2025-02-22T21:10:00.000+0000,1000000.0,1000000.0,999999.9999999999
2025-02-22T21:20:00.000+0000,1000000.0,1000000.0,999999.9999999999
2025-02-22T21:30:00.000+0000,1000000.0,1000000.0,999999.9999999999
2025-02-22T21:40:00.000+0000,1000000.0,1000000.0,999999.9999999999
2025-02-22T21:50:00.000+0000,1000000.0,1000000.0,999999.9999999999
2025-02-22T22:00:00.000+0000,1000000.0,1000000.0,999999.9999999999
2025-02-22T22:10:00.000+0000,1000000.0,1000000.0,999999.9999999999
2025-02-22T22:20:00.000+0000,1000000.0,1000000.0,999999.9999999999
2025-02-22T22:30:00.000+0000,1000000.0,1000000.0,999999.9999999999
2025-02-22T22:40:00.000+0000,1000000.0,1000000.0,999999.9999999999
2025-02-22T22:50:00.000+0000,1000000.0,1000000.0,999999.9999999999
2025-02-22T23:00:00.000+0000,1000000.0,1000000.0,999999.9999999999
2025-02-22T23:10:00.000+0000,1000000.0,1000000.0,999999.9999999999
2025-02-22T23:20:00.000+0000,1000000.0,1000000.0,999999.9999999999
2025-02-22T23:30:00.000+0000,1000000.0,1000000.0,999999.9999999999
2025-02-22T23:40:00.000+0000,1000000.0,1000000.0,999999.9999999999
2025-02-22T23:50:00.000+0000,1000000.0,1000000.0,999999.9999999999
2025-02-23T00:00:00.000+0000,1000000.0,1000000.0,999999.9999999999
2025-02-23T00:10:00.000+0000,1000000.0,1000000.0,999999.9999999999
2025-02-23T00:20:00.000+0000,1000000.0,1000000.0,999999.9999999999
2025-02-23T00:30:00.000+0000,1000000.0,1000000.0,999999.9999999999
2025-02-23T00:40:00.000+0000,1000000.0,1000000.0,999999.9999999999
2025-02-23T00:50:00.000+0000,1000000.0,1000000.0,999999.9999999999
2025-02-23T01:00:00.000+0000,1000000.0,1000000.0,999999.9999999999
2025-02-23T01:10:00.000+0000,1000000.0,1000000.0,999999.9999999999
2025-02-23T01:20:00.000+0000,1000000.0,1000000.0,999999.9999999999
2025-02-23T01:30:00.000+0000,1000000.0,1000000.0,999999.9999999999
2025-02-23T01:40:00.000+0000,1000000.0,1000000.0,999999.9999999999
2025-02-23T01:50:00.000+0000,1000000.0,1000000.0,999999.9999999999
2025-02-23T02:00:00.000+0000,1000000.0,1000000.0,999999.9999999999
2025-02-23T02:10:00.000+0000,1000000.0,1000000.0,999999.9999999999
2025-02-23T02:20:00.000+0000,1000000.0,1000000.0,999999.9999999999
2025-02-23T02:30:00.000+0000,1000000.0,1000000.0,999999.9999999999
2025-02-23T02:40:00.000+0000,1000000.0,1000000.0,999999.9999999999
2025-02-23T02:50:00.000+0000,1000000.0,1000000.0,999999.9999999999
2025-02-23T03:00:00.000+0000,1000000.0,1000000.0,999999.9999999999
2025-02-23T03:10:00.000+0000,1000000.0,1000000.0,999999.9999999999
2025-02-23T03:20:00.000+0000,1000000.0,1000000.0,999999.9999999999
2025-02-23T03:30:00.000+0000,1000000.0,1000000.0,999999.9999999999
2025-02-23T03:40:00.000+0000,1000000.0,1000000.0,999999.9999999999
2025-02-23T03:50:00.000+0000,1000000.0,1000000.0,999999.9999999999
2025-02-23T04:00:00.000+0000,1000000.0,1000000.0,999999.9999999999
2025-02-23T04:10:00.000+0000,1000000.0,1000000.0,999999.9999999999
2025-02-23T04:20:00.000+0000,1000000.0,1000000.0,999999.9999999999
2025-02-23T04:30:00.000+0000,1000000.0,1000000.0,999999.9999999999
2025-02-23T04:40:00.000+0000,1000000.0,1000000.0,999999.9999999999
2025-02-23T04:50:00.000+0000,1000000.0,1000000.0,999999.9999999999
2025-02-23T05:00:00.000+0000,1000000.0,1000000.0,999999.9999999999
2025-02-23T05:10:00.000+0000,1000000.0,1000000.0,999999.9999999999
2025-02-23T05:20:00.000+0000,1000000.0,1000000.0,999999.9999999999
2025-02-23T05:30:00.000+0000,1000000.0,1000000.0,999999.9999999999
2025-02-23T05:40:00.000+0000,1000000.0,1000000.0,999999.9999999999
2025-02-23T05:50:00.000+0000,1000000.0,1000000.0,999999.9999999999
2025-02-23T06:00:00.000+0000,1000000.0,1000000.0,999999.9999999999
2025-02-23T06:10:00.000+0000,1000000.0,1000000.0,999999.9999999999
2025-02-23T06:20:00.000+0000,1000000.0,1000000.0,999999.9999999999
2025-02-23T06:30:00.000+0000,1000000.0,1000000.0,999999.9999999999
2025-02-23T06:40:00.000+0000,1000000.0,1000000.0,999999.9999999999
2025-02-23T06:50:00.000+0000,1000000.0,1000000.0,999999.9999999999
2025-02-23T07:00:00.000+0000,1000000.0,1000000.0,999999.9999999999
2025-02-23T07:10:00.000+0000,1000000.0,1000000.0,999999.9999999999
2025-02-23T07:20:00.000+0000,1000000.0,1000000.0,999999.9999999999
2025-02-23T07:30:00.000+0000,1000000.0,1000000.0,999999.9999999999
2025-02-23T07:40:00.000+0000,1000000.0,1000000.0,999999.9999999999
2025-02-23T07:50:00.000+0000,1000000.0,1000000.0,999999.9999999999
2025-02-23T08:00:00.000+0000,1000000.0,1000000.0,999999.9999999999
2025-02-23T08:10:00.000+0000,1000000.0,1000000.0,999999.9999999999
2025-02-23T08:20:00.000+0000,1000000.0,1000000.0,999999.9999999999
2025-02-23T08:30:00.000+0000,1000000.0,1000000.0,999999.9999999999
2025-02-23T08:40:00.000+0000,1000000.0,1000000.0,999999.9999999999
2025-02-23T08:50:00.000+0000,1000000.0,1000000.0,999999.9999999999
2025-02-23T09:00:00.000+0000,1000000.0,1000000.0,999999.9999999999
2025-02-23T09:10:00.000+0000,1000000.0,1000000.0,999999.9999999999
2025-02-23T09:20:00.000+0000,1000000.0,1000000.0,999999.9999999999
2025-02-23T09:30:00.000+0000,1000000.0,1000000.0,999999.9999999999
2025-02-23T09:40:00.000+0000,1000000.0,1000000.0,999999.9999999999
2025-02-23T09:50:00.000+0000,1000000.0,1000000.0,999999.9999999999
2025-02-23T10:00:00.000+0000,1000000.0,1000000.0,999999.9999999999
2025-02-23T10:10:00.000+0000,1000000.0,1000000.0,999999.9999999999
2025-02-23T10:20:00.000+0000,1000000.0,1000000.0,999999.9999999999
2025-02-23T10:30:00.000+0000,1000000.0,1000000.0,999999.9999999999
2025-02-23T10:40:00.000+0000,1000000.0,1000000.0,999999.9999999999
2025-02-23T10:50:00.000+0000,1000000.0,1000000.0,999999.9999999999
2025-02-23T11:00:00.000+0000,1000000.0,1000000.0,999999.9999999999
2025-02-23T11:10:00.000+0000,1000000.0,1000000.0,999999.9999999999
2025-02-23T11:20:00.000+0000,1000000.0,1000000.0,999999.9999999999
2025-02-23T11:30:00.000+0000,1000000.0,1000000.0,999999.9999999999
2025-02-23T11:40:00.000+0000,1000000.0,1000000.0,999999.9999999999
2025-02-23T11:50:00.000+0000,1000000.0,1000000.0,999999.9999999999
2025-02-23T12:00:00.000+0000,1000000.0,1000000.0,999999.9999999999
2025-02-23T12:10:00.000+0000,1000000.0,1000000.0,999999.9999999999
2025-02-23T12:20:00.000+0000,1000000.0,1000000.0,999999.9999999999
2025-02-23T12:30:00.000+0000,1000000.0,1000000.0,999999.9999999999
2025-02-23T12:40:00.000+0000,1000000.0,1000000.0,999999.9999999999
2025-02-23T12:50:00.000+0000,1000000.0,1000000.0,999999.9999999999
2025-02-23T13:00:00.000+0000,1000000.0,1000000.0,999999.9999999999
2025-02-23T13:10:00.000+0000,1000000.0,1000000.0,999999.9999999999
2025-02-23T13:20:00.000+0000,1000000.0,1000000.0,999999.9999999999
2025-02-23T13:30:00.000+0000,1000000.0,1000000.0,999999.9999999999
2025-02-23T13:40:00.000+0000,1000000.0,1000000.0,999999.9999999999
2025-02-23T13:50:00.000+0000,1000000.0,1000000.0,999999.9999999999
2025-02-23T14:00:00.000+0000,1000000.0,1000000.0,999999.9999999999
2025-02-23T14:10:00.000+0000,1000000.0,1000000.0,999999.9999999999
2025-02-23T14:20:00.000+0000,1000000.0,1000000.0,999999.9999999999
2025-02-23T14:30:00.000+0000,1000000.0,1000000.0,999999.9999999999
2025-02-23T14:40:00.000+0000,1000000.0,1000000.0,999999.9999999999
2025-02-23T14:50:00.000+0000,1000000.0,1000000.0,999999.9999999999
2025-02-23T15:00:00.000+0000,1000000.0,1000000.0,999999.9999999999
2025-02-23T15:10:00.000+0000,1000000.0,1000000.0,999999.9999999999
2025-02-23T15:20:00.000+0000,1000000.0,1000000.0,999999.9999999999
2025-02-23T15:30:00.000+0000,1000000.0,1000000.0,999999.9999999999
2025-02-23T15:40:00.000+0000,1000000.0,1000000.0,999999.9999999999
2025-02-23T15:50:00.000+0000,1000000.0,1000000.0,999999.9999999999
2025-02-23T16:00:00.000+0000,1000000.0,1000000.0,999999.9999999999
2025-02-23T16:10:00.000+0000,1000000.0,1000000.0,999999.9999999999
2025-02-23T16:20:00.000+0000,1000000.0,1000000.0,999999.9999999999
2025-02-23T16:30:00.000+0000,1000000.0,1000000.0,999999.9999999999
2025-02-23T16:40:00.000+0000,1000000.0,1000000.0,999999.9999999999
2025-02-23T16:50:00.000+0000,1000000.0,1000000.0,999999.9999999999
2025-02-23T17:00:00.000+0000,1000000.0,1000000.0,999999.9999999999
2025-02-23T17:10:00.000+0000,1000000.0,1000000.0,999999.9999999999
2025-02-23T17:20:00.000+0000,1000000.0,1000000.0,999999.9999999999
2025-02-23T17:30:00.000+0000,1000000.0,1000000.0,999999.9999999999
2025-02-23T17:40:00.000+0000,1000000.0,1000000.0,999999.9999999999
2025-02-23T17:50:00.000+0000,1000000.0,1000000.0,999999.9999999999
2025-02-23T18:00:00.000+0000,1000000.0,1000000.0,999999.9999999999
2025-02-23T18:10:00.000+0000,1000000.0,1000000.0,999999.9999999999
2025-02-23T18:20:00.000+0000,1000000.0,1000000.0,999999.9999999999
2025-02-23T18:30:00.000+0000,1000000.0,1000000.0,999999.9999999999
2025-02-23T18:40:00.000+0000,1000000.0,1000000.0,999999.9999999999
2025-02-23T18:50:00.000+0000,1000000.0,1000000.0,999999.9999999999
2025-02-23T19:00:00.000+0000,1000000.0,1000000.0,999999.9999999999
2025-02-23T19:10:00.000+0000,1000000.0,1000000.0,999999.9999999999
2025-02-23T19:20:00.000+0000,1000000.0,1000000.0,999999.9999999999
2025-02-23T19:30:00.000+0000,1000000.0,1000000.0,999999.9999999999
2025-02-23T19:40:00.000+0000,1000000.0,1000000.0,999999.9999999999
2025-02-23T19:50:00.000+0000,1000000.0,1000000.0,999999.9999999999
2025-02-23T20:00:00.000+0000,1000000.0,1000000.0,999999.9999999999
2025-02-23T20:10:00.000+0000,1000000.0,1000000.0,999999.9999999999
2025-02-23T20:20:00.000+0000,1000000.0,1000000.0,999999.9999999999
2025-02-23T20:30:00.000+0000,1000000.0,1000000.0,999999.9999999999
2025-02-23T20:40:00.000+0000,1000000.0,1000000.0,999999.9999999999
2025-02-23T20:50:00.000+0000,1000000.0,1000000.0,999999.9999999999
2025-02-23T21:00:00.000+0000,1000000.0,1000000.0,999999.9999999999
2025-02-23T21:10:00.000+0000,1000000.0,1000000.0,999999.9999999999
2025-02-23T21:20:00.000+0000,1000000.0,1000000.0,999999.9999999999
2025-02-23T21:30:00.000+0000,1000000.0,1000000.0,999999.9999999999
2025-02-23T21:40:00.000+0000,1000000.0,1000000.0,999999.9999999999
2025-02-23T21:50:00.000+0000,1000000.0,1000000.0,999999.9999999999
2025-02-23T22:00:00.000+0000,1000000.0,1000000.0,999999.9999999999
2025-02-23T22:10:00.000+0000,1000000.0,1000000.0,999999.9999999999
2025-02-23T22:20:00.000+0000,1000000.0,1000000.0,999999.9999999999
2025-02-23T22:30:00.000+0000,1000000.0,1000000.0,999999.9999999999
2025-02-23T22:40:00.000+0000,1000000.0,1000000.0,999999.9999999999
2025-02-23T22:50:00.000+0000,1000000.0,1000000.0,999999.9999999999
2025-02-23T23:00:00.000+0000,1000000.0,1000000.0,999999.9999999999
2025-02-23T23:10:00.000+0000,1000000.0,1000000.0,999999.9999999999
2025-02-23T23:20:00.000+0000,1000000.0,1000000.0,999999.9999999999
2025-02-23T23:30:00.000+0000,1000000.0,1000000.0,999999.9999999999
2025-02-23T23:40:00.000+0000,1000000.0,1000000.0,999999.9999999999
2025-02-23T23:50:00.000+0000,1000000.0,1000000.0,999999.9999999999
2025-02-24T00:00:00.000+0000,1000000.0,1000000.0,999999.9999999999
2025-02-24T00:10:00.000+0000,1000000.0,1000000.0,999999.9999999999
2025-02-24T00:20:00.000+0000,1000000.0,1000000.0,999999.9999999999
2025-02-24T00:30:00.000+0000,1000000.0,1000000.0,999999.9999999999
2025-02-24T00:40:00.000+0000,1000000.0,1000000.0,999999.9999999999
2025-02-24T00:50:00.000+0000,1000000.0,1000000.0,999999.9999999999
2025-02-24T01:00:00.000+0000,1000000.0,1000000.0,999999.9999999999
2025-02-24T01:10:00.000+0000,1000000.0,1000000.0,999999.9999999999
2025-02-24T01:20:00.000+0000,1000000.0,1000000.0,999999.9999999999
2025-02-24T01:30:00.000+0000,1000000.0,1000000.0,999999.9999999999
2025-02-24T01:40:00.000+0000,1000000.0,1000000.0,999999.9999999999
2025-02-24T01:50:00.000+0000,1000000.0,1000000.0,999999.9999999999
2025-02-24T02:00:00.000+0000,1000000.0,1000000.0,999999.9999999999
2025-02-24T02:10:00.000+0000,1000000.0,1000000.0,999999.9999999999
2025-02-24T02:20:00.000+0000,1000000.0,1000000.0,999999.9999999999
2025-02-24T02:30:00.000+0000,1000000.0,1000000.0,999999.9999999999
2025-02-24T02:40:00.000+0000,1000000.0,1000000.0,999999.9999999999
2025-02-24T02:50:00.000+0000,1000000.0,1000000.0,999999.9999999999
2025-02-24T03:00:00.000+0000,1000000.0,1000000.0,999999.9999999999
2025-02-24T03:10:00.000+0000,1000000.0,1000000.0,999999.9999999999
2025-02-24T03:20:00.000+0000,1000000.0,1000000.0,999999.9999999999
2025-02-24T03:30:00.000+0000,1000000.0,1000000.0,999999.9999999999
2025-02-24T03:40:00.000+0000,1000000.0,1000000.0,999999.9999999999
2025-02-24T03:50:00.000+0000,1000000.0,1000000.0,999999.9999999999
2025-02-24T04:00:00.000+0000,1000000.0,1000000.0,999999.9999999999
2025-02-24T04:10:00.000+0000,1000000.0,1000000.0,999999.9999999999
2025-02-24T04:20:00.000+0000,1000000.0,1000000.0,999999.9999999999
2025-02-24T04:30:00.000+0000,1000000.0,1000000.0,999999.9999999999
2025-02-24T04:40:00.000+0000,1000000.0,1000000.0,999999.9999999999
2025-02-24T04:50:00.000+0000,1000000.0,1000000.0,999999.9999999999
2025-02-24T05:00:00.000+0000,1000000.0,1000000.0,999999.9999999999
2025-02-24T05:10:00.000+0000,1000000.0,1000000.0,999999.9999999999
2025-02-24T05:20:00.000+0000,1000000.0,1000000.0,999999.9999999999
2025-02-24T05:30:00.000+0000,1000000.0,1000000.0,999999.9999999999
2025-02-24T05:40:00.000+0000,1000000.0,1000000.0,999999.9999999999
2025-02-24T05:50:00.000+0000,1000000.0,1000000.0,999999.9999999999
2025-02-24T06:00:00.000+0000,1000000.0,1000000.0,999999.9999999999
2025-02-24T06:10:00.000+0000,1000000.0,1000000.0,999999.9999999999
2025-02-24T06:20:00.000+0000,1000000.0,1000000.0,999999.9999999999
2025-02-24T06:30:00.000+0000,1000000.0,1000000.0,999999.9999999999
2025-02-24T06:40:00.000+0000,1000000.0,1000000.0,999999.9999999999
2025-02-24T06:50:00.000+0000,1000000.0,1000000.0,999999.9999999999
2025-02-24T07:00:00.000+0000,1000000.0,1000000.0,999999.9999999999
2025-02-24T07:10:00.000+0000,1000000.0,1000000.0,999999.9999999999
2025-02-24T07:20:00.000+0000,1000000.0,1000000.0,999999.9999999999
2025-02-24T07:30:00.000+0000,1000000.0,1000000.0,999999.9999999999
2025-02-24T07:40:00.000+0000,1000000.0,1000000.0,999999.9999999999
2025-02-24T07:50:00.000+0000,1000000.0,1000000.0,999999.9999999999
2025-02-24T08:00:00.000+0000,1000000.0,1000000.0,999999.9999999999
2025-02-24T08:10:00.000+0000,1000000.0,1000000.0,999999.9999999999
2025-02-24T08:20:00.000+0000,1000000.0,1000000.0,999999.9999999999
2025-02-24T08:30:00.000+0000,1000000.0,1000000.0,999999.9999999999
2025-02-24T08:40:00.000+0000,1000000.0,1000000.0,999999.9999999999
2025-02-24T08:50:00.000+0000,1000000.0,1000000.0,999999.9999999999
2025-02-24T09:00:00.000+0000,1000000.0,1000000.0,999999.9999999999
2025-02-24T09:10:00.000+0000,1000000.0,1000000.0,999999.9999999999
2025-02-24T09:20:00.000+0000,1000000.0,1000000.0,999999.9999999999
2025-02-24T09:30:00.000+0000,1000000.0,1000000.0,999999.9999999999
2025-02-24T09:40:00.000+0000,1000000.0,1000000.0,999999.9999999999
2025-02-24T09:50:00.000+0000,1000000.0,1000000.0,999999.9999999999
2025-02-24T10:00:00.000+0000,1000000.0,1000000.0,999999.9999999999
2025-02-24T10:10:00.000+0000,1000000.0,1000000.0,999999.9999999999
2025-02-24T10:20:00.000+0000,1000000.0,1000000.0,999999.9999999999
2025-02-24T10:30:00.000+0000,1000000.0,1000000.0,999999.9999999999
2025-02-24T10:40:00.000+0000,1000000.0,1000000.0,999999.9999999999
2025-02-24T10:50:00.000+0000,1000000.0,1000000.0,999999.9999999999
2025-02-24T11:00:00.000+0000,1000000.0,1000000.0,999999.9999999999
2025-02-24T11:10:00.000+0000,1000000.0,1000000.0,999999.9999999999
2025-02-24T11:20:00.000+0000,1000000.0,1000000.0,999999.9999999999
2025-02-24T11:30:00.000+0000,1000000.0,1000000.0,999999.9999999999
2025-02-24T11:40:00.000+0000,1000000.0,1000000.0,999999.9999999999
2025-02-24T11:50:00.000+0000,1000000.0,1000000.0,999999.9999999999
2025-02-24T12:00:00.000+0000,1000000.0,1000000.0,999999.9999999999
2025-02-24T12:10:00.000+0000,1000000.0,1000000.0,999999.9999999999
2025-02-24T12:20:00.000+0000,1000000.0,1000000.0,999999.9999999999
2025-02-24T12:30:00.000+0000,1000000.0,1000000.0,999999.9999999999
2025-02-24T12:40:00.000+0000,1000000.0,1000000.0,999999.9999999999
2025-02-24T12:50:00.000+0000,1000000.0,1000000.0,999999.9999999999
2025-02-24T13:00:00.000+0000,1000000.0,1000000.0,999999.9999999999
2025-02-24T13:10:00.000+0000,1000000.0,1000000.0,999999.9999999999
2025-02-24T13:20:00.000+0000,1000000.0,1000000.0,999999.9999999999
2025-02-24T13:30:00.000+0000,1000000.0,1000000.0,999999.9999999999
2025-02-24T13:40:00.000+0000,1000000.0,1000000.0,999999.9999999999
2025-02-24T13:50:00.000+0000,1000000.0,1000000.0,999999.9999999999
2025-02-24T14:00:00.000+0000,1000000.0,1000000.0,999999.9999999999
2025-02-24T14:10:00.000+0000,1000000.0,1000000.0,999999.9999999999
2025-02-24T14:20:00.000+0000,1000000.0,1000000.0,999999.9999999999
2025-02-24T14:30:00.000+0000,1000000.0,1000000.0,999999.9999999999
2025-02-24T14:40:00.000+0000,1000000.0,1000000.0,999999.9999999999
2025-02-24T14:50:00.000+0000,1000000.0,1000000.0,999999.9999999999
2025-02-24T15:00:00.000+0000,1000000.0,1000000.0,999999.9999999999
2025-02-24T15:10:00.000+0000,1000000.0,1000000.0,999999.9999999999
2025-02-24T15:20:00.000+0000,1000000.0,1000000.0,999999.9999999999
2025-02-24T15:30:00.000+0000,1000000.0,1000000.0,999999.9999999999
2025-02-24T15:40:00.000+0000,1000000.0,1000000.0,999999.9999999999
2025-02-24T15:50:00.000+0000,1000000.0,1000000.0,999999.9999999999
2025-02-24T16:00:00.000+0000,1000000.0,1000000.0,999999.9999999999
2025-02-24T16:10:00.000+0000,1000000.0,1000000.0,999999.9999999999
2025-02-24T16:20:00.000+0000,1000000.0,1000000.0,999999.9999999999
2025-02-24T16:30:00.000+0000,1000000.0,1000000.0,999999.9999999999
2025-02-24T16:40:00.000+0000,1000000.0,1000000.0,999999.9999999999
2025-02-24T16:50:00.000+0000,1000000.0,1000000.0,999999.9999999999
2025-02-24T17:00:00.000+0000,1000000.0,1000000.0,999999.9999999999
2025-02-24T17:10:00.000+0000,1000000.0,1000000.0,999999.9999999999
2025-02-24T17:20:00.000+0000,1000000.0,1000000.0,999999.9999999999
2025-02-24T17:30:00.000+0000,1000000.0,1000000.0,999999.9999999999
2025-02-24T17:40:00.000+0000,1000000.0,1000000.0,999999.9999999999
2025-02-24T17:50:00.000+0000,1000000.0,1000000.0,999999.9999999999
2025-02-24T18:00:00.000+0000,1000000.0,1000000.0,999999.9999999999
2025-02-24T18:10:00.000+0000,1000000.0,1000000.0,999999.9999999999
2025-02-24T18:20:00.000+0000,1000000.0,1000000.0,999999.9999999999
2025-02-24T18:30:00.000+0000,1000000.0,1000000.0,999999.9999999999
2025-02-24T18:40:00.000+0000,1000000.0,1000000.0,999999.9999999999
2025-02-24T18:50:00.000+0000,1000000.0,1000000.0,999999.9999999999
2025-02-24T19:00:00.000+0000,1000000.0,1000000.0,999999.9999999999
2025-02-24T19:10:00.000+0000,1000000.0,1000000.0,999999.9999999999
2025-02-24T19:20:00.000+0000,1000000.0,1000000.0,999999.9999999999
2025-02-24T19:30:00.000+0000,1000000.0,1000000.0,999999.9999999999
2025-02-24T19:40:00.000+0000,1000000.0,1000000.0,999999.9999999999
2025-02-24T19:50:00.000+0000,1000000.0,1000000.0,999999.9999999999
2025-02-24T20:00:00.000+0000,1000000.0,1000000.0,999999.9999999999
2025-02-24T20:10:00.000+0000,1000000.0,1000000.0,999999.9999999999
2025-02-24T20:20:00.000+0000,1000000.0,1000000.0,999999.9999999999
2025-02-24T20:30:00.000+0000,1000000.0,1000000.0,999999.9999999999
2025-02-24T20:40:00.000+0000,1000000.0,1000000.0,999999.9999999999
2025-02-24T20:50:00.000+0000,1000000.0,1000000.0,999999.9999999999
2025-02-24T21:00:00.000+0000,1000000.0,1000000.0,999999.9999999999
2025-02-24T21:10:00.000+0000,1000000.0,1000000.0,999999.9999999999
2025-02-24T21:20:00.000+0000,1000000.0,1000000.0,999999.9999999999
2025-02-24T21:30:00.000+0000,1000000.0,1000000.0,999999.9999999999
2025-02-24T21:40:00.000+0000,1000000.0,1000000.0,999999.9999999999
2025-02-24T21:50:00.000+0000,1000000.0,1000000.0,999999.9999999999
2025-02-24T22:00:00.000+0000,1000000.0,1000000.0,999999.9999999999
2025-02-24T22:10:00.000+0000,1000000.0,1000000.0,999999.9999999999
2025-02-24T22:20:00.000+0000,1000000.0,1000000.0,999999.9999999999
2025-02-24T22:30:00.000+0000,1000000.0,1000000.0,999999.9999999999
2025-02-24T22:40:00.000+0000,1000000.0,1000000.0,999999.9999999999
2025-02-24T22:50:00.000+0000,1000000.0,1000000.0,999999.9999999999
2025-02-24T23:00:00.000+0000,1000000.0,1000000.0,999999.9999999999
2025-02-24T23:10:00.000+0000,1000000.0,1000000.0,999999.9999999999
2025-02-24T23:20:00.000+0000,1000000.0,1000000.0,999999.9999999999
2025-02-24T23:30:00.000+0000,1000000.0,1000000.0,999999.9999999999
2025-02-24T23:40:00.000+0000,1000000.0,1000000.0,999999.9999999999
2025-02-24T23:50:00.000+0000,1000000.0,1000000.0,999999.9999999999
2025-02-25T00:00:00.000+0000,1000000.0,1000000.0,999999.9999999999
2025-02-25T00:10:00.000+0000,1000000.0,1000000.0,999999.9999999999
2025-02-25T00:20:00.000+0000,1000000.0,1000000.0,999999.9999999999
2025-02-25T00:30:00.000+0000,1000000.0,1000000.0,999999.9999999999
2025-02-25T00:40:00.000+0000,1000000.0,1000000.0,999999.9999999999
2025-02-25T00:50:00.000+0000,1000000.0,1000000.0,999999.9999999999
2025-02-25T01:00:00.000+0000,1000000.0,1000000.0,999999.9999999999
2025-02-25T01:10:00.000+0000,1000000.0,1000000.0,999999.9999999999
2025-02-25T01:20:00.000+0000,1000000.0,1000000.0,999999.9999999999
2025-02-25T01:30:00.000+0000,1000000.0,1000000.0,999999.9999999999
2025-02-25T01:40:00.000+0000,1000000.0,1000000.0,999999.9999999999
2025-02-25T01:50:00.000+0000,1000000.0,1000000.0,999999.9999999999
2025-02-25T02:00:00.000+0000,1000000.0,1000000.0,999999.9999999999
2025-02-25T02:10:00.000+0000,1000000.0,1000000.0,999999.9999999999
2025-02-25T02:20:00.000+0000,1000000.0,1000000.0,999999.9999999999
2025-02-25T02:30:00.000+0000,1000000.0,1000000.0,999999.9999999999
2025-02-25T02:40:00.000+0000,1000000.0,1000000.0,999999.9999999999
2025-02-25T02:50:00.000+0000,1000000.0,1000000.0,999999.9999999999
2025-02-25T03:00:00.000+0000,1000000.0,1000000.0,999999.9999999999
2025-02-25T03:10:00.000+0000,1000000.0,1000000.0,999999.9999999999
2025-02-25T03:20:00.000+0000,1000000.0,1000000.0,999999.9999999999
2025-02-25T03:30:00.000+0000,1000000.0,1000000.0,999999.9999999999
2025-02-25T03:40:00.000+0000,1000000.0,1000000.0,999999.9999999999
2025-02-25T03:50:00.000+0000,1000000.0,1000000.0,999999.9999999999
2025-02-25T04:00:00.000+0000,1000000.0,1000000.0,999999.9999999999
2025-02-25T04:10:00.000+0000,1000000.0,1000000.0,999999.9999999999
2025-02-25T04:20:00.000+0000,1000000.0,1000000.0,999999.9999999999
2025-02-25T04:30:00.000+0000,1000000.0,1000000.0,999999.9999999999
2025-02-25T04:40:00.000+0000,1000000.0,1000000.0,999999.9999999999
2025-02-25T04:50:00.000+0000,1000000.0,1000000.0,999999.9999999999
2025-02-25T05:00:00.000+0000,1000000.0,1000000.0,999999.9999999999
2025-02-25T05:10:00.000+0000,1000000.0,1000000.0,999999.9999999999
2025-02-25T05:20:00.000+0000,1000000.0,1000000.0,999999.9999999999
2025-02-25T05:30:00.000+0000,1000000.0,1000000.0,999999.9999999999
2025-02-25T05:40:00.000+0000,1000000.0,1000000.0,999999.9999999999
2025-02-25T05:50:00.000+0000,1000000.0,1000000.0,999999.9999999999
2025-02-25T06:00:00.000+0000,1000000.0,1000000.0,999999.9999999999
2025-02-25T06:10:00.000+0000,1000000.0,1000000.0,999999.9999999999
2025-02-25T06:20:00.000+0000,1000000.0,1000000.0,999999.9999999999
2025-02-25T06:30:00.000+0000,1000000.0,1000000.0,999999.9999999999
2025-02-25T06:40:00.000+0000,1000000.0,1000000.0,999999.9999999999
2025-02-25T06:50:00.000+0000,1000000.0,1000000.0,999999.9999999999
2025-02-25T07:00:00.000+0000,1000000.0,1000000.0,999999.9999999999
2025-02-25T07:10:00.000+0000,1000000.0,1000000.0,999999.9999999999
2025-02-25T07:20:00.000+0000,1000000.0,1000000.0,999999.9999999999
2025-02-25T07:30:00.000+0000,1000000.0,1000000.0,999999.9999999999
2025-02-25T07:40:00.000+0000,1000000.0,1000000.0,999999.9999999999
2025-02-25T07:50:00.000+0000,1000000.0,1000000.0,999999.9999999999
2025-02-25T08:00:00.000+0000,1000000.0,1000000.0,999999.9999999999
2025-02-25T08:10:00.000+0000,1000000.0,1000000.0,999999.9999999999
2025-02-25T08:20:00.000+0000,1000000.0,1000000.0,999999.9999999999
2025-02-25T08:30:00.000+0000,1000000.0,1000000.0,999999.9999999999
2025-02-25T08:40:00.000+0000,1000000.0,1000000.0,999999.9999999999
2025-02-25T08:50:00.000+0000,1000000.0,1000000.0,999999.9999999999
2025-02-25T09:00:00.000+0000,1000000.0,1000000.0,999999.9999999999
2025-02-25T09:10:00.000+0000,1000000.0,1000000.0,999999.9999999999
2025-02-25T09:20:00.000+0000,1000000.0,1000000.0,999999.9999999999
2025-02-25T09:30:00.000+0000,1000000.0,1000000.0,999999.9999999999
2025-02-25T09:40:00.000+0000,1000000.0,1000000.0,999999.9999999999
2025-02-25T09:50:00.000+0000,1000000.0,1000000.0,999999.9999999999
2025-02-25T10:00:00.000+0000,1000000.0,1000000.0,999999.9999999999
2025-02-25T10:10:00.000+0000,1000000.0,1000000.0,999999.9999999999
2025-02-25T10:20:00.000+0000,1000000.0,1000000.0,999999.9999999999
2025-02-25T10:30:00.000+0000,1000000.0,1000000.0,999999.9999999999
2025-02-25T10:40:00.000+0000,1000000.0,1000000.0,999999.9999999999
2025-02-25T10:50:00.000+0000,1000000.0,1000000.0,999999.9999999999
2025-02-25T11:00:00.000+0000,1000000.0,1000000.0,999999.9999999999
2025-02-25T11:10:00.000+0000,1000000.0,1000000.0,999999.9999999999
2025-02-25T11:20:00.000+0000,1000000.0,1000000.0,999999.9999999999
2025-02-25T11:30:00.000+0000,1000000.0,1000000.0,999999.9999999999
2025-02-25T11:40:00.000+0000,1000000.0,1000000.0,999999.9999999999
2025-02-25T11:50:00.000+0000,1000000.0,1000000.0,999999.9999999999
2025-02-25T12:00:00.000+0000,1000000.0,1000000.0,999999.9999999999
2025-02-25T12:10:00.000+0000,1000000.0,1000000.0,999999.9999999999
2025-02-25T12:20:00.000+0000,1000000.0,1000000.0,999999.9999999999
2025-02-25T12:30:00.000+0000,1000000.0,1000000.0,999999.9999999999
2025-02-25T12:40:00.000+0000,1000000.0,1000000.0,999999.9999999999
2025-02-25T12:50:00.000+0000,1000000.0,1000000.0,999999.9999999999
2025-02-25T13:00:00.000+0000,1000000.0,1000000.0,999999.9999999999
2025-02-25T13:10:00.000+0000,1000000.0,1000000.0,999999.9999999999
2025-02-25T13:20:00.000+0000,1000000.0,1000000.0,999999.9999999999
2025-02-25T13:30:00.000+0000,1000000.0,1000000.0,999999.9999999999
2025-02-25T13:40:00.000+0000,1000000.0,1000000.0,999999.9999999999
2025-02-25T13:50:00.000+0000,1000000.0,1000000.0,999999.9999999999
2025-02-25T14:00:00.000+0000,1000000.0,1000000.0,999999.9999999999
2025-02-25T14:10:00.000+0000,1000000.0,1000000.0,999999.9999999999
2025-02-25T14:20:00.000+0000,1000000.0,1000000.0,999999.9999999999
2025-02-25T14:30:00.000+0000,1000000.0,1000000.0,999999.9999999999
2025-02-25T14:40:00.000+0000,1000000.0,1000000.0,999999.9999999999
2025-02-25T14:50:00.000+0000,1000000.0,1000000.0,999999.9999999999
2025-02-25T15:00:00.000+0000,1000000.0,1000000.0,999999.9999999999
2025-02-25T15:10:00.000+0000,1000000.0,1000000.0,999999.9999999999
2025-02-25T15:20:00.000+0000,1000000.0,1000000.0,999999.9999999999
2025-02-25T15:30:00.000+0000,1000000.0,1000000.0,999999.9999999999
2025-02-25T15:40:00.000+0000,1000000.0,1000000.0,999999.9999999999
2025-02-25T15:50:00.000+0000,1000000.0,1000000.0,999999.9999999999
2025-02-25T16:00:00.000+0000,1000000.0,1000000.0,999999.9999999999
2025-02-25T16:10:00.000+0000,1000000.0,1000000.0,999999.9999999999
2025-02-25T16:20:00.000+0000,1000000.0,1000000.0,999999.9999999999
2025-02-25T16:30:00.000+0000,1000000.0,1000000.0,999999.9999999999
2025-02-25T16:40:00.000+0000,1000000.0,1000000.0,999999.9999999999
2025-02-25T16:50:00.000+0000,1000000.0,1000000.0,999999.9999999999
2025-02-25T17:00:00.000+0000,1000000.0,1000000.0,999999.9999999999
2025-02-25T17:10:00.000+0000,1000000.0,1000000.0,999999.9999999999
2025-02-25T17:20:00.000+0000,1000000.0,1000000.0,999999.9999999999
2025-02-25T17:30:00.000+0000,1000000.0,1000000.0,999999.9999999999
2025-02-25T17:40:00.000+0000,1000000.0,1000000.0,999999.9999999999
2025-02-25T17:50:00.000+0000,1000000.0,1000000.0,999999.9999999999
2025-02-25T18:00:00.000+0000,1000000.0,1000000.0,999999.9999999999
2025-02-25T18:10:00.000+0000,1000000.0,1000000.0,999999.9999999999
2025-02-25T18:20:00.000+0000,1000000.0,1000000.0,999999.9999999999
2025-02-25T18:30:00.000+0000,1000000.0,1000000.0,999999.9999999999
2025-02-25T18:40:00.000+0000,1000000.0,1000000.0,999999.9999999999
2025-02-25T18:50:00.000+0000,1000000.0,1000000.0,999999.9999999999
2025-02-25T19:00:00.000+0000,1000000.0,1000000.0,999999.9999999999
2025-02-25T19:10:00.000+0000,1000000.0,1000000.0,999999.9999999999
2025-02-25T19:20:00.000+0000,1000000.0,1000000.0,999999.9999999999
2025-02-25T19:30:00.000+0000,1000000.0,1000000.0,999999.9999999999
2025-02-25T19:40:00.000+0000,1000000.0,1000000.0,999999.9999999999
2025-02-25T19:50:00.000+0000,1000000.0,1000000.0,999999.9999999999
2025-02-25T20:00:00.000+0000,1000000.0,1000000.0,999999.9999999999
2025-02-25T20:10:00.000+0000,1000000.0,1000000.0,999999.9999999999
2025-02-25T20:20:00.000+0000,1000000.0,1000000.0,999999.9999999999
2025-02-25T20:30:00.000+0000,1000000.0,1000000.0,999999.9999999999
2025-02-25T20:40:00.000+0000,1000000.0,1000000.0,999999.9999999999
2025-02-25T20:50:00.000+0000,1000000.0,1000000.0,999999.9999999999
2025-02-25T21:00:00.000+0000,1000000.0,1000000.0,999999.9999999999
2025-02-25T21:10:00.000+0000,1000000.0,1000000.0,999999.9999999999
2025-02-25T21:20:00.000+0000,1000000.0,1000000.0,999999.9999999999
2025-02-25T21:30:00.000+0000,1000000.0,1000000.0,999999.9999999999
2025-02-25T21:40:00.000+0000,1000000.0,1000000.0,999999.9999999999
2025-02-25T21:50:00.000+0000,1000000.0,1000000.0,999999.9999999999
2025-02-25T22:00:00.000+0000,1000000.0,1000000.0,999999.9999999999
2025-02-25T22:10:00.000+0000,1000000.0,1000000.0,999999.9999999999
2025-02-25T22:20:00.000+0000,1000000.0,1000000.0,999999.9999999999
2025-02-25T22:30:00.000+0000,1000000.0,1000000.0,999999.9999999999
2025-02-25T22:40:00.000+0000,1000000.0,1000000.0,999999.9999999999
2025-02-25T22:50:00.000+0000,1000000.0,1000000.0,999999.9999999999
2025-02-25T23:00:00.000+0000,1000000.0,1000000.0,999999.9999999999
2025-02-25T23:10:00.000+0000,1000000.0,1000000.0,999999.9999999999
2025-02-25T23:20:00.000+0000,1000000.0,1000000.0,999999.9999999999
2025-02-25T23:30:00.000+0000,1000000.0,1000000.0,999999.9999999999
2025-02-25T23:40:00.000+0000,1000000.0,1000000.0,999999.9999999999
2025-02-25T23:50:00.000+0000,1000000.0,1000000.0,999999.9999999999
2025-02-26T00:00:00.000+0000,1000000.0,1000000.0,999999.9999999999
2025-02-26T00:10:00.000+0000,1000000.0,1000000.0,999999.9999999999
2025-02-26T00:20:00.000+0000,1000000.0,1000000.0,999999.9999999999
2025-02-26T00:30:00.000+0000,1000000.0,1000000.0,999999.9999999999
2025-02-26T00:40:00.000+0000,1000000.0,1000000.0,999999.9999999999
2025-02-26T00:50:00.000+0000,1000000.0,1000000.0,999999.9999999999
2025-02-26T01:00:00.000+0000,1000000.0,1000000.0,999999.9999999999
2025-02-26T01:10:00.000+0000,1000000.0,1000000.0,999999.9999999999
2025-02-26T01:20:00.000+0000,1000000.0,1000000.0,999999.9999999999
2025-02-26T01:30:00.000+0000,1000000.0,1000000.0,999999.9999999999
2025-02-26T01:40:00.000+0000,1000000.0,1000000.0,999999.9999999999
2025-02-26T01:50:00.000+0000,1000000.0,1000000.0,999999.9999999999
2025-02-26T02:00:00.000+0000,1000000.0,1000000.0,999999.9999999999
2025-02-26T02:10:00.000+0000,1000000.0,1000000.0,999999.9999999999
2025-02-26T02:20:00.000+0000,1000000.0,1000000.0,999999.9999999999
2025-02-26T02:30:00.000+0000,1000000.0,1000000.0,999999.9999999999
2025-02-26T02:40:00.000+0000,1000000.0,1000000.0,999999.9999999999
2025-02-26T02:50:00.000+0000,1000000.0,1000000.0,999999.9999999999
2025-02-26T03:00:00.000+0000,1000000.0,1000000.0,999999.9999999999
2025-02-26T03:10:00.000+0000,1000000.0,1000000.0,999999.9999999999
2025-02-26T03:20:00.000+0000,1000000.0,1000000.0,999999.9999999999
2025-02-26T03:30:00.000+0000,1000000.0,1000000.0,999999.9999999999
2025-02-26T03:40:00.000+0000,1000000.0,1000000.0,999999.9999999999
2025-02-26T03:50:00.000+0000,1000000.0,1000000.0,999999.9999999999
2025-02-26T04:00:00.000+0000,1000000.0,1000000.0,999999.9999999999
2025-02-26T04:10:00.000+0000,1000000.0,1000000.0,999999.9999999999
2025-02-26T04:20:00.000+0000,1000000.0,1000000.0,999999.9999999999
2025-02-26T04:30:00.000+0000,1000000.0,1000000.0,999999.9999999999
2025-02-26T04:40:00.000+0000,1000000.0,1000000.0,999999.9999999999
2025-02-26T04:50:00.000+0000,1000000.0,1000000.0,999999.9999999999
2025-02-26T05:00:00.000+0000,1000000.0,1000000.0,999999.9999999999
2025-02-26T05:10:00.000+0000,1000000.0,1000000.0,999999.9999999999
2025-02-26T05:20:00.000+0000,1000000.0,1000000.0,999999.9999999999
2025-02-26T05:30:00.000+0000,1000000.0,1000000.0,999999.9999999999
2025-02-26T05:40:00.000+0000,1000000.0,1000000.0,999999.9999999999
2025-02-26T05:50:00.000+0000,1000000.0,1000000.0,999999.9999999999
2025-02-26T06:00:00.000+0000,1000000.0,1000000.0,999999.9999999999
2025-02-26T06:10:00.000+0000,1000000.0,1000000.0,999999.9999999999
2025-02-26T06:20:00.000+0000,1000000.0,1000000.0,999999.9999999999
2025-02-26T06:30:00.000+0000,1000000.0,1000000.0,999999.9999999999
2025-02-26T06:40:00.000+0000,1000000.0,1000000.0,999999.9999999999
2025-02-26T06:50:00.000+0000,1000000.0,1000000.0,999999.9999999999
2025-02-26T07:00:00.000+0000,1000000.0,1000000.0,999999.9999999999
2025-02-26T07:10:00.000+0000,1000000.0,1000000.0,999999.9999999999
2025-02-26T07:20:00.000+0000,1000000.0,1000000.0,999999.9999999999
2025-02-26T07:30:00.000+0000,1000000.0,1000000.0,999999.9999999999
2025-02-26T07:40:00.000+0000,1000000.0,1000000.0,999999.9999999999
2025-02-26T07:50:00.000+0000,1000000.0,1000000.0,999999.9999999999
2025-02-26T08:00:00.000+0000,1000000.0,1000000.0,999999.9999999999
2025-02-26T08:10:00.000+0000,1000000.0,1000000.0,999999.9999999999
2025-02-26T08:20:00.000+0000,1000000.0,1000000.0,999999.9999999999
2025-02-26T08:30:00.000+0000,1000000.0,1000000.0,999999.9999999999
2025-02-26T08:40:00.000+0000,1000000.0,1000000.0,999999.9999999999
2025-02-26T08:50:00.000+0000,1000000.0,1000000.0,999999.9999999999
2025-02-26T09:00:00.000+0000,1000000.0,1000000.0,999999.9999999999
2025-02-26T09:10:00.000+0000,1000000.0,1000000.0,999999.9999999999
2025-02-26T09:20:00.000+0000,1000000.0,1000000.0,999999.9999999999
2025-02-26T09:30:00.000+0000,1000000.0,1000000.0,999999.9999999999
2025-02-26T09:40:00.000+0000,1000000.0,1000000.0,999999.9999999999
2025-02-26T09:50:00.000+0000,1000000.0,1000000.0,999999.9999999999
2025-02-26T10:00:00.000+0000,1000000.0,1000000.0,999999.9999999999
2025-02-26T10:10:00.000+0000,1000000.0,1000000.0,999999.9999999999
2025-02-26T10:20:00.000+0000,1000000.0,1000000.0,999999.9999999999
2025-02-26T10:30:00.000+0000,1000000.0,1000000.0,999999.9999999999
2025-02-26T10:40:00.000+0000,1000000.0,1000000.0,999999.9999999999
2025-02-26T10:50:00.000+0000,1000000.0,1000000.0,999999.9999999999
2025-02-26T11:00:00.000+0000,1000000.0,1000000.0,999999.9999999999
2025-02-26T11:10:00.000+0000,1000000.0,1000000.0,999999.9999999999
2025-02-26T11:20:00.000+0000,1000000.0,1000000.0,999999.9999999999
2025-02-26T11:30:00.000+0000,1000000.0,1000000.0,999999.9999999999
2025-02-26T11:40:00.000+0000,1000000.0,1000000.0,999999.9999999999
2025-02-26T11:50:00.000+0000,1000000.0,1000000.0,999999.9999999999
2025-02-26T12:00:00.000+0000,1000000.0,1000000.0,999999.9999999999
2025-02-26T12:10:00.000+0000,1000000.0,1000000.0,999999.9999999999
2025-02-26T12:20:00.000+0000,1000000.0,1000000.0,999999.9999999999
2025-02-26T12:30:00.000+0000,1000000.0,1000000.0,999999.9999999999
2025-02-26T12:40:00.000+0000,1000000.0,1000000.0,999999.9999999999
2025-02-26T12:50:00.000+0000,1000000.0,1000000.0,999999.9999999999
2025-02-26T13:00:00.000+0000,1000000.0,1000000.0,999999.9999999999
2025-02-26T13:10:00.000+0000,1000000.0,1000000.0,999999.9999999999
2025-02-26T13:20:00.000+0000,1000000.0,1000000.0,999999.9999999999
2025-02-26T13:30:00.000+0000,1000000.0,1000000.0,999999.9999999999
2025-02-26T13:40:00.000+0000,1000000.0,1000000.0,999999.9999999999
2025-02-26T13:50:00.000+0000,1000000.0,1000000.0,999999.9999999999
2025-02-26T14:00:00.000+0000,1000000.0,1000000.0,999999.9999999999
2025-02-26T14:10:00.000+0000,1000000.0,1000000.0,999999.9999999999
2025-02-26T14:20:00.000+0000,1000000.0,1000000.0,999999.9999999999
2025-02-26T14:30:00.000+0000,1000000.0,1000000.0,999999.9999999999
2025-02-26T14:40:00.000+0000,1000000.0,1000000.0,999999.9999999999
2025-02-26T14:50:00.000+0000,1000000.0,1000000.0,999999.9999999999
2025-02-26T15:00:00.000+0000,1000000.0,1000000.0,999999.9999999999
2025-02-26T15:10:00.000+0000,1000000.0,1000000.0,999999.9999999999
2025-02-26T15:20:00.000+0000,1000000.0,1000000.0,999999.9999999999
2025-02-26T15:30:00.000+0000,1000000.0,1000000.0,999999.9999999999
2025-02-26T15:40:00.000+0000,1000000.0,1000000.0,999999.9999999999
2025-02-26T15:50:00.000+0000,1000000.0,1000000.0,999999.9999999999
2025-02-26T16:00:00.000+0000,1000000.0,1000000.0,999999.9999999999
2025-02-26T16:10:00.000+0000,1000000.0,1000000.0,999999.9999999999
2025-02-26T16:20:00.000+0000,1000000.0,1000000.0,999999.9999999999
2025-02-26T16:30:00.000+0000,1000000.0,1000000.0,999999.9999999999
2025-02-26T16:40:00.000+0000,1000000.0,1000000.0,999999.9999999999
2025-02-26T16:50:00.000+0000,1000000.0,1000000.0,999999.9999999999
2025-02-26T17:00:00.000+0000,1000000.0,1000000.0,999999.9999999999
2025-02-26T17:10:00.000+0000,1000000.0,1000000.0,999999.9999999999
2025-02-26T17:20:00.000+0000,1000000.0,1000000.0,999999.9999999999
2025-02-26T17:30:00.000+0000,1000000.0,1000000.0,999999.9999999999
2025-02-26T17:40:00.000+0000,1000000.0,1000000.0,999999.9999999999
2025-02-26T17:50:00.000+0000,1000000.0,1000000.0,999999.9999999999
2025-02-26T18:00:00.000+0000,1000000.0,1000000.0,999999.9999999999
2025-02-26T18:10:00.000+0000,1000000.0,1000000.0,999999.9999999999
2025-02-26T18:20:00.000+0000,1000000.0,1000000.0,999999.9999999999
2025-02-26T18:30:00.000+0000,1000000.0,1000000.0,999999.9999999999
2025-02-26T18:40:00.000+0000,1000000.0,1000000.0,999999.9999999999
2025-02-26T18:50:00.000+0000,1000000.0,1000000.0,999999.9999999999
2025-02-26T19:00:00.000+0000,1000000.0,1000000.0,999999.9999999999
2025-02-26T19:10:00.000+0000,1000000.0,1000000.0,999999.9999999999
2025-02-26T19:20:00.000+0000,1000000.0,1000000.0,999999.9999999999
2025-02-26T19:30:00.000+0000,1000000.0,1000000.0,999999.9999999999
2025-02-26T19:40:00.000+0000,1000000.0,1000000.0,999999.9999999999
2025-02-26T19:50:00.000+0000,1000000.0,1000000.0,999999.9999999999
2025-02-26T20:00:00.000+0000,1000000.0,1000000.0,999999.9999999999
2025-02-26T20:10:00.000+0000,1000000.0,1000000.0,999999.9999999999
2025-02-26T20:20:00.000+0000,1000000.0,1000000.0,999999.9999999999
2025-02-26T20:30:00.000+0000,1000000.0,1000000.0,999999.9999999999
2025-02-26T20:40:00.000+0000,1000000.0,1000000.0,999999.9999999999
2025-02-26T20:50:00.000+0000,1000000.0,1000000.0,999999.9999999999
2025-02-26T21:00:00.000+0000,1000000.0,1000000.0,999999.9999999999
2025-02-26T21:10:00.000+0000,1000000.0,1000000.0,999999.9999999999
2025-02-26T21:20:00.000+0000,1000000.0,1000000.0,999999.9999999999
2025-02-26T21:30:00.000+0000,1000000.0,1000000.0,999999.9999999999
2025-02-26T21:40:00.000+0000,1000000.0,1000000.0,999999.9999999999
2025-02-26T21:50:00.000+0000,1000000.0,1000000.0,999999.9999999999
2025-02-26T22:00:00.000+0000,1000000.0,1000000.0,999999.9999999999
2025-02-26T22:10:00.000+0000,1000000.0,1000000.0,999999.9999999999
2025-02-26T22:20:00.000+0000,1000000.0,1000000.0,999999.9999999999
2025-02-26T22:30:00.000+0000,1000000.0,1000000.0,999999.9999999999
2025-02-26T22:40:00.000+0000,1000000.0,1000000.0,999999.9999999999
2025-02-26T22:50:00.000+0000,1000000.0,1000000.0,999999.9999999999
2025-02-26T23:00:00.000+0000,1000000.0,1000000.0,999999.9999999999
2025-02-26T23:10:00.000+0000,1000000.0,1000000.0,999999.9999999999
2025-02-26T23:20:00.000+0000,1000000.0,1000000.0,999999.9999999999
2025-02-26T23:30:00.000+0000,1000000.0,1000000.0,999999.9999999999
2025-02-26T23:40:00.000+0000,1000000.0,1000000.0,999999.9999999999
2025-02-26T23:50:00.000+0000,1000000.0,1000000.0,999999.9999999999
2025-02-27T00:00:00.000+0000,1000000.0,1000000.0,999999.9999999999
2025-02-27T00:10:00.000+0000,1000000.0,1000000.0,999999.9999999999
2025-02-27T00:20:00.000+0000,1000000.0,1000000.0,999999.9999999999
2025-02-27T00:30:00.000+0000,1000000.0,1000000.0,999999.9999999999
2025-02-27T00:40:00.000+0000,1000000.0,1000000.0,999999.9999999999
2025-02-27T00:50:00.000+0000,1000000.0,1000000.0,999999.9999999999
2025-02-27T01:00:00.000+0000,1000000.0,1000000.0,999999.9999999999
2025-02-27T01:10:00.000+0000,1000000.0,1000000.0,999999.9999999999
2025-02-27T01:20:00.000+0000,1000000.0,1000000.0,999999.9999999999
2025-02-27T01:30:00.000+0000,1000000.0,1000000.0,999999.9999999999
2025-02-27T01:40:00.000+0000,1000000.0,1000000.0,999999.9999999999
2025-02-27T01:50:00.000+0000,1000000.0,1000000.0,999999.9999999999
2025-02-27T02:00:00.000+0000,1000000.0,1000000.0,999999.9999999999
2025-02-27T02:10:00.000+0000,1000000.0,1000000.0,999999.9999999999
2025-02-27T02:20:00.000+0000,1000000.0,1000000.0,999999.9999999999
2025-02-27T02:30:00.000+0000,1000000.0,1000000.0,999999.9999999999
2025-02-27T02:40:00.000+0000,1000000.0,1000000.0,999999.9999999999
2025-02-27T02:50:00.000+0000,1000000.0,1000000.0,999999.9999999999
2025-02-27T03:00:00.000+0000,1000000.0,1000000.0,999999.9999999999
2025-02-27T03:10:00.000+0000,1000000.0,1000000.0,999999.9999999999
2025-02-27T03:20:00.000+0000,1000000.0,1000000.0,999999.9999999999
2025-02-27T03:30:00.000+0000,1000000.0,1000000.0,999999.9999999999
2025-02-27T03:40:00.000+0000,1000000.0,1000000.0,999999.9999999999
2025-02-27T03:50:00.000+0000,1000000.0,1000000.0,999999.9999999999
2025-02-27T04:00:00.000+0000,1000000.0,1000000.0,999999.9999999999
2025-02-27T04:10:00.000+0000,1000000.0,1000000.0,999999.9999999999
2025-02-27T04:20:00.000+0000,1000000.0,1000000.0,999999.9999999999
2025-02-27T04:30:00.000+0000,1000000.0,1000000.0,999999.9999999999
2025-02-27T04:40:00.000+0000,1000000.0,1000000.0,999999.9999999999
2025-02-27T04:50:00.000+0000,1000000.0,1000000.0,999999.9999999999
2025-02-27T05:00:00.000+0000,1000000.0,1000000.0,999999.9999999999
2025-02-27T05:10:00.000+0000,1000000.0,1000000.0,999999.9999999999
2025-02-27T05:20:00.000+0000,1000000.0,1000000.0,999999.9999999999
2025-02-27T05:30:00.000+0000,1000000.0,1000000.0,999999.9999999999
2025-02-27T05:40:00.000+0000,1000000.0,1000000.0,999999.9999999999
2025-02-27T05:50:00.000+0000,1000000.0,1000000.0,999999.9999999999
2025-02-27T06:00:00.000+0000,1000000.0,1000000.0,999999.9999999999
2025-02-27T06:10:00.000+0000,1000000.0,1000000.0,999999.9999999999
2025-02-27T06:20:00.000+0000,1000000.0,1000000.0,999999.9999999999
2025-02-27T06:30:00.000+0000,1000000.0,1000000.0,999999.9999999999
2025-02-27T06:40:00.000+0000,1000000.0,1000000.0,999999.9999999999
2025-02-27T06:50:00.000+0000,1000000.0,1000000.0,999999.9999999999
2025-02-27T07:00:00.000+0000,1000000.0,1000000.0,999999.9999999999
2025-02-27T07:10:00.000+0000,1000000.0,1000000.0,999999.9999999999
2025-02-27T07:20:00.000+0000,1000000.0,1000000.0,999999.9999999999
2025-02-27T07:30:00.000+0000,1000000.0,1000000.0,999999.9999999999
2025-02-27T07:40:00.000+0000,1000000.0,1000000.0,999999.9999999999
2025-02-27T07:50:00.000+0000,1000000.0,1000000.0,999999.9999999999
2025-02-27T08:00:00.000+0000,1000000.0,1000000.0,999999.9999999999
2025-02-27T08:10:00.000+0000,1000000.0,1000000.0,999999.9999999999
2025-02-27T08:20:00.000+0000,1000000.0,1000000.0,999999.9999999999
2025-02-27T08:30:00.000+0000,1000000.0,1000000.0,999999.9999999999
2025-02-27T08:40:00.000+0000,1000000.0,1000000.0,999999.9999999999
2025-02-27T08:50:00.000+0000,1000000.0,1000000.0,999999.9999999999
2025-02-27T09:00:00.000+0000,1000000.0,1000000.0,999999.9999999999
2025-02-27T09:10:00.000+0000,1000000.0,1000000.0,999999.9999999999
2025-02-27T09:20:00.000+0000,1000000.0,1000000.0,999999.9999999999
2025-02-27T09:30:00.000+0000,1000000.0,1000000.0,999999.9999999999
2025-02-27T09:40:00.000+0000,1000000.0,1000000.0,999999.9999999999
2025-02-27T09:50:00.000+0000,1000000.0,1000000.0,999999.9999999999
2025-02-27T10:00:00.000+0000,1000000.0,1000000.0,999999.9999999999
2025-02-27T10:10:00.000+0000,1000000.0,1000000.0,999999.9999999999
2025-02-27T10:20:00.000+0000,1000000.0,1000000.0,999999.9999999999
2025-02-27T10:30:00.000+0000,1000000.0,1000000.0,999999.9999999999
2025-02-27T10:40:00.000+0000,1000000.0,1000000.0,999999.9999999999
2025-02-27T10:50:00.000+0000,1000000.0,1000000.0,999999.9999999999
2025-02-27T11:00:00.000+0000,1000000.0,1000000.0,999999.9999999999
2025-02-27T11:10:00.000+0000,1000000.0,1000000.0,999999.9999999999
2025-02-27T11:20:00.000+0000,1000000.0,1000000.0,999999.9999999999
2025-02-27T11:30:00.000+0000,1000000.0,1000000.0,999999.9999999999
2025-02-27T11:40:00.000+0000,1000000.0,1000000.0,999999.9999999999
2025-02-27T11:50:00.000+0000,1000000.0,1000000.0,999999.9999999999
2025-02-27T12:00:00.000+0000,1000000.0,1000000.0,999999.9999999999
2025-02-27T12:10:00.000+0000,1000000.0,1000000.0,999999.9999999999
2025-02-27T12:20:00.000+0000,1000000.0,1000000.0,999999.9999999999
2025-02-27T12:30:00.000+0000,1000000.0,1000000.0,999999.9999999999
2025-02-27T12:40:00.000+0000,1000000.0,1000000.0,999999.9999999999
2025-02-27T12:50:00.000+0000,1000000.0,1000000.0,999999.9999999999
2025-02-27T13:00:00.000+0000,1000000.0,1000000.0,999999.9999999999
2025-02-27T13:10:00.000+0000,1000000.0,1000000.0,999999.9999999999
2025-02-27T13:20:00.000+0000,1000000.0,1000000.0,999999.9999999999
2025-02-27T13:30:00.000+0000,1000000.0,1000000.0,999999.9999999999
2025-02-27T13:40:00.000+0000,1000000.0,1000000.0,999999.9999999999
2025-02-27T13:50:00.000+0000,1000000.0,1000000.0,999999.9999999999
2025-02-27T14:00:00.000+0000,1000000.0,1000000.0,999999.9999999999
2025-02-27T14:10:00.000+0000,1000000.0,1000000.0,999999.9999999999
2025-02-27T14:20:00.000+0000,1000000.0,1000000.0,999999.9999999999
2025-02-27T14:30:00.000+0000,1000000.0,1000000.0,999999.9999999999
2025-02-27T14:40:00.000+0000,1000000.0,1000000.0,999999.9999999999
2025-02-27T14:50:00.000+0000,1000000.0,1000000.0,999999.9999999999
2025-02-27T15:00:00.000+0000,1000000.0,1000000.0,999999.9999999999
2025-02-27T15:10:00.000+0000,1000000.0,1000000.0,999999.9999999999
2025-02-27T15:20:00.000+0000,1000000.0,1000000.0,999999.9999999999
2025-02-27T15:30:00.000+0000,1000000.0,1000000.0,999999.9999999999
2025-02-27T15:40:00.000+0000,1000000.0,1000000.0,999999.9999999999
2025-02-27T15:50:00.000+0000,1000000.0,1000000.0,999999.9999999999
2025-02-27T16:00:00.000+0000,1000000.0,1000000.0,999999.9999999999
2025-02-27T16:10:00.000+0000,1000000.0,1000000.0,999999.9999999999
2025-02-27T16:20:00.000+0000,1000000.0,1000000.0,999999.9999999999
2025-02-27T16:30:00.000+0000,1000000.0,1000000.0,999999.9999999999
2025-02-27T16:40:00.000+0000,1000000.0,1000000.0,999999.9999999999
2025-02-27T16:50:00.000+0000,1000000.0,1000000.0,999999.9999999999
2025-02-27T17:00:00.000+0000,1000000.0,1000000.0,999999.9999999999
2025-02-27T17:10:00.000+0000,1000000.0,1000000.0,999999.9999999999
2025-02-27T17:20:00.000+0000,1000000.0,1000000.0,999999.9999999999
2025-02-27T17:30:00.000+0000,1000000.0,1000000.0,999999.9999999999
2025-02-27T17:40:00.000+0000,1000000.0,1000000.0,999999.9999999999
2025-02-27T17:50:00.000+0000,1000000.0,1000000.0,999999.9999999999
2025-02-27T18:00:00.000+0000,1000000.0,1000000.0,999999.9999999999
2025-02-27T18:10:00.000+0000,1000000.0,1000000.0,999999.9999999999
2025-02-27T18:20:00.000+0000,1000000.0,1000000.0,999999.9999999999
2025-02-27T18:30:00.000+0000,1000000.0,1000000.0,999999.9999999999
2025-02-27T18:40:00.000+0000,1000000.0,1000000.0,999999.9999999999
2025-02-27T18:50:00.000+0000,1000000.0,1000000.0,999999.9999999999
2025-02-27T19:00:00.000+0000,1000000.0,1000000.0,999999.9999999999
2025-02-27T19:10:00.000+0000,1000000.0,1000000.0,999999.9999999999
2025-02-27T19:20:00.000+0000,1000000.0,1000000.0,999999.9999999999
2025-02-27T19:30:00.000+0000,1000000.0,1000000.0,999999.9999999999
2025-02-27T19:40:00.000+0000,1000000.0,1000000.0,999999.9999999999
2025-02-27T19:50:00.000+0000,1000000.0,1000000.0,999999.9999999999
2025-02-27T20:00:00.000+0000,1000000.0,1000000.0,999999.9999999999
2025-02-27T20:10:00.000+0000,1000000.0,1000000.0,999999.9999999999
2025-02-27T20:20:00.000+0000,1000000.0,1000000.0,999999.9999999999
2025-02-27T20:30:00.000+0000,1000000.0,1000000.0,999999.9999999999
2025-02-27T20:40:00.000+0000,1000000.0,1000000.0,999999.9999999999
2025-02-27T20:50:00.000+0000,1000000.0,1000000.0,999999.9999999999
2025-02-27T21:00:00.000+0000,1000000.0,1000000.0,999999.9999999999
2025-02-27T21:10:00.000+0000,1000000.0,1000000.0,999999.9999999999
2025-02-27T21:20:00.000+0000,1000000.0,1000000.0,999999.9999999999
2025-02-27T21:30:00.000+0000,1000000.0,1000000.0,999999.9999999999
2025-02-27T21:40:00.000+0000,1000000.0,1000000.0,999999.9999999999
2025-02-27T21:50:00.000+0000,1000000.0,1000000.0,999999.9999999999
2025-02-27T22:00:00.000+0000,1000000.0,1000000.0,999999.9999999999
2025-02-27T22:10:00.000+0000,1000000.0,1000000.0,999999.9999999999
2025-02-27T22:20:00.000+0000,1000000.0,1000000.0,999999.9999999999
2025-02-27T22:30:00.000+0000,1000000.0,1000000.0,999999.9999999999
2025-02-27T22:40:00.000+0000,1000000.0,1000000.0,999999.9999999999
2025-02-27T22:50:00.000+0000,1000000.0,1000000.0,999999.9999999999
2025-02-27T23:00:00.000+0000,1000000.0,1000000.0,999999.9999999999
2025-02-27T23:10:00.000+0000,1000000.0,1000000.0,999999.9999999999
2025-02-27T23:20:00.000+0000,1000000.0,1000000.0,999999.9999999999
2025-02-27T23:30:00.000+0000,1000000.0,1000000.0,999999.9999999999
2025-02-27T23:40:00.000+0000,1000000.0,1000000.0,999999.9999999999
2025-02-27T23:50:00.000+0000,1000000.0,1000000.0,999999.9999999999
2025-02-28T00:00:00.000+0000,1000000.0,1000000.0,999999.9999999999
2025-02-28T00:10:00.000+0000,1000000.0,1000000.0,999999.9999999999
2025-02-28T00:20:00.000+0000,1000000.0,1000000.0,999999.9999999999
2025-02-28T00:30:00.000+0000,1000000.0,1000000.0,999999.9999999999
2025-02-28T00:40:00.000+0000,1000000.0,1000000.0,999999.9999999999
2025-02-28T00:50:00.000+0000,1000000.0,1000000.0,999999.9999999999
2025-02-28T01:00:00.000+0000,1000000.0,1000000.0,999999.9999999999
2025-02-28T01:10:00.000+0000,1000000.0,1000000.0,999999.9999999999
2025-02-28T01:20:00.000+0000,1000000.0,1000000.0,999999.9999999999
2025-02-28T01:30:00.000+0000,1000000.0,1000000.0,999999.9999999999
2025-02-28T01:40:00.000+0000,1000000.0,1000000.0,999999.9999999999
2025-02-28T01:50:00.000+0000,1000000.0,1000000.0,999999.9999999999
2025-02-28T02:00:00.000+0000,1000000.0,1000000.0,999999.9999999999
2025-02-28T02:10:00.000+0000,1000000.0,1000000.0,999999.9999999999
2025-02-28T02:20:00.000+0000,1000000.0,1000000.0,999999.9999999999
2025-02-28T02:30:00.000+0000,1000000.0,1000000.0,999999.9999999999
2025-02-28T02:40:00.000+0000,1000000.0,1000000.0,999999.9999999999
2025-02-28T02:50:00.000+0000,1000000.0,1000000.0,999999.9999999999
2025-02-28T03:00:00.000+0000,1000000.0,1000000.0,999999.9999999999
2025-02-28T03:10:00.000+0000,1000000.0,1000000.0,999999.9999999999
2025-02-28T03:20:00.000+0000,1000000.0,1000000.0,999999.9999999999
2025-02-28T03:30:00.000+0000,1000000.0,1000000.0,999999.9999999999
2025-02-28T03:40:00.000+0000,1000000.0,1000000.0,999999.9999999999
2025-02-28T03:50:00.000+0000,1000000.0,1000000.0,999999.9999999999
2025-02-28T04:00:00.000+0000,1000000.0,1000000.0,999999.9999999999
2025-02-28T04:10:00.000+0000,1000000.0,1000000.0,999999.9999999999
2025-02-28T04:20:00.000+0000,1000000.0,1000000.0,999999.9999999999
2025-02-28T04:30:00.000+0000,1000000.0,1000000.0,999999.9999999999
2025-02-28T04:40:00.000+0000,1000000.0,1000000.0,999999.9999999999
2025-02-28T04:50:00.000+0000,1000000.0,1000000.0,999999.9999999999
2025-02-28T05:00:00.000+0000,1000000.0,1000000.0,999999.9999999999
2025-02-28T05:10:00.000+0000,1000000.0,1000000.0,999999.9999999999
2025-02-28T05:20:00.000+0000,1000000.0,1000000.0,999999.9999999999
2025-02-28T05:30:00.000+0000,1000000.0,1000000.0,999999.9999999999
2025-02-28T05:40:00.000+0000,1000000.0,1000000.0,999999.9999999999
2025-02-28T05:50:00.000+0000,1000000.0,1000000.0,999999.9999999999
2025-02-28T06:00:00.000+0000,1000000.0,1000000.0,999999.9999999999
2025-02-28T06:10:00.000+0000,1000000.0,1000000.0,999999.9999999999
2025-02-28T06:20:00.000+0000,1000000.0,1000000.0,999999.9999999999
2025-02-28T06:30:00.000+0000,1000000.0,1000000.0,999999.9999999999
2025-02-28T06:40:00.000+0000,1000000.0,1000000.0,999999.9999999999
2025-02-28T06:50:00.000+0000,1000000.0,1000000.0,999999.9999999999
2025-02-28T07:00:00.000+0000,1000000.0,1000000.0,999999.9999999999
2025-02-28T07:10:00.000+0000,1000000.0,1000000.0,999999.9999999999
2025-02-28T07:20:00.000+0000,1000000.0,1000000.0,999999.9999999999
2025-02-28T07:30:00.000+0000,1000000.0,1000000.0,999999.9999999999
2025-02-28T07:40:00.000+0000,1000000.0,1000000.0,999999.9999999999
2025-02-28T07:50:00.000+0000,1000000.0,1000000.0,999999.9999999999
2025-02-28T08:00:00.000+0000,1000000.0,1000000.0,999999.9999999999
2025-02-28T08:10:00.000+0000,1000000.0,1000000.0,999999.9999999999
2025-02-28T08:20:00.000+0000,1000000.0,1000000.0,999999.9999999999
2025-02-28T08:30:00.000+0000,1000000.0,1000000.0,999999.9999999999
2025-02-28T08:40:00.000+0000,1000000.0,1000000.0,999999.9999999999
2025-02-28T08:50:00.000+0000,1000000.0,1000000.0,999999.9999999999
2025-02-28T09:00:00.000+0000,1000000.0,1000000.0,999999.9999999999
2025-02-28T09:10:00.000+0000,1000000.0,1000000.0,999999.9999999999
2025-02-28T09:20:00.000+0000,1000000.0,1000000.0,999999.9999999999
2025-02-28T09:30:00.000+0000,1000000.0,1000000.0,999999.9999999999
2025-02-28T09:40:00.000+0000,1000000.0,1000000.0,999999.9999999999
2025-02-28T09:50:00.000+0000,1000000.0,1000000.0,999999.9999999999
2025-02-28T10:00:00.000+0000,1000000.0,1000000.0,999999.9999999999
2025-02-28T10:10:00.000+0000,1000000.0,1000000.0,999999.9999999999
2025-02-28T10:20:00.000+0000,1000000.0,1000000.0,999999.9999999999
2025-02-28T10:30:00.000+0000,1000000.0,1000000.0,999999.9999999999
2025-02-28T10:40:00.000+0000,1000000.0,1000000.0,999999.9999999999
2025-02-28T10:50:00.000+0000,1000000.0,1000000.0,999999.9999999999
2025-02-28T11:00:00.000+0000,1000000.0,1000000.0,999999.9999999999
2025-02-28T11:10:00.000+0000,1000000.0,1000000.0,999999.9999999999
2025-02-28T11:20:00.000+0000,1000000.0,1000000.0,999999.9999999999
2025-02-28T11:30:00.000+0000,1000000.0,1000000.0,999999.9999999999
2025-02-28T11:40:00.000+0000,1000000.0,1000000.0,999999.9999999999
2025-02-28T11:50:00.000+0000,1000000.0,1000000.0,999999.9999999999
2025-02-28T12:00:00.000+0000,1000000.0,1000000.0,999999.9999999999
2025-02-28T12:10:00.000+0000,1000000.0,1000000.0,999999.9999999999
2025-02-28T12:20:00.000+0000,1000000.0,1000000.0,999999.9999999999
2025-02-28T12:30:00.000+0000,1000000.0,1000000.0,999999.9999999999
2025-02-28T12:40:00.000+0000,1000000.0,1000000.0,999999.9999999999
2025-02-28T12:50:00.000+0000,1000000.0,1000000.0,999999.9999999999
2025-02-28T13:00:00.000+0000,1000000.0,1000000.0,999999.9999999999
2025-02-28T13:10:00.000+0000,1000000.0,1000000.0,999999.9999999999
2025-02-28T13:20:00.000+0000,1000000.0,1000000.0,999999.9999999999
2025-02-28T13:30:00.000+0000,1000000.0,1000000.0,999999.9999999999
2025-02-28T13:40:00.000+0000,1000000.0,1000000.0,999999.9999999999
2025-02-28T13:50:00.000+0000,1000000.0,1000000.0,999999.9999999999
2025-02-28T14:00:00.000+0000,1000000.0,1000000.0,999999.9999999999
2025-02-28T14:10:00.000+0000,1000000.0,1000000.0,999999.9999999999
2025-02-28T14:20:00.000+0000,1000000.0,1000000.0,999999.9999999999
2025-02-28T14:30:00.000+0000,1000000.0,1000000.0,999999.9999999999
2025-02-28T14:40:00.000+0000,1000000.0,1000000.0,999999.9999999999
2025-02-28T14:50:00.000+0000,1000000.0,1000000.0,999999.9999999999
2025-02-28T15:00:00.000+0000,1000000.0,1000000.0,999999.9999999999
2025-02-28T15:10:00.000+0000,1000000.0,1000000.0,999999.9999999999
2025-02-28T15:20:00.000+0000,1000000.0,1000000.0,999999.9999999999
2025-02-28T15:30:00.000+0000,1000000.0,1000000.0,999999.9999999999
2025-02-28T15:40:00.000+0000,1000000.0,1000000.0,999999.9999999999
2025-02-28T15:50:00.000+0000,1000000.0,1000000.0,999999.9999999999
2025-02-28T16:00:00.000+0000,1000000.0,1000000.0,999999.9999999999
2025-02-28T16:10:00.000+0000,1000000.0,1000000.0,999999.9999999999
2025-02-28T16:20:00.000+0000,1000000.0,1000000.0,999999.9999999999
2025-02-28T16:30:00.000+0000,1000000.0,1000000.0,999999.9999999999
2025-02-28T16:40:00.000+0000,1000000.0,1000000.0,999999.9999999999
2025-02-28T16:50:00.000+0000,1000000.0,1000000.0,999999.9999999999
2025-02-28T17:00:00.000+0000,1000000.0,1000000.0,999999.9999999999
2025-02-28T17:10:00.000+0000,1000000.0,1000000.0,999999.9999999999
2025-02-28T17:20:00.000+0000,1000000.0,1000000.0,999999.9999999999
2025-02-28T17:30:00.000+0000,1000000.0,1000000.0,999999.9999999999
2025-02-28T17:40:00.000+0000,1000000.0,1000000.0,999999.9999999999
2025-02-28T17:50:00.000+0000,1000000.0,1000000.0,999999.9999999999
2025-02-28T18:00:00.000+0000,1000000.0,1000000.0,999999.9999999999
2025-02-28T18:10:00.000+0000,1000000.0,1000000.0,999999.9999999999
2025-02-28T18:20:00.000+0000,1000000.0,1000000.0,999999.9999999999
2025-02-28T18:30:00.000+0000,1000000.0,1000000.0,999999.9999999999
2025-02-28T18:40:00.000+0000,1000000.0,1000000.0,999999.9999999999
2025-02-28T18:50:00.000+0000,1000000.0,1000000.0,999999.9999999999
2025-02-28T19:00:00.000+0000,1000000.0,1000000.0,999999.9999999999
2025-02-28T19:10:00.000+0000,1000000.0,1000000.0,999999.9999999999
2025-02-28T19:20:00.000+0000,1000000.0,1000000.0,999999.9999999999
2025-02-28T19:30:00.000+0000,1000000.0,1000000.0,999999.9999999999
2025-02-28T19:40:00.000+0000,1000000.0,1000000.0,999999.9999999999
2025-02-28T19:50:00.000+0000,1000000.0,1000000.0,999999.9999999999
2025-02-28T20:00:00.000+0000,1000000.0,1000000.0,999999.9999999999
2025-02-28T20:10:00.000+0000,1000000.0,1000000.0,999999.9999999999
2025-02-28T20:20:00.000+0000,1000000.0,1000000.0,999999.9999999999
2025-02-28T20:30:00.000+0000,1000000.0,1000000.0,999999.9999999999
2025-02-28T20:40:00.000+0000,1000000.0,1000000.0,999999.9999999999
2025-02-28T20:50:00.000+0000,1000000.0,1000000.0,999999.9999999999
2025-02-28T21:00:00.000+0000,1000000.0,1000000.0,999999.9999999999
2025-02-28T21:10:00.000+0000,1000000.0,1000000.0,999999.9999999999
2025-02-28T21:20:00.000+0000,1000000.0,1000000.0,999999.9999999999
2025-02-28T21:30:00.000+0000,1000000.0,1000000.0,999999.9999999999
2025-02-28T21:40:00.000+0000,1000000.0,1000000.0,999999.9999999999
2025-02-28T21:50:00.000+0000,1000000.0,1000000.0,999999.9999999999
2025-02-28T22:00:00.000+0000,1000000.0,1000000.0,999999.9999999999
2025-02-28T22:10:00.000+0000,1000000.0,1000000.0,999999.9999999999
2025-02-28T22:20:00.000+0000,1000000.0,1000000.0,999999.9999999999
2025-02-28T22:30:00.000+0000,1000000.0,1000000.0,999999.9999999999
2025-02-28T22:40:00.000+0000,1000000.0,1000000.0,999999.9999999999
2025-02-28T22:50:00.000+0000,1000000.0,1000000.0,999999.9999999999
2025-02-28T23:00:00.000+0000,1000000.0,1000000.0,999999.9999999999
2025-02-28T23:10:00.000+0000,1000000.0,1000000.0,999999.9999999999
2025-02-28T23:20:00.000+0000,1000000.0,1000000.0,999999.9999999999
2025-02-28T23:30:00.000+0000,1000000.0,1000000.0,999999.9999999999
2025-02-28T23:40:00.000+0000,1000000.0,1000000.0,999999.9999999999
2025-02-28T23:50:00.000+0000,1000000.0,1000000.0,999999.9999999999
2025-03-01T00:00:00.000+0000,1000000.0,1000000.0,999999.9999999999
2025-03-01T00:10:00.000+0000,1000000.0,1000000.0,999999.9999999999
2025-03-01T00:20:00.000+0000,1000000.0,1000000.0,999999.9999999999
2025-03-01T00:30:00.000+0000,1000000.0,1000000.0,999999.9999999999
2025-03-01T00:40:00.000+0000,1000000.0,1000000.0,999999.9999999999
2025-03-01T00:50:00.000+0000,1000000.0,1000000.0,999999.9999999999
2025-03-01T01:00:00.000+0000,1000000.0,1000000.0,999999.9999999999
2025-03-01T01:10:00.000+0000,1000000.0,1000000.0,999999.9999999999
2025-03-01T01:20:00.000+0000,1000000.0,1000000.0,999999.9999999999
2025-03-01T01:30:00.000+0000,1000000.0,1000000.0,999999.9999999999
2025-03-01T01:40:00.000+0000,1000000.0,1000000.0,999999.9999999999
2025-03-01T01:50:00.000+0000,1000000.0,1000000.0,999999.9999999999
2025-03-01T02:00:00.000+0000,1000000.0,1000000.0,999999.9999999999
2025-03-01T02:10:00.000+0000,1000000.0,1000000.0,999999.9999999999
2025-03-01T02:20:00.000+0000,1000000.0,1000000.0,999999.9999999999
2025-03-01T02:30:00.000+0000,1000000.0,1000000.0,999999.9999999999
2025-03-01T02:40:00.000+0000,1000000.0,1000000.0,999999.9999999999
2025-03-01T02:50:00.000+0000,1000000.0,1000000.0,999999.9999999999
2025-03-01T03:00:00.000+0000,1000000.0,1000000.0,999999.9999999999
2025-03-01T03:10:00.000+0000,1000000.0,1000000.0,999999.9999999999
2025-03-01T03:20:00.000+0000,1000000.0,1000000.0,999999.9999999999
2025-03-01T03:30:00.000+0000,1000000.0,1000000.0,999999.9999999999
2025-03-01T03:40:00.000+0000,1000000.0,1000000.0,999999.9999999999
2025-03-01T03:50:00.000+0000,1000000.0,1000000.0,999999.9999999999
2025-03-01T04:00:00.000+0000,1000000.0,1000000.0,999999.9999999999
2025-03-01T04:10:00.000+0000,1000000.0,1000000.0,999999.9999999999
2025-03-01T04:20:00.000+0000,1000000.0,1000000.0,999999.9999999999
2025-03-01T04:30:00.000+0000,1000000.0,1000000.0,999999.9999999999
2025-03-01T04:40:00.000+0000,1000000.0,1000000.0,999999.9999999999
2025-03-01T04:50:00.000+0000,1000000.0,1000000.0,999999.9999999999
2025-03-01T05:00:00.000+0000,1000000.0,1000000.0,999999.9999999999
2025-03-01T05:10:00.000+0000,1000000.0,1000000.0,999999.9999999999
2025-03-01T05:20:00.000+0000,1000000.0,1000000.0,999999.9999999999
2025-03-01T05:30:00.000+0000,1000000.0,1000000.0,999999.9999999999
2025-03-01T05:40:00.000+0000,1000000.0,1000000.0,999999.9999999999
2025-03-01T05:50:00.000+0000,1000000.0,1000000.0,999999.9999999999
2025-03-01T06:00:00.000+0000,1000000.0,1000000.0,999999.9999999999
2025-03-01T06:10:00.000+0000,1000000.0,1000000.0,999999.9999999999
2025-03-01T06:20:00.000+0000,1000000.0,1000000.0,999999.9999999999
2025-03-01T06:30:00.000+0000,1000000.0,1000000.0,999999.9999999999
2025-03-01T06:40:00.000+0000,1000000.0,1000000.0,999999.9999999999
2025-03-01T06:50:00.000+0000,1000000.0,1000000.0,999999.9999999999
2025-03-01T07:00:00.000+0000,1000000.0,1000000.0,999999.9999999999
2025-03-01T07:10:00.000+0000,1000000.0,1000000.0,999999.9999999999
2025-03-01T07:20:00.000+0000,1000000.0,1000000.0,999999.9999999999
2025-03-01T07:30:00.000+0000,1000000.0,1000000.0,999999.9999999999
2025-03-01T07:40:00.000+0000,1000000.0,1000000.0,999999.9999999999
2025-03-01T07:50:00.000+0000,1000000.0,1000000.0,999999.9999999999
2025-03-01T08:00:00.000+0000,1000000.0,1000000.0,999999.9999999999
2025-03-01T08:10:00.000+0000,1000000.0,1000000.0,999999.9999999999
2025-03-01T08:20:00.000+0000,1000000.0,1000000.0,999999.9999999999
2025-03-01T08:30:00.000+0000,1000000.0,1000000.0,999999.9999999999
2025-03-01T08:40:00.000+0000,1000000.0,1000000.0,999999.9999999999
2025-03-01T08:50:00.000+0000,1000000.0,1000000.0,999999.9999999999
2025-03-01T09:00:00.000+0000,1000000.0,1000000.0,999999.9999999999
2025-03-01T09:10:00.000+0000,1000000.0,1000000.0,999999.9999999999
2025-03-01T09:20:00.000+0000,1000000.0,1000000.0,999999.9999999999
2025-03-01T09:30:00.000+0000,1000000.0,1000000.0,999999.9999999999
2025-03-01T09:40:00.000+0000,1000000.0,1000000.0,999999.9999999999
2025-03-01T09:50:00.000+0000,1000000.0,1000000.0,999999.9999999999
2025-03-01T10:00:00.000+0000,1000000.0,1000000.0,999999.9999999999
2025-03-01T10:10:00.000+0000,1000000.0,1000000.0,999999.9999999999
2025-03-01T10:20:00.000+0000,1000000.0,1000000.0,999999.9999999999
2025-03-01T10:30:00.000+0000,1000000.0,1000000.0,999999.9999999999
2025-03-01T10:40:00.000+0000,1000000.0,1000000.0,999999.9999999999
2025-03-01T10:50:00.000+0000,1000000.0,1000000.0,999999.9999999999
2025-03-01T11:00:00.000+0000,1000000.0,1000000.0,999999.9999999999
2025-03-01T11:10:00.000+0000,1000000.0,1000000.0,999999.9999999999
2025-03-01T11:20:00.000+0000,1000000.0,1000000.0,999999.9999999999
2025-03-01T11:30:00.000+0000,1000000.0,1000000.0,999999.9999999999
2025-03-01T11:40:00.000+0000,1000000.0,1000000.0,999999.9999999999
2025-03-01T11:50:00.000+0000,1000000.0,1000000.0,999999.9999999999
2025-03-01T12:00:00.000+0000,1000000.0,1000000.0,999999.9999999999
2025-03-01T12:10:00.000+0000,1000000.0,1000000.0,999999.9999999999
2025-03-01T12:20:00.000+0000,1000000.0,1000000.0,999999.9999999999
2025-03-01T12:30:00.000+0000,1000000.0,1000000.0,999999.9999999999
2025-03-01T12:40:00.000+0000,1000000.0,1000000.0,999999.9999999999
2025-03-01T12:50:00.000+0000,1000000.0,1000000.0,999999.9999999999
2025-03-01T13:00:00.000+0000,1000000.0,1000000.0,999999.9999999999
2025-03-01T13:10:00.000+0000,1000000.0,1000000.0,999999.9999999999
2025-03-01T13:20:00.000+0000,1000000.0,1000000.0,999999.9999999999
2025-03-01T13:30:00.000+0000,1000000.0,1000000.0,999999.9999999999
2025-03-01T13:40:00.000+0000,1000000.0,1000000.0,999999.9999999999
2025-03-01T13:50:00.000+0000,1000000.0,1000000.0,999999.9999999999
2025-03-01T14:00:00.000+0000,1000000.0,1000000.0,999999.9999999999
2025-03-01T14:10:00.000+0000,1000000.0,1000000.0,999999.9999999999
2025-03-01T14:20:00.000+0000,1000000.0,1000000.0,999999.9999999999
2025-03-01T14:30:00.000+0000,1000000.0,1000000.0,999999.9999999999
2025-03-01T14:40:00.000+0000,1000000.0,1000000.0,999999.9999999999
2025-03-01T14:50:00.000+0000,1000000.0,1000000.0,999999.9999999999
2025-03-01T15:00:00.000+0000,1000000.0,1000000.0,999999.9999999999
2025-03-01T15:10:00.000+0000,1000000.0,1000000.0,999999.9999999999
2025-03-01T15:20:00.000+0000,1000000.0,1000000.0,999999.9999999999
2025-03-01T15:30:00.000+0000,1000000.0,1000000.0,999999.9999999999
2025-03-01T15:40:00.000+0000,1000000.0,1000000.0,999999.9999999999
2025-03-01T15:50:00.000+0000,1000000.0,1000000.0,999999.9999999999
2025-03-01T16:00:00.000+0000,1000000.0,1000000.0,999999.9999999999
2025-03-01T16:10:00.000+0000,1000000.0,1000000.0,999999.9999999999
2025-03-01T16:20:00.000+0000,1000000.0,1000000.0,999999.9999999999
2025-03-01T16:30:00.000+0000,1000000.0,1000000.0,999999.9999999999
2025-03-01T16:40:00.000+0000,1000000.0,1000000.0,999999.9999999999
2025-03-01T16:50:00.000+0000,1000000.0,1000000.0,999999.9999999999
2025-03-01T17:00:00.000+0000,1000000.0,1000000.0,999999.9999999999
2025-03-01T17:10:00.000+0000,1000000.0,1000000.0,999999.9999999999
2025-03-01T17:20:00.000+0000,1000000.0,1000000.0,999999.9999999999
2025-03-01T17:30:00.000+0000,1000000.0,1000000.0,999999.9999999999
2025-03-01T17:40:00.000+0000,1000000.0,1000000.0,999999.9999999999
2025-03-01T17:50:00.000+0000,1000000.0,1000000.0,999999.9999999999
2025-03-01T18:00:00.000+0000,1000000.0,1000000.0,999999.9999999999
2025-03-01T18:10:00.000+0000,1000000.0,1000000.0,999999.9999999999
2025-03-01T18:20:00.000+0000,1000000.0,1000000.0,999999.9999999999
2025-03-01T18:30:00.000+0000,1000000.0,1000000.0,999999.9999999999
2025-03-01T18:40:00.000+0000,1000000.0,1000000.0,999999.9999999999
2025-03-01T18:50:00.000+0000,1000000.0,1000000.0,999999.9999999999
2025-03-01T19:00:00.000+0000,1000000.0,1000000.0,999999.9999999999
2025-03-01T19:10:00.000+0000,1000000.0,1000000.0,999999.9999999999
2025-03-01T19:20:00.000+0000,1000000.0,1000000.0,999999.9999999999
2025-03-01T19:30:00.000+0000,1000000.0,1000000.0,999999.9999999999
2025-03-01T19:40:00.000+0000,1000000.0,1000000.0,999999.9999999999
2025-03-01T19:50:00.000+0000,1000000.0,1000000.0,999999.9999999999
2025-03-01T20:00:00.000+0000,1000000.0,1000000.0,999999.9999999999
2025-03-01T20:10:00.000+0000,1000000.0,1000000.0,999999.9999999999
2025-03-01T20:20:00.000+0000,1000000.0,1000000.0,999999.9999999999
2025-03-01T20:30:00.000+0000,1000000.0,1000000.0,999999.9999999999
2025-03-01T20:40:00.000+0000,1000000.0,1000000.0,999999.9999999999
2025-03-01T20:50:00.000+0000,1000000.0,1000000.0,999999.9999999999
2025-03-01T21:00:00.000+0000,1000000.0,1000000.0,999999.9999999999
2025-03-01T21:10:00.000+0000,1000000.0,1000000.0,999999.9999999999
2025-03-01T21:20:00.000+0000,1000000.0,1000000.0,999999.9999999999
2025-03-01T21:30:00.000+0000,1000000.0,1000000.0,999999.9999999999
2025-03-01T21:40:00.000+0000,1000000.0,1000000.0,999999.9999999999
2025-03-01T21:50:00.000+0000,1000000.0,1000000.0,999999.9999999999
2025-03-01T22:00:00.000+0000,1000000.0,1000000.0,999999.9999999999
2025-03-01T22:10:00.000+0000,1000000.0,1000000.0,999999.9999999999
2025-03-01T22:20:00.000+0000,1000000.0,1000000.0,999999.9999999999
2025-03-01T22:30:00.000+0000,1000000.0,1000000.0,999999.9999999999
2025-03-01T22:40:00.000+0000,1000000.0,1000000.0,999999.9999999999
2025-03-01T22:50:00.000+0000,1000000.0,1000000.0,999999.9999999999
2025-03-01T23:00:00.000+0000,1000000.0,1000000.0,999999.9999999999
2025-03-01T23:10:00.000+0000,1000000.0,1000000.0,999999.9999999999
2025-03-01T23:20:00.000+0000,1000000.0,1000000.0,999999.9999999999
2025-03-01T23:30:00.000+0000,1000000.0,1000000.0,999999.9999999999
2025-03-01T23:40:00.000+0000,1000000.0,1000000.0,999999.9999999999
2025-03-01T23:50:00.000+0000,1000000.0,1000000.0,999999.9999999999
2025-03-02T00:00:00.000+0000,1000000.0,1000000.0,999999.9999999999
2025-03-02T00:10:00.000+0000,1000000.0,1000000.0,999999.9999999999
2025-03-02T00:20:00.000+0000,1000000.0,1000000.0,999999.9999999999
2025-03-02T00:30:00.000+0000,1000000.0,1000000.0,999999.9999999999
2025-03-02T00:40:00.000+0000,1000000.0,1000000.0,999999.9999999999
2025-03-02T00:50:00.000+0000,1000000.0,1000000.0,999999.9999999999
2025-03-02T01:00:00.000+0000,1000000.0,1000000.0,999999.9999999999
2025-03-02T01:10:00.000+0000,1000000.0,1000000.0,999999.9999999999
2025-03-02T01:20:00.000+0000,1000000.0,1000000.0,999999.9999999999
2025-03-02T01:30:00.000+0000,1000000.0,1000000.0,999999.9999999999
2025-03-02T01:40:00.000+0000,1000000.0,1000000.0,999999.9999999999
2025-03-02T01:50:00.000+0000,1000000.0,1000000.0,999999.9999999999
2025-03-02T02:00:00.000+0000,1000000.0,1000000.0,999999.9999999999
2025-03-02T02:10:00.000+0000,1000000.0,1000000.0,999999.9999999999
2025-03-02T02:20:00.000+0000,1000000.0,1000000.0,999999.9999999999
2025-03-02T02:30:00.000+0000,1000000.0,1000000.0,999999.9999999999
2025-03-02T02:40:00.000+0000,1000000.0,1000000.0,999999.9999999999
2025-03-02T02:50:00.000+0000,1000000.0,1000000.0,999999.9999999999
2025-03-02T03:00:00.000+0000,1000000.0,1000000.0,999999.9999999999
2025-03-02T03:10:00.000+0000,1000000.0,1000000.0,999999.9999999999
2025-03-02T03:20:00.000+0000,1000000.0,1000000.0,999999.9999999999
2025-03-02T03:30:00.000+0000,1000000.0,1000000.0,999999.9999999999
2025-03-02T03:40:00.000+0000,1000000.0,1000000.0,999999.9999999999
2025-03-02T03:50:00.000+0000,1000000.0,1000000.0,999999.9999999999
2025-03-02T04:00:00.000+0000,1000000.0,1000000.0,999999.9999999999
2025-03-02T04:10:00.000+0000,1000000.0,1000000.0,999999.9999999999
2025-03-02T04:20:00.000+0000,1000000.0,1000000.0,999999.9999999999
2025-03-02T04:30:00.000+0000,1000000.0,1000000.0,999999.9999999999
2025-03-02T04:40:00.000+0000,1000000.0,1000000.0,999999.9999999999
2025-03-02T04:50:00.000+0000,1000000.0,1000000.0,999999.9999999999
2025-03-02T05:00:00.000+0000,1000000.0,1000000.0,999999.9999999999
2025-03-02T05:10:00.000+0000,1000000.0,1000000.0,999999.9999999999
2025-03-02T05:20:00.000+0000,1000000.0,1000000.0,999999.9999999999
2025-03-02T05:30:00.000+0000,1000000.0,1000000.0,999999.9999999999
2025-03-02T05:40:00.000+0000,1000000.0,1000000.0,999999.9999999999
2025-03-02T05:50:00.000+0000,1000000.0,1000000.0,999999.9999999999
2025-03-02T06:00:00.000+0000,1000000.0,1000000.0,999999.9999999999
2025-03-02T06:10:00.000+0000,1000000.0,1000000.0,999999.9999999999
2025-03-02T06:20:00.000+0000,1000000.0,1000000.0,999999.9999999999
2025-03-02T06:30:00.000+0000,1000000.0,1000000.0,999999.9999999999
2025-03-02T06:40:00.000+0000,1000000.0,1000000.0,999999.9999999999
2025-03-02T06:50:00.000+0000,1000000.0,1000000.0,999999.9999999999
2025-03-02T07:00:00.000+0000,1000000.0,1000000.0,999999.9999999999
2025-03-02T07:10:00.000+0000,1000000.0,1000000.0,999999.9999999999
2025-03-02T07:20:00.000+0000,1000000.0,1000000.0,999999.9999999999
2025-03-02T07:30:00.000+0000,1000000.0,1000000.0,999999.9999999999
2025-03-02T07:40:00.000+0000,1000000.0,1000000.0,999999.9999999999
2025-03-02T07:50:00.000+0000,1000000.0,1000000.0,999999.9999999999
2025-03-02T08:00:00.000+0000,1000000.0,1000000.0,999999.9999999999
2025-03-02T08:10:00.000+0000,1000000.0,1000000.0,999999.9999999999
2025-03-02T08:20:00.000+0000,1000000.0,1000000.0,999999.9999999999
2025-03-02T08:30:00.000+0000,1000000.0,1000000.0,999999.9999999999
2025-03-02T08:40:00.000+0000,1000000.0,1000000.0,999999.9999999999
2025-03-02T08:50:00.000+0000,1000000.0,1000000.0,999999.9999999999
2025-03-02T09:00:00.000+0000,1000000.0,1000000.0,999999.9999999999
2025-03-02T09:10:00.000+0000,1000000.0,1000000.0,999999.9999999999
2025-03-02T09:20:00.000+0000,1000000.0,1000000.0,999999.9999999999
2025-03-02T09:30:00.000+0000,1000000.0,1000000.0,999999.9999999999
2025-03-02T09:40:00.000+0000,1000000.0,1000000.0,999999.9999999999
2025-03-02T09:50:00.000+0000,1000000.0,1000000.0,999999.9999999999
2025-03-02T10:00:00.000+0000,1000000.0,1000000.0,999999.9999999999
2025-03-02T10:10:00.000+0000,1000000.0,1000000.0,999999.9999999999
2025-03-02T10:20:00.000+0000,1000000.0,1000000.0,999999.9999999999
2025-03-02T10:30:00.000+0000,1000000.0,1000000.0,999999.9999999999
2025-03-02T10:40:00.000+0000,1000000.0,1000000.0,999999.9999999999
2025-03-02T10:50:00.000+0000,1000000.0,1000000.0,999999.9999999999
2025-03-02T11:00:00.000+0000,1000000.0,1000000.0,999999.9999999999
2025-03-02T11:10:00.000+0000,1000000.0,1000000.0,999999.9999999999
2025-03-02T11:20:00.000+0000,1000000.0,1000000.0,999999.9999999999
2025-03-02T11:30:00.000+0000,1000000.0,1000000.0,999999.9999999999
2025-03-02T11:40:00.000+0000,1000000.0,1000000.0,999999.9999999999
2025-03-02T11:50:00.000+0000,1000000.0,1000000.0,999999.9999999999
2025-03-02T12:00:00.000+0000,1000000.0,1000000.0,999999.9999999999
2025-03-02T12:10:00.000+0000,1000000.0,1000000.0,999999.9999999999
2025-03-02T12:20:00.000+0000,1000000.0,1000000.0,999999.9999999999
2025-03-02T12:30:00.000+0000,1000000.0,1000000.0,999999.9999999999
2025-03-02T12:40:00.000+0000,1000000.0,1000000.0,999999.9999999999
2025-03-02T12:50:00.000+0000,1000000.0,1000000.0,999999.9999999999
2025-03-02T13:00:00.000+0000,1000000.0,1000000.0,999999.9999999999
2025-03-02T13:10:00.000+0000,1000000.0,1000000.0,999999.9999999999
2025-03-02T13:20:00.000+0000,1000000.0,1000000.0,999999.9999999999
2025-03-02T13:30:00.000+0000,1000000.0,1000000.0,999999.9999999999
2025-03-02T13:40:00.000+0000,1000000.0,1000000.0,999999.9999999999
2025-03-02T13:50:00.000+0000,1000000.0,1000000.0,999999.9999999999
2025-03-02T14:00:00.000+0000,1000000.0,1000000.0,999999.9999999999
2025-03-02T14:10:00.000+0000,1000000.0,1000000.0,999999.9999999999
2025-03-02T14:20:00.000+0000,1000000.0,1000000.0,999999.9999999999
2025-03-02T14:30:00.000+0000,1000000.0,1000000.0,999999.9999999999
2025-03-02T14:40:00.000+0000,1000000.0,1000000.0,999999.9999999999
2025-03-02T14:50:00.000+0000,1000000.0,1000000.0,999999.9999999999
2025-03-02T15:00:00.000+0000,1000000.0,1000000.0,999999.9999999999
2025-03-02T15:10:00.000+0000,1000000.0,1000000.0,999999.9999999999
2025-03-02T15:20:00.000+0000,1000000.0,1000000.0,999999.9999999999
2025-03-02T15:30:00.000+0000,1000000.0,1000000.0,999999.9999999999
2025-03-02T15:40:00.000+0000,1000000.0,1000000.0,999999.9999999999
2025-03-02T15:50:00.000+0000,1000000.0,1000000.0,999999.9999999999
2025-03-02T16:00:00.000+0000,1000000.0,1000000.0,999999.9999999999
2025-03-02T16:10:00.000+0000,1000000.0,1000000.0,999999.9999999999
2025-03-02T16:20:00.000+0000,1000000.0,1000000.0,999999.9999999999
2025-03-02T16:30:00.000+0000,1000000.0,1000000.0,999999.9999999999
2025-03-02T16:40:00.000+0000,1000000.0,1000000.0,999999.9999999999
2025-03-02T16:50:00.000+0000,1000000.0,1000000.0,999999.9999999999
2025-03-02T17:00:00.000+0000,1000000.0,1000000.0,999999.9999999999
2025-03-02T17:10:00.000+0000,1000000.0,1000000.0,999999.9999999999
2025-03-02T17:20:00.000+0000,1000000.0,1000000.0,999999.9999999999
2025-03-02T17:30:00.000+0000,1000000.0,1000000.0,999999.9999999999
2025-03-02T17:40:00.000+0000,1000000.0,1000000.0,999999.9999999999
2025-03-02T17:50:00.000+0000,1000000.0,1000000.0,999999.9999999999
2025-03-02T18:00:00.000+0000,1000000.0,1000000.0,999999.9999999999
2025-03-02T18:10:00.000+0000,1000000.0,1000000.0,999999.9999999999
2025-03-02T18:20:00.000+0000,1000000.0,1000000.0,999999.9999999999
2025-03-02T18:30:00.000+0000,1000000.0,1000000.0,999999.9999999999
2025-03-02T18:40:00.000+0000,1000000.0,1000000.0,999999.9999999999
2025-03-02T18:50:00.000+0000,1000000.0,1000000.0,999999.9999999999
2025-03-02T19:00:00.000+0000,1000000.0,1000000.0,999999.9999999999
2025-03-02T19:10:00.000+0000,1000000.0,1000000.0,999999.9999999999
2025-03-02T19:20:00.000+0000,1000000.0,1000000.0,999999.9999999999
2025-03-02T19:30:00.000+0000,1000000.0,1000000.0,999999.9999999999
2025-03-02T19:40:00.000+0000,1000000.0,1000000.0,999999.9999999999
2025-03-02T19:50:00.000+0000,1000000.0,1000000.0,999999.9999999999
2025-03-02T20:00:00.000+0000,1000000.0,1000000.0,999999.9999999999
2025-03-02T20:10:00.000+0000,1000000.0,1000000.0,999999.9999999999
2025-03-02T20:20:00.000+0000,1000000.0,1000000.0,999999.9999999999
2025-03-02T20:30:00.000+0000,1000000.0,1000000.0,999999.9999999999
2025-03-02T20:40:00.000+0000,1000000.0,1000000.0,999999.9999999999
2025-03-02T20:50:00.000+0000,1000000.0,1000000.0,999999.9999999999
2025-03-02T21:00:00.000+0000,1000000.0,1000000.0,999999.9999999999
2025-03-02T21:10:00.000+0000,1000000.0,1000000.0,999999.9999999999
2025-03-02T21:20:00.000+0000,1000000.0,1000000.0,999999.9999999999
2025-03-02T21:30:00.000+0000,1000000.0,1000000.0,999999.9999999999
2025-03-02T21:40:00.000+0000,1000000.0,1000000.0,999999.9999999999
2025-03-02T21:50:00.000+0000,1000000.0,1000000.0,999999.9999999999
2025-03-02T22:00:00.000+0000,1000000.0,1000000.0,999999.9999999999
2025-03-02T22:10:00.000+0000,1000000.0,1000000.0,999999.9999999999
2025-03-02T22:20:00.000+0000,1000000.0,1000000.0,999999.9999999999
2025-03-02T22:30:00.000+0000,1000000.0,1000000.0,999999.9999999999
2025-03-02T22:40:00.000+0000,1000000.0,1000000.0,999999.9999999999
2025-03-02T22:50:00.000+0000,1000000.0,1000000.0,999999.9999999999
2025-03-02T23:00:00.000+0000,1000000.0,1000000.0,999999.9999999999
2025-03-02T23:10:00.000+0000,1000000.0,1000000.0,999999.9999999999
2025-03-02T23:20:00.000+0000,1000000.0,1000000.0,999999.9999999999
2025-03-02T23:30:00.000+0000,1000000.0,1000000.0,999999.9999999999
2025-03-02T23:40:00.000+0000,1000000.0,1000000.0,999999.9999999999
2025-03-02T23:50:00.000+0000,1000000.0,1000000.0,999999.9999999999
2025-03-03T00:00:00.000+0000,1000000.0,1000000.0,999999.9999999999
2025-03-03T00:10:00.000+0000,1000000.0,1000000.0,999999.9999999999
2025-03-03T00:20:00.000+0000,1000000.0,1000000.0,999999.9999999999
2025-03-03T00:30:00.000+0000,1000000.0,1000000.0,999999.9999999999
2025-03-03T00:40:00.000+0000,1000000.0,1000000.0,999999.9999999999
2025-03-03T00:50:00.000+0000,1000000.0,1000000.0,999999.9999999999
2025-03-03T01:00:00.000+0000,1000000.0,1000000.0,999999.9999999999
2025-03-03T01:10:00.000+0000,1000000.0,1000000.0,999999.9999999999
2025-03-03T01:20:00.000+0000,1000000.0,1000000.0,999999.9999999999
2025-03-03T01:30:00.000+0000,1000000.0,1000000.0,999999.9999999999
2025-03-03T01:40:00.000+0000,1000000.0,1000000.0,999999.9999999999
2025-03-03T01:50:00.000+0000,1000000.0,1000000.0,999999.9999999999
2025-03-03T02:00:00.000+0000,1000000.0,1000000.0,999999.9999999999
2025-03-03T02:10:00.000+0000,999288.0818890402,110102.36130000022,999999.9999999999
2025-03-03T02:20:00.000+0000,1004243.7001802719,110102.36130000022,999999.9999999999
2025-03-03T02:30:00.000+0000,1006156.394959344,110102.36130000022,999999.9999999999
2025-03-03T02:40:00.000+0000,1006199.865295232,110102.36130000022,999999.9999999999
2025-03-03T02:50:00.000+0000,1004678.4035391521,110102.36130000022,999999.9999999999
2025-03-03T03:00:00.000+0000,1006069.4542875681,110102.36130000022,999999.9999999999
2025-03-03T03:10:00.000+0000,1011198.953922352,110102.36130000022,999999.9999999999
2025-03-03T03:20:00.000+0000,1018501.9703515361,110102.36130000022,999999.9999999999
2025-03-03T03:30:00.000+0000,1017980.3263208801,110102.36130000022,999999.9999999999
2025-03-03T03:40:00.000+0000,1016893.56792368,110102.36130000022,999999.9999999999
2025-03-03T03:50:00.000+0000,1014459.229113952,110102.36130000022,999999.9999999999
2025-03-03T04:00:00.000+0000,1013894.1147474081,110102.36130000022,999999.9999999999
2025-03-03T04:10:00.000+0000,1009677.4921662719,110102.36130000022,999999.9999999999
2025-03-03T04:20:00.000+0000,1007243.153356544,110102.36130000022,999999.9999999999
2025-03-03T04:30:00.000+0000,1007590.9160436479,110102.36130000022,999999.9999999999
2025-03-03T04:40:00.000+0000,1000114.0182709121,110102.36130000022,999999.9999999999
2025-03-03T04:50:00.000+0000,993245.7052006079,110102.36130000022,999999.9999999999
2025-03-03T05:00:00.000+0000,1000070.5479350241,110102.36130000022,999999.9999999999
2025-03-03T05:10:00.000+0000,1005286.9882415843,110102.36130000022,999999.9999999999
2025-03-03T05:20:00.000+0000,1010329.5472045919,110102.36130000022,999999.9999999999
2025-03-03T05:30:00.000+0000,1011242.4242582399,110102.36130000022,999999.9999999999
2025-03-03T05:40:00.000+0000,1011937.9496324481,110102.36130000022,999999.9999999999
2025-03-03T05:50:00.000+0000,1011720.597953008,110102.36130000022,999999.9999999999
2025-03-03T06:00:00.000+0000,1012285.7123195522,110102.36130000022,999999.9999999999
2025-03-03T06:10:00.000+0000,1013372.4707167521,110102.36130000022,999999.9999999999
2025-03-03T06:20:00.000+0000,1022892.474276224,110102.36130000022,999999.9999999999
2025-03-03T06:30:00.000+0000,1023283.7072992162,110102.36130000022,999999.9999999999
2025-03-03T06:40:00.000+0000,1031108.3677590559,110102.36130000022,999999.9999999999
2025-03-03T06:50:00.000+0000,1036455.21907328,110102.36130000022,999999.9999999999
2025-03-03T07:00:00.000+0000,1031716.9524614882,110102.36130000022,999999.9999999999
2025-03-03T07:10:00.000+0000,1026413.5714831522,110102.36130000022,999999.9999999999
2025-03-03T07:20:00.000+0000,1030238.9610412961,110102.36130000022,999999.9999999999
2025-03-03T07:30:00.000+0000,1044671.1125561121,110102.36130000022,999999.9999999999
2025-03-03T07:40:00.000+0000,1042062.8924028322,110102.36130000022,999999.9999999999
2025-03-03T07:50:00.000+0000,1039889.375608432,110102.36130000022,999999.9999999999
2025-03-03T08:00:00.000+0000,1038150.5621729121,110102.36130000022,999999.9999999999
2025-03-03T08:10:00.000+0000,1041889.01105928,110102.36130000022,999999.9999999999
2025-03-03T08:20:00.000+0000,1046540.336999296,110102.36130000022,999999.9999999999
2025-03-03T08:30:00.000+0000,1051278.603611088,110102.36130000022,999999.9999999999
2025-03-03T08:40:00.000+0000,1048453.0317783679,110102.36130000022,999999.9999999999
2025-03-03T08:50:00.000+0000,1053365.179733712,110102.36130000022,999999.9999999999
2025-03-03T09:00:00.000+0000,1050843.900252208,110102.36130000022,999999.9999999999
2025-03-03T09:10:00.000+0000,1046540.336999296,110102.36130000022,999999.9999999999
2025-03-03T09:20:00.000+0000,1045018.8752432162,110102.36130000022,999999.9999999999
2025-03-03T09:30:00.000+0000,1045497.048937984,110102.36130000022,999999.9999999999
2025-03-03T09:40:00.000+0000,1052234.951000624,110102.36130000022,999999.9999999999
2025-03-03T09:50:00.000+0000,1051278.603611088,110102.36130000022,999999.9999999999
2025-03-03T10:00:00.000+0000,1053365.179733712,110102.36130000022,999999.9999999999
2025-03-03T10:10:00.000+0000,1048496.5021142559,110102.36130000022,999999.9999999999
2025-03-03T10:20:00.000+0000,1047061.981029952,110102.36130000022,999999.9999999999
2025-03-03T10:30:00.000+0000,1047366.2733811681,110102.36130000022,999999.9999999999
2025-03-03T10:40:00.000+0000,1049713.6715191198,110102.36130000022,999999.9999999999
2025-03-03T10:50:00.000+0000,1047800.976740048,110102.36130000022,999999.9999999999
2025-03-03T11:00:00.000+0000,1049235.497824352,110102.36130000022,999999.9999999999
2025-03-03T11:10:00.000+0000,1039237.3205701119,110102.36130000022,999999.9999999999
2025-03-03T11:20:00.000+0000,1043193.1211359198,110102.36130000022,999999.9999999999
2025-03-03T11:30:00.000+0000,1043323.5321435841,110102.36130000022,999999.9999999999
2025-03-03T11:40:00.000+0000,1043801.7058383522,110102.36130000022,999999.9999999999
2025-03-03T11:50:00.000+0000,1045236.2269226562,110102.36130000022,999999.9999999999
2025-03-03T12:00:00.000+0000,1040628.371318528,110102.36130000022,999999.9999999999
2025-03-03T12:10:00.000+0000,1035672.7530272963,110102.36130000022,999999.9999999999
2025-03-03T12:20:00.000+0000,1041410.837364512,110102.36130000022,999999.9999999999
2025-03-03T12:30:00.000+0000,1041541.2483721761,110102.36130000022,999999.9999999999
2025-03-03T12:40:00.000+0000,1031021.42708728,110102.36130000022,999999.9999999999
2025-03-03T12:50:00.000+0000,1029586.9060029761,110102.36130000022,999999.9999999999
2025-03-03T13:00:00.000+0000,1026457.0418190403,110102.36130000022,999999.9999999999
2025-03-03T13:10:00.000+0000,1030586.7237284002,110102.36130000022,999999.9999999999
2025-03-03T13:20:00.000+0000,1030543.2533925122,110102.36130000022,999999.9999999999
2025-03-03T13:30:00.000+0000,1025718.0461089439,110102.36130000022,999999.9999999999
2025-03-03T13:40:00.000+0000,1020066.9024435041,110102.36130000022,999999.9999999999
2025-03-03T13:50:00.000+0000,1027935.033239232,110102.36130000022,999999.9999999999
2025-03-03T14:00:00.000+0000,1024326.9953605279,110102.36130000022,999999.9999999999
2025-03-03T14:10:00.000+0000,1020936.309161264,110102.36130000022,999999.9999999999
2025-03-03T14:20:00.000+0000,1026543.9824908162,110102.36130000022,999999.9999999999
2025-03-03T14:30:00.000+0000,1033890.4692558881,110102.36130000022,999999.9999999999
2025-03-03T14:40:00.000+0000,1032369.007499808,110102.36130000022,999999.9999999999
2025-03-03T14:50:00.000+0000,1044671.1125561121,110102.36130000022,999999.9999999999
2025-03-03T15:00:00.000+0000,1048148.739427152,110102.36130000022,999999.9999999999
2025-03-03T15:10:00.000+0000,1048148.739427152,110102.36130000022,999999.9999999999
2025-03-03T15:20:00.000+0000,1045627.4599456481,110102.36130000022,999999.9999999999
2025-03-03T15:30:00.000+0000,1046670.7480069603,110102.36130000022,999999.9999999999
2025-03-03T15:40:00.000+0000,1045192.756586768,110102.36130000022,999999.9999999999
2025-03-03T15:50:00.000+0000,1046496.8666634082,110102.36130000022,999999.9999999999
2025-03-03T16:00:00.000+0000,1054321.527123248,110102.36130000022,999999.9999999999
2025-03-03T16:10:00.000+0000,1052104.5399929602,110102.36130000022,999999.9999999999
2025-03-03T16:20:00.000+0000,1049452.8495037921,110102.36130000022,999999.9999999999
2025-03-03T16:30:00.000+0000,1058581.6200402721,110102.36130000022,999999.9999999999
2025-03-03T16:40:00.000+0000,1059146.734406816,110102.36130000022,999999.9999999999
2025-03-03T16:50:00.000+0000,1059929.2004528001,110102.36130000022,999999.9999999999
2025-03-03T17:00:00.000+0000,1060885.5478423361,110102.36130000022,999999.9999999999
2025-03-03T17:10:00.000+0000,1066101.988148896,110102.36130000022,999999.9999999999
2025-03-03T17:20:00.000+0000,1063232.9459802879,110102.36130000022,999999.9999999999
2025-03-03T17:30:00.000+0000,1060624.725827008,110102.36130000022,999999.9999999999
2025-03-03T17:40:00.000+0000,1059233.675078592,110102.36130000022,999999.9999999999
2025-03-03T17:50:00.000+0000,1066667.10251544,110102.36130000022,999999.9999999999
2025-03-03T18:00:00.000+0000,1073274.5935704159,110102.36130000022,999999.9999999999
2025-03-03T18:10:00.000+0000,1078577.974548752,110102.36130000022,999999.9999999999
2025-03-03T18:20:00.000+0000,1089662.9102001921,110102.36130000022,999999.9999999999
2025-03-03T18:30:00.000+0000,1087967.56710056,110102.36130000022,999999.9999999999
2025-03-03T18:40:00.000+0000,1097052.867301152,110102.36130000022,999999.9999999999
2025-03-03T18:50:00.000+0000,1094053.4141248802,110102.36130000022,999999.9999999999
2025-03-03T19:00:00.000+0000,1093097.066735344,110102.36130000022,999999.9999999999
2025-03-03T19:10:00.000+0000,1103790.769363792,110102.36130000022,999999.9999999999
2025-03-03T19:20:00.000+0000,1100921.727195184,110102.36130000022,999999.9999999999
2025-03-03T19:30:00.000+0000,1096531.2232704961,110102.36130000022,999999.9999999999
2025-03-03T19:40:00.000+0000,1102182.3669359358,110102.36130000022,999999.9999999999
2025-03-03T19:50:00.000+0000,1103225.6549972482,110102.36130000022,999999.9999999999
2025-03-03T20:00:00.000+0000,1108833.3283268001,110102.36130000022,999999.9999999999
2025-03-03T20:10:00.000+0000,1105877.345486416,110102.36130000022,999999.9999999999
2025-03-03T20:20:00.000+0000,1107659.629257824,110102.36130000022,999999.9999999999
2025-03-03T20:30:00.000+0000,1110832.9637776483,110102.36130000022,999999.9999999999
2025-03-03T20:40:00.000+0000,1106964.103883616,110102.36130000022,999999.9999999999
2025-03-03T20:50:00.000+0000,1111050.3154570882,110102.36130000022,999999.9999999999
2025-03-03T21:00:00.000+0000,1106529.400524736,110102.36130000022,999999.9999999999
2025-03-03T21:10:00.000+0000,1099921.90946976,110102.36130000022,999999.9999999999
2025-03-03T21:20:00.000+0000,1104486.294738,110102.36130000022,999999.9999999999
2025-03-03T21:30:00.000+0000,1104529.7650738882,110102.36130000022,999999.9999999999
2025-03-03T21:40:00.000+0000,1102573.5999589278,110102.36130000022,999999.9999999999
2025-03-03T21:50:00.000+0000,1115484.289717664,110102.36130000022,999999.9999999999
2025-03-03T22:00:00.000+0000,1115701.641397104,110102.36130000022,999999.9999999999
2025-03-03T22:10:00.000+0000,1117049.2218096321,110102.36130000022,999999.9999999999
2025-03-03T22:20:00.000+0000,1115397.349045888,110102.36130000022,999999.9999999999
2025-03-03T22:30:00.000+0000,1113049.9509079359,110102.36130000022,999999.9999999999
2025-03-03T22:40:00.000+0000,1114919.17535112,110102.36130000022,999999.9999999999
2025-03-03T22:50:00.000+0000,1111832.781503072,110102.36130000022,999999.9999999999
2025-03-03T23:00:00.000+0000,1111615.4298236321,110102.36130000022,999999.9999999999
2025-03-03T23:10:00.000+0000,1113658.535610368,110102.36130000022,999999.9999999999
2025-03-03T23:20:00.000+0000,1116310.226099536,110102.36130000022,999999.9999999999
2025-03-03T23:30:00.000+0000,1118961.916588704,110102.36130000022,999999.9999999999
2025-03-03T23:40:00.000+0000,1109050.68000624,110102.36130000022,999999.9999999999
2025-03-03T23:50:00.000+0000,1105616.5234710881,110102.36130000022,999999.9999999999
2025-03-04T00:00:00.000+0000,1101834.6042488322,110102.36130000022,999999.9999999999
2025-03-04T00:10:00.000+0000,1107311.8665707202,110102.36130000022,999999.9999999999
2025-03-04T00:20:00.000+0000,1102051.9559282719,110102.36130000022,999999.9999999999
2025-03-04T00:30:00.000+0000,1105181.8201122081,110102.36130000022,999999.9999999999
2025-03-04T00:40:00.000+0000,1112224.014526064,110102.36130000022,999999.9999999999
2025-03-04T00:50:00.000+0000,1121613.6070778721,110102.36130000022,999999.9999999999
2025-03-04T01:00:00.000+0000,1120874.611367776,110102.36130000022,999999.9999999999
2025-03-04T01:10:00.000+0000,1127742.92443808,110102.36130000022,999999.9999999999
2025-03-04T01:20:00.000+0000,1128481.9201481761,110102.36130000022,999999.9999999999
2025-03-04T01:30:00.000+0000,1135871.877249136,110102.36130000022,999999.9999999999
2025-03-04T01:40:00.000+0000,1172343.489059168,110102.36130000022,999999.9999999999
2025-03-04T01:50:00.000+0000,1168691.980844576,110102.36130000022,999999.9999999999
2025-03-04T02:00:00.000+0000,1167127.048752608,110102.36130000022,999999.9999999999
2025-03-04T02:10:00.000+0000,1167952.9851344803,110102.36130000022,999999.9999999999
2025-03-04T02:20:00.000+0000,1175777.6455943203,110102.36130000022,999999.9999999999
2025-03-04T02:30:00.000+0000,1163258.188858576,110102.36130000022,999999.9999999999
2025-03-04T02:40:00.000+0000,1156259.4647806077,110102.36130000022,999999.9999999999
2025-03-04T02:50:00.000+0000,1157520.1045213598,110102.36130000022,999999.9999999999
2025-03-04T03:00:00.000+0000,1162606.133820256,110102.36130000022,999999.9999999999
2025-03-04T03:10:00.000+0000,1173430.2474563678,110102.36130000022,999999.9999999999
2025-03-04T03:20:00.000+0000,1167561.752111488,110102.36130000022,999999.9999999999
2025-03-04T03:30:00.000+0000,1163040.8371791362,110102.36130000022,999999.9999999999
2025-03-04T03:40:00.000+0000,1169257.09521112,110102.36130000022,999999.9999999999
2025-03-04T03:50:00.000+0000,1162910.4261714723,110102.36130000022,999999.9999999999
2025-03-04T04:00:00.000+0000,1169126.6842034562,110102.36130000022,999999.9999999999
2025-03-04T04:10:00.000+0000,1173604.12879992,110102.36130000022,999999.9999999999
2025-03-04T04:20:00.000+0000,1176820.933655632,110102.36130000022,999999.9999999999
2025-03-04T04:30:00.000+0000,1179689.9758242401,110102.36130000022,999999.9999999999
2025-03-04T04:40:00.000+0000,1187558.106619968,110102.36130000022,999999.9999999999
2025-03-04T04:50:00.000+0000,1186210.52620744,110102.36130000022,999999.9999999999
2025-03-04T05:00:00.000+0000,1171734.9043567362,110102.36130000022,999999.9999999999
2025-03-04T05:10:00.000+0000,1177603.399701616,110102.36130000022,999999.9999999999
2025-03-04T05:20:00.000+0000,1168344.218157472,110102.36130000022,999999.9999999999
2025-03-04T05:30:00.000+0000,1173386.77712048,110102.36130000022,999999.9999999999
2025-03-04T05:40:00.000+0000,1179211.8021294721,110102.36130000022,999999.9999999999
2025-03-04T05:50:00.000+0000,1170126.50192888,110102.36130000022,999999.9999999999
2025-03-04T06:00:00.000+0000,1167779.1037909281,110102.36130000022,999999.9999999999
2025-03-04T06:10:00.000+0000,1167300.93009616,110102.36130000022,999999.9999999999
2025-03-04T06:20:00.000+0000,1160258.735682304,110102.36130000022,999999.9999999999
2025-03-04T06:30:00.000+0000,1160736.909377072,110102.36130000022,999999.9999999999
2025-03-04T06:40:00.000+0000,1168865.862188128,110102.36130000022,999999.9999999999
2025-03-04T06:50:00.000+0000,1169604.857898224,110102.36130000022,999999.9999999999
2025-03-04T07:00:00.000+0000,1166431.5233784,110102.36130000022,999999.9999999999
2025-03-04T07:10:00.000+0000,1179081.3911218082,110102.36130000022,999999.9999999999
2025-03-04T07:20:00.000+0000,1178907.509778256,110102.36130000022,999999.9999999999
2025-03-04T07:30:00.000+0000,1175386.412571328,110102.36130000022,999999.9999999999
2025-03-04T07:40:00.000+0000,1179776.916496016,110102.36130000022,999999.9999999999
2025-03-04T07:50:00.000+0000,1184515.183107808,110102.36130000022,999999.9999999999
2025-03-04T08:00:00.000+0000,1184123.950084816,110102.36130000022,999999.9999999999
2025-03-04T08:10:00.000+0000,1180646.323213776,110102.36130000022,999999.9999999999
2025-03-04T08:20:00.000+0000,1180342.0308625603,110102.36130000022,999999.9999999999
2025-03-04T08:30:00.000+0000,1179472.6241447998,110102.36130000022,999999.9999999999
2025-03-04T08:40:00.000+0000,1179516.094480688,110102.36130000022,999999.9999999999
2025-03-04T08:50:00.000+0000,1188862.216696608,110102.36130000022,999999.9999999999
2025-03-04T09:00:00.000+0000,1192948.4282700801,110102.36130000022,999999.9999999999
2025-03-04T09:10:00.000+0000,1187601.576955856,110102.36130000022,999999.9999999999
2025-03-04T09:20:00.000+0000,1192079.02155232,110102.36130000022,999999.9999999999
2025-03-04T09:30:00.000+0000,1197338.932194768,110102.36130000022,999999.9999999999
2025-03-04T09:40:00.000+0000,1195643.589095136,110102.36130000022,999999.9999999999
2025-03-04T09:50:00.000+0000,1206598.1137389122,110102.36130000022,999999.9999999999
2025-03-04T10:00:00.000+0000,1208771.6305333122,110102.36130000022,999999.9999999999
2025-03-04T10:10:00.000+0000,1206511.173067136,110102.36130000022,999999.9999999999
2025-03-04T10:20:00.000+0000,1201729.436119456,110102.36130000022,999999.9999999999
2025-03-04T10:30:00.000+0000,1182385.1366492964,110102.36130000022,999999.9999999999
2025-03-04T10:40:00.000+0000,1170691.616295424,110102.36130000022,999999.9999999999
2025-03-04T10:50:00.000+0000,1168822.3918522398,110102.36130000022,999999.9999999999
2025-03-04T11:00:00.000+0000,1173256.3661128161,110102.36130000022,999999.9999999999
2025-03-04T11:10:00.000+0000,1163171.2481868002,110102.36130000022,999999.9999999999
2025-03-04T11:20:00.000+0000,1163345.129530352,110102.36130000022,999999.9999999999
2025-03-04T11:30:00.000+0000,1169517.917226448,110102.36130000022,999999.9999999999
2025-03-04T11:40:00.000+0000,1173821.4804793599,110102.36130000022,999999.9999999999
2025-03-04T11:50:00.000+0000,1175256.001563664,110102.36130000022,999999.9999999999
2025-03-04T12:00:00.000+0000,1179385.6834730238,110102.36130000022,999999.9999999999
2025-03-04T12:10:00.000+0000,1186384.4075509922,110102.36130000022,999999.9999999999
2025-03-04T12:20:00.000+0000,1184471.71277192,110102.36130000022,999999.9999999999
2025-03-04T12:30:00.000+0000,1180428.9715343358,110102.36130000022,999999.9999999999
2025-03-04T12:40:00.000+0000,1174560.4761894562,110102.36130000022,999999.9999999999
2025-03-04T12:50:00.000+0000,1176429.7006326402,110102.36130000022,999999.9999999999
2025-03-04T13:00:00.000+0000,1183211.073031168,110102.36130000022,999999.9999999999
2025-03-04T13:10:00.000+0000,1194339.4790184961,110102.36130000022,999999.9999999999
2025-03-04T13:20:00.000+0000,1198686.5126072962,110102.36130000022,999999.9999999999
2025-03-04T13:30:00.000+0000,1200773.08872992,110102.36130000022,999999.9999999999
2025-03-04T13:40:00.000+0000,1193426.601964848,110102.36130000022,999999.9999999999
2025-03-04T13:50:00.000+0000,1189688.15307848,110102.36130000022,999999.9999999999
2025-03-04T14:00:00.000+0000,1193078.839277744,110102.36130000022,999999.9999999999
2025-03-04T14:10:00.000+0000,1180950.6155649922,110102.36130000022,999999.9999999999
2025-03-04T14:20:00.000+0000,1182037.373962192,110102.36130000022,999999.9999999999
2025-03-04T14:30:00.000+0000,1165562.11666064,110102.36130000022,999999.9999999999
2025-03-04T14:40:00.000+0000,1163388.59986624,110102.36130000022,999999.9999999999
2025-03-04T14:50:00.000+0000,1171561.023013184,110102.36130000022,999999.9999999999
2025-03-04T15:00:00.000+0000,1184819.475459024,110102.36130000022,999999.9999999999
2025-03-04T15:10:00.000+0000,1188470.983673616,110102.36130000022,999999.9999999999
2025-03-04T15:20:00.000+0000,1193165.77994952,110102.36130000022,999999.9999999999
2025-03-04T15:30:00.000+0000,1186819.1109098722,110102.36130000022,999999.9999999999
2025-03-04T15:40:00.000+0000,1182254.725641632,110102.36130000022,999999.9999999999
2025-03-04T15:50:00.000+0000,1176907.8743274081,110102.36130000022,999999.9999999999
2025-03-04T16:00:00.000+0000,1174299.654174128,110102.36130000022,999999.9999999999
2025-03-04T16:10:00.000+0000,1176820.933655632,110102.36130000022,999999.9999999999
2025-03-04T16:20:00.000+0000,1183211.073031168,110102.36130000022,999999.9999999999
2025-03-04T16:30:00.000+0000,1187601.576955856,110102.36130000022,999999.9999999999
2025-03-04T16:40:00.000+0000,1194426.419690272,110102.36130000022,999999.9999999999
2025-03-04T16:50:00.000+0000,1182428.6069851841,110102.36130000022,999999.9999999999
2025-03-04T17:00:00.000+0000,1175951.5269378722,110102.36130000022,999999.9999999999
2025-03-04T17:10:00.000+0000,1168996.2731957922,110102.36130000022,999999.9999999999
2025-03-04T17:20:00.000+0000,1166388.0530425122,110102.36130000022,999999.9999999999
2025-03-04T17:30:00.000+0000,1159432.799300432,110102.36130000022,999999.9999999999
2025-03-04T17:40:00.000+0000,1152303.6642148,110102.36130000022,999999.9999999999
2025-03-04T17:50:00.000+0000,1151738.5498482562,110102.36130000022,999999.9999999999
2025-03-04T18:00:00.000+0000,1152912.2489172318,110102.36130000022,999999.9999999999
2025-03-04T18:10:00.000+0000,1149086.8593590881,110102.36130000022,999999.9999999999
2025-03-04T18:20:00.000+0000,1149086.8593590881,110102.36130000022,999999.9999999999
2025-03-04T18:30:00.000+0000,1149130.329694976,110102.36130000022,999999.9999999999
2025-03-04T18:40:00.000+0000,1129655.6192171522,110102.36130000022,999999.9999999999
2025-03-04T18:50:00.000+0000,1120700.7300242241,110102.36130000022,999999.9999999999
2025-03-04T19:00:00.000+0000,1124004.4755517119,110102.36130000022,999999.9999999999
2025-03-04T19:10:00.000+0000,1127351.691415088,110102.36130000022,999999.9999999999
2025-03-04T19:20:00.000+0000,1131307.4919808959,110102.36130000022,999999.9999999999
2025-03-04T19:30:00.000+0000,1127742.92443808,110102.36130000022,999999.9999999999
2025-03-04T19:40:00.000+0000,1129742.559888928,110102.36130000022,999999.9999999999
2025-03-04T19:50:00.000+0000,1128090.687125184,110102.36130000022,999999.9999999999
2025-03-04T20:00:00.000+0000,1128221.0981328483,110102.36130000022,999999.9999999999
2025-03-04T20:10:00.000+0000,1133959.1824700641,110102.36130000022,999999.9999999999
2025-03-04T20:20:00.000+0000,1129568.678545376,110102.36130000022,999999.9999999999
2025-03-04T20:30:00.000+0000,1134002.652805952,110102.36130000022,999999.9999999999
2025-03-04T20:40:00.000+0000,1132176.8986986561,110102.36130000022,999999.9999999999
2025-03-04T20:50:00.000+0000,1138567.0380741921,110102.36130000022,999999.9999999999
2025-03-04T21:00:00.000+0000,1150130.1474204,110102.36130000022,999999.9999999999
2025-03-04T21:10:00.000+0000,1140479.732853264,110102.36130000022,999999.9999999999
2025-03-04T21:20:00.000+0000,1118309.8615503842,110102.36130000022,999999.9999999999
2025-03-04T21:30:00.000+0000,1124047.9458876,110102.36130000022,999999.9999999999
2025-03-04T21:40:00.000+0000,1121178.903718992,110102.36130000022,999999.9999999999
2025-03-04T21:50:00.000+0000,1117962.09886328,110102.36130000022,999999.9999999999
2025-03-04T22:00:00.000+0000,1127916.805781632,110102.36130000022,999999.9999999999
2025-03-04T22:10:00.000+0000,1126830.047384432,110102.36130000022,999999.9999999999
2025-03-04T22:20:00.000+0000,1118005.5691991681,110102.36130000022,999999.9999999999
2025-03-04T22:30:00.000+0000,1116875.34046608,110102.36130000022,999999.9999999999
2025-03-04T22:40:00.000+0000,1117092.69214552,110102.36130000022,999999.9999999999
2025-03-04T22:50:00.000+0000,1126221.462682,110102.36130000022,999999.9999999999
2025-03-04T23:00:00.000+0000,1127829.8651098562,110102.36130000022,999999.9999999999
2025-03-04T23:10:00.000+0000,1123700.183200496,110102.36130000022,999999.9999999999
2025-03-04T23:20:00.000+0000,1133828.7714624,110102.36130000022,999999.9999999999
2025-03-04T23:30:00.000+0000,1131177.0809732322,110102.36130000022,999999.9999999999
2025-03-04T23:40:00.000+0000,1131046.669965568,110102.36130000022,999999.9999999999
2025-03-04T23:50:00.000+0000,1133089.7757523041,110102.36130000022,999999.9999999999
2025-03-05T00:00:00.000+0000,1143740.008044864,110102.36130000022,999999.9999999999
2025-03-05T00:10:00.000+0000,1137349.868669328,110102.36130000022,999999.9999999999
2025-03-05T00:20:00.000+0000,1139566.8557996158,110102.36130000022,999999.9999999999
2025-03-05T00:30:00.000+0000,1135958.817920912,110102.36130000022,999999.9999999999
2025-03-05T00:40:00.000+0000,1139132.152440736,110102.36130000022,999999.9999999999
2025-03-05T00:50:00.000+0000,1133567.949447072,110102.36130000022,999999.9999999999
2025-03-05T01:00:00.000+0000,1135741.466241472,110102.36130000022,999999.9999999999
2025-03-05T01:10:00.000+0000,1115136.5270305602,110102.36130000022,999999.9999999999
2025-03-05T01:20:00.000+0000,1111137.2561288641,110102.36130000022,999999.9999999999
2025-03-05T01:30:00.000+0000,1110224.3790752161,110102.36130000022,999999.9999999999
2025-03-05T01:40:00.000+0000,1109354.972357456,110102.36130000022,999999.9999999999
2025-03-05T01:50:00.000+0000,1110789.49344176,110102.36130000022,999999.9999999999
2025-03-05T02:00:00.000+0000,1117310.04382496,110102.36130000022,999999.9999999999
2025-03-05T02:10:00.000+0000,1120570.3190165602,110102.36130000022,999999.9999999999
2025-03-05T02:20:00.000+0000,1113702.005946256,110102.36130000022,999999.9999999999
2025-03-05T02:30:00.000+0000,1113310.772923264,110102.36130000022,999999.9999999999
2025-03-05T02:40:00.000+0000,1116614.5184507521,110102.36130000022,999999.9999999999
2025-03-05T02:50:00.000+0000,1115136.5270305602,110102.36130000022,999999.9999999999
2025-03-05T03:00:00.000+0000,1118049.039535056,110102.36130000022,999999.9999999999
2025-03-05T03:10:00.000+0000,1116657.98878664,110102.36130000022,999999.9999999999
2025-03-05T03:20:00.000+0000,1122743.83581096,110102.36130000022,999999.9999999999
2025-03-05T03:30:00.000+0000,1127873.335445744,110102.36130000022,999999.9999999999
2025-03-05T03:40:00.000+0000,1131090.1403014562,110102.36130000022,999999.9999999999
2025-03-05T03:50:00.000+0000,1129872.970896592,110102.36130000022,999999.9999999999
2025-03-05T04:00:00.000+0000,1137349.868669328,110102.36130000022,999999.9999999999
2025-03-05T04:10:00.000+0000,1137089.046654,110102.36130000022,999999.9999999999
2025-03-05T04:20:00.000+0000,1142696.7199835523,110102.36130000022,999999.9999999999
2025-03-05T04:30:00.000+0000,1145783.1138316,110102.36130000022,999999.9999999999
2025-03-05T04:40:00.000+0000,1143826.9487166405,110102.36130000022,999999.9999999999
2025-03-05T04:50:00.000+0000,1140262.3811738242,110102.36130000022,999999.9999999999
2025-03-05T05:00:00.000+0000,1139306.033784288,110102.36130000022,999999.9999999999
2025-03-05T05:10:00.000+0000,1138480.0974024162,110102.36130000022,999999.9999999999
2025-03-05T05:20:00.000+0000,1143348.7750218723,110102.36130000022,999999.9999999999
2025-03-05T05:30:00.000+0000,1143913.889388416,110102.36130000022,999999.9999999999
2025-03-05T05:40:00.000+0000,1147434.986595344,110102.36130000022,999999.9999999999
2025-03-05T05:50:00.000+0000,1151999.371863584,110102.36130000022,999999.9999999999
2025-03-05T06:00:00.000+0000,1154477.1810092002,110102.36130000022,999999.9999999999
2025-03-05T06:10:00.000+0000,1157650.515529024,110102.36130000022,999999.9999999999
2025-03-05T06:20:00.000+0000,1158650.333254448,110102.36130000022,999999.9999999999
2025-03-05T06:30:00.000+0000,1151738.5498482562,110102.36130000022,999999.9999999999
2025-03-05T06:40:00.000+0000,1153086.130260784,110102.36130000022,999999.9999999999
2025-03-05T06:50:00.000+0000,1148999.918687312,110102.36130000022,999999.9999999999
2025-03-05T07:00:00.000+0000,1147913.1602901123,110102.36130000022,999999.9999999999
2025-03-05T07:10:00.000+0000,1151564.668504704,110102.36130000022,999999.9999999999
2025-03-05T07:20:00.000+0000,1148043.571297776,110102.36130000022,999999.9999999999
2025-03-05T07:30:00.000+0000,1145304.940136832,110102.36130000022,999999.9999999999
2025-03-05T07:40:00.000+0000,1146522.1095416963,110102.36130000022,999999.9999999999
2025-03-05T07:50:00.000+0000,1142088.13528112,110102.36130000022,999999.9999999999
2025-03-05T08:00:00.000+0000,1139306.033784288,110102.36130000022,999999.9999999999
2025-03-05T08:10:00.000+0000,1136871.69497456,110102.36130000022,999999.9999999999
2025-03-05T08:20:00.000+0000,1135697.995905584,110102.36130000022,999999.9999999999
2025-03-05T08:30:00.000+0000,1134046.12314184,110102.36130000022,999999.9999999999
2025-03-05T08:40:00.000+0000,1130611.9666066882,110102.36130000022,999999.9999999999
2025-03-05T08:50:00.000+0000,1131916.076683328,110102.36130000022,999999.9999999999
2025-03-05T09:00:00.000+0000,1129394.7972018241,110102.36130000022,999999.9999999999
2025-03-05T09:10:00.000+0000,1126916.9880562082,110102.36130000022,999999.9999999999
2025-03-05T09:20:00.000+0000,1122917.7171545122,110102.36130000022,999999.9999999999
2025-03-05T09:30:00.000+0000,1119309.6792758082,110102.36130000022,999999.9999999999
2025-03-05T09:40:00.000+0000,1121352.785062544,110102.36130000022,999999.9999999999
2025-03-05T09:50:00.000+0000,1122178.721444416,110102.36130000022,999999.9999999999
2025-03-05T10:00:00.000+0000,1120700.7300242241,110102.36130000022,999999.9999999999
2025-03-05T10:10:00.000+0000,1123091.598498064,110102.36130000022,999999.9999999999
2025-03-05T10:20:00.000+0000,1115223.4677023361,110102.36130000022,999999.9999999999
2025-03-05T10:30:00.000+0000,1108268.2139602562,110102.36130000022,999999.9999999999
2025-03-05T10:40:00.000+0000,1119135.797932256,110102.36130000022,999999.9999999999
2025-03-05T10:50:00.000+0000,1119527.030955248,110102.36130000022,999999.9999999999
2025-03-05T11:00:00.000+0000,1123569.772192832,110102.36130000022,999999.9999999999
2025-03-05T11:10:00.000+0000,1121091.9630472162,110102.36130000022,999999.9999999999
2025-03-05T11:20:00.000+0000,1125265.115292464,110102.36130000022,999999.9999999999
2025-03-05T11:30:00.000+0000,1128351.509140512,110102.36130000022,999999.9999999999
2025-03-05T11:40:00.000+0000,1127873.335445744,110102.36130000022,999999.9999999999
2025-03-05T11:50:00.000+0000,1129699.08955304,110102.36130000022,999999.9999999999
2025-03-05T12:00:00.000+0000,1123569.772192832,110102.36130000022,999999.9999999999
2025-03-05T12:10:00.000+0000,1121657.0774137601,110102.36130000022,999999.9999999999
2025-03-05T12:20:00.000+0000,1119266.2089399202,110102.36130000022,999999.9999999999
2025-03-05T12:30:00.000+0000,1116788.3997943043,110102.36130000022,999999.9999999999
2025-03-05T12:40:00.000+0000,1121048.492711328,110102.36130000022,999999.9999999999
2025-03-05T12:50:00.000+0000,1122569.954467408,110102.36130000022,999999.9999999999
2025-03-05T13:00:00.000+0000,1124830.4119335841,110102.36130000022,999999.9999999999
2025-03-05T13:10:00.000+0000,1126047.581338448,110102.36130000022,999999.9999999999
2025-03-05T13:20:00.000+0000,1126699.6363767681,110102.36130000022,999999.9999999999
2025-03-05T13:30:00.000+0000,1125525.9373077923,110102.36130000022,999999.9999999999
2025-03-05T13:40:00.000+0000,1133002.8350805282,110102.36130000022,999999.9999999999
2025-03-05T13:50:00.000+0000,1132959.36474464,110102.36130000022,999999.9999999999
2025-03-05T14:00:00.000+0000,1134785.118851936,110102.36130000022,999999.9999999999
2025-03-05T14:10:00.000+0000,1134915.5298596001,110102.36130000022,999999.9999999999
2025-03-05T14:20:00.000+0000,1139001.7414330721,110102.36130000022,999999.9999999999
2025-03-05T14:30:00.000+0000,1137306.39833344,110102.36130000022,999999.9999999999
2025-03-05T14:40:00.000+0000,1140088.499830272,110102.36130000022,999999.9999999999
2025-03-05T14:50:00.000+0000,1142348.957296448,110102.36130000022,999999.9999999999
2025-03-05T15:00:00.000+0000,1140262.3811738242,110102.36130000022,999999.9999999999
2025-03-05T15:10:00.000+0000,1140218.910837936,110102.36130000022,999999.9999999999
2025-03-05T15:20:00.000+0000,1148869.507679648,110102.36130000022,999999.9999999999
2025-03-05T15:30:00.000+0000,1148695.626336096,110102.36130000022,999999.9999999999
2025-03-05T15:40:00.000+0000,1149912.7957409602,110102.36130000022,999999.9999999999
2025-03-05T15:50:00.000+0000,1150782.2024587202,110102.36130000022,999999.9999999999
2025-03-05T16:00:00.000+0000,1153260.011604336,110102.36130000022,999999.9999999999
2025-03-05T16:10:00.000+0000,1156476.816460048,110102.36130000022,999999.9999999999
2025-03-05T16:20:00.000+0000,1155085.765711632,110102.36130000022,999999.9999999999
2025-03-05T16:30:00.000+0000,1161128.1424000643,110102.36130000022,999999.9999999999
2025-03-05T16:40:00.000+0000,1162736.5448279202,110102.36130000022,999999.9999999999
2025-03-05T16:50:00.000+0000,1159867.5026593122,110102.36130000022,999999.9999999999
2025-03-05T17:00:00.000+0000,1157954.80788024,110102.36130000022,999999.9999999999
2025-03-05T17:10:00.000+0000,1156433.34612416,110102.36130000022,999999.9999999999
2025-03-05T17:20:00.000+0000,1152477.545558352,110102.36130000022,999999.9999999999
2025-03-05T17:30:00.000+0000,1148347.863648992,110102.36130000022,999999.9999999999
2025-03-05T17:40:00.000+0000,1156911.519818928,110102.36130000022,999999.9999999999
2025-03-05T17:50:00.000+0000,1156042.113101168,110102.36130000022,999999.9999999999
2025-03-05T18:00:00.000+0000,1153260.011604336,110102.36130000022,999999.9999999999
2025-03-05T18:10:00.000+0000,1155390.058062848,110102.36130000022,999999.9999999999
2025-03-05T18:20:00.000+0000,1148869.507679648,110102.36130000022,999999.9999999999
2025-03-05T18:30:00.000+0000,1149695.44406152,110102.36130000022,999999.9999999999
2025-03-05T18:40:00.000+0000,1149043.3890232001,110102.36130000022,999999.9999999999
2025-03-05T18:50:00.000+0000,1145131.05879328,110102.36130000022,999999.9999999999
2025-03-05T19:00:00.000+0000,1140523.203189152,110102.36130000022,999999.9999999999
2025-03-05T19:10:00.000+0000,1141044.847219808,110102.36130000022,999999.9999999999
2025-03-05T19:20:00.000+0000,1139479.91512784,110102.36130000022,999999.9999999999
2025-03-05T19:30:00.000+0000,1139914.6184867201,110102.36130000022,999999.9999999999
2025-03-05T19:40:00.000+0000,1139436.444791952,110102.36130000022,999999.9999999999
2025-03-05T19:50:00.000+0000,1137306.39833344,110102.36130000022,999999.9999999999
2025-03-05T20:00:00.000+0000,1132133.4283627681,110102.36130000022,999999.9999999999
2025-03-05T20:10:00.000+0000,1131568.3139962242,110102.36130000022,999999.9999999999
2025-03-05T20:20:00.000+0000,1132828.9537369763,110102.36130000022,999999.9999999999
2025-03-05T20:30:00.000+0000,1129525.208209488,110102.36130000022,999999.9999999999
2025-03-05T20:40:00.000+0000,1131698.7250038881,110102.36130000022,999999.9999999999
2025-03-05T20:50:00.000+0000,1134046.12314184,110102.36130000022,999999.9999999999
2025-03-05T21:00:00.000+0000,1135828.406913248,110102.36130000022,999999.9999999999
2025-03-05T21:10:00.000+0000,1134002.652805952,110102.36130000022,999999.9999999999
2025-03-05T21:20:00.000+0000,1135915.347585024,110102.36130000022,999999.9999999999
2025-03-05T21:30:00.000+0000,1135958.817920912,110102.36130000022,999999.9999999999
2025-03-05T21:40:00.000+0000,1135741.466241472,110102.36130000022,999999.9999999999
2025-03-05T21:50:00.000+0000,1138610.50841008,110102.36130000022,999999.9999999999
2025-03-05T22:00:00.000+0000,1137567.220348768,110102.36130000022,999999.9999999999
2025-03-05T22:10:00.000+0000,1143218.364014208,110102.36130000022,999999.9999999999
2025-03-05T22:20:00.000+0000,1142696.7199835523,110102.36130000022,999999.9999999999
2025-03-05T22:30:00.000+0000,1142392.4276323363,110102.36130000022,999999.9999999999
2025-03-05T22:40:00.000+0000,1142175.075952896,110102.36130000022,999999.9999999999
2025-03-05T22:50:00.000+0000,1140479.732853264,110102.36130000022,999999.9999999999
2025-03-05T23:00:00.000+0000,1139566.8557996158,110102.36130000022,999999.9999999999
2025-03-05T23:10:00.000+0000,1139479.91512784,110102.36130000022,999999.9999999999
2025-03-05T23:20:00.000+0000,1142914.071662992,110102.36130000022,999999.9999999999
2025-03-05T23:30:00.000+0000,1139132.152440736,110102.36130000022,999999.9999999999
2025-03-05T23:40:00.000+0000,1136393.5212797923,110102.36130000022,999999.9999999999
2025-03-05T23:50:00.000+0000,1138306.2160588638,110102.36130000022,999999.9999999999
2025-03-06T00:00:00.000+0000,1138349.686394752,110102.36130000022,999999.9999999999
2025-03-06T00:10:00.000+0000,1140218.910837936,110102.36130000022,999999.9999999999
2025-03-06T00:20:00.000+0000,1142957.5419988802,110102.36130000022,999999.9999999999
2025-03-06T00:30:00.000+0000,1145348.4104727202,110102.36130000022,999999.9999999999
2025-03-06T00:40:00.000+0000,1151129.965145824,110102.36130000022,999999.9999999999
2025-03-06T00:50:00.000+0000,1152912.2489172318,110102.36130000022,999999.9999999999
2025-03-06T01:00:00.000+0000,1154477.1810092002,110102.36130000022,999999.9999999999
2025-03-06T01:10:00.000+0000,1150086.677084512,110102.36130000022,999999.9999999999
2025-03-06T01:20:00.000+0000,1152042.8421994722,110102.36130000022,999999.9999999999
2025-03-06T01:30:00.000+0000,1155476.9987346241,110102.36130000022,999999.9999999999
2025-03-06T01:40:00.000+0000,1138784.3897536322,110102.36130000022,999999.9999999999
2025-03-06T01:50:00.000+0000,1139132.152440736,110102.36130000022,999999.9999999999
2025-03-06T02:00:00.000+0000,1146000.46551104,110102.36130000022,999999.9999999999
2025-03-06T02:10:00.000+0000,1141957.724273456,110102.36130000022,999999.9999999999
2025-03-06T02:20:00.000+0000,1145870.0545033761,110102.36130000022,999999.9999999999
2025-03-06T02:30:00.000+0000,1147130.6942441282,110102.36130000022,999999.9999999999
2025-03-06T02:40:00.000+0000,1145261.469800944,110102.36130000022,999999.9999999999
2025-03-06T02:50:00.000+0000,1134785.118851936,110102.36130000022,999999.9999999999
2025-03-06T03:00:00.000+0000,1133046.305416416,110102.36130000022,999999.9999999999
2025-03-06T03:10:00.000+0000,1134002.652805952,110102.36130000022,999999.9999999999
2025-03-06T03:20:00.000+0000,1135350.2332184801,110102.36130000022,999999.9999999999
2025-03-06T03:30:00.000+0000,1141044.847219808,110102.36130000022,999999.9999999999
2025-03-06T03:40:00.000+0000,1140349.3218456,110102.36130000022,999999.9999999999
2025-03-06T03:50:00.000+0000,1139523.385463728,110102.36130000022,999999.9999999999
2025-03-06T04:00:00.000+0000,1134959.000195488,110102.36130000022,999999.9999999999
2025-03-06T04:10:00.000+0000,1132133.4283627681,110102.36130000022,999999.9999999999
2025-03-06T04:20:00.000+0000,1134654.707844272,110102.36130000022,999999.9999999999
2025-03-06T04:30:00.000+0000,1134350.4154930562,110102.36130000022,999999.9999999999
2025-03-06T04:40:00.000+0000,1128916.623507056,110102.36130000022,999999.9999999999
2025-03-06T04:50:00.000+0000,1128351.509140512,110102.36130000022,999999.9999999999
2025-03-06T05:00:00.000+0000,1123874.064544048,110102.36130000022,999999.9999999999
2025-03-06T05:10:00.000+0000,1128960.093842944,110102.36130000022,999999.9999999999
2025-03-06T05:20:00.000+0000,1129655.6192171522,110102.36130000022,999999.9999999999
2025-03-06T05:30:00.000+0000,1136567.402623344,110102.36130000022,999999.9999999999
2025-03-06T05:40:00.000+0000,1136219.63993624,110102.36130000022,999999.9999999999
2025-03-06T05:50:00.000+0000,1134176.5341495038,110102.36130000022,999999.9999999999
2025-03-06T06:00:00.000+0000,1134524.296836608,110102.36130000022,999999.9999999999
2025-03-06T06:10:00.000+0000,1145044.1181215039,110102.36130000022,999999.9999999999
2025-03-06T06:20:00.000+0000,1150477.910107504,110102.36130000022,999999.9999999999
2025-03-06T06:30:00.000+0000,1149608.503389744,110102.36130000022,999999.9999999999
2025-03-06T06:40:00.000+0000,1155346.58772696,110102.36130000022,999999.9999999999
2025-03-06T06:50:00.000+0000,1151434.25749704,110102.36130000022,999999.9999999999
2025-03-06T07:00:00.000+0000,1151477.7278329278,110102.36130000022,999999.9999999999
2025-03-06T07:10:00.000+0000,1152477.545558352,110102.36130000022,999999.9999999999
2025-03-06T07:20:00.000+0000,1151390.7871611519,110102.36130000022,999999.9999999999
2025-03-06T07:30:00.000+0000,1152347.134550688,110102.36130000022,999999.9999999999
2025-03-06T07:40:00.000+0000,1156085.5834370563,110102.36130000022,999999.9999999999
2025-03-06T07:50:00.000+0000,1156172.5241088322,110102.36130000022,999999.9999999999
2025-03-06T08:00:00.000+0000,1155172.706383408,110102.36130000022,999999.9999999999
2025-03-06T08:10:00.000+0000,1153260.011604336,110102.36130000022,999999.9999999999
2025-03-06T08:20:00.000+0000,1153433.892947888,110102.36130000022,999999.9999999999
2025-03-06T08:30:00.000+0000,1152825.308245456,110102.36130000022,999999.9999999999
2025-03-06T08:40:00.000+0000,1142566.308975888,110102.36130000022,999999.9999999999
2025-03-06T08:50:00.000+0000,1138697.449081856,110102.36130000022,999999.9999999999
2025-03-06T09:00:00.000+0000,1144000.830060192,110102.36130000022,999999.9999999999
2025-03-06T09:10:00.000+0000,1144783.296106176,110102.36130000022,999999.9999999999
2025-03-06T09:20:00.000+0000,1147043.753572352,110102.36130000022,999999.9999999999
2025-03-06T09:30:00.000+0000,1150130.1474204,110102.36130000022,999999.9999999999
2025-03-06T09:40:00.000+0000,1147956.630626,110102.36130000022,999999.9999999999
2025-03-06T09:50:00.000+0000,1147739.2789465599,110102.36130000022,999999.9999999999
2025-03-06T10:00:00.000+0000,1149695.44406152,110102.36130000022,999999.9999999999
2025-03-06T10:10:00.000+0000,1145696.173159824,110102.36130000022,999999.9999999999
2025-03-06T10:20:00.000+0000,1136219.63993624,110102.36130000022,999999.9999999999
2025-03-06T10:30:00.000+0000,1136480.4619515683,110102.36130000022,999999.9999999999
2025-03-06T10:40:00.000+0000,1137523.7500128802,110102.36130000022,999999.9999999999
2025-03-06T10:50:00.000+0000,1138610.50841008,110102.36130000022,999999.9999999999
2025-03-06T11:00:00.000+0000,1140740.554868592,110102.36130000022,999999.9999999999
2025-03-06T11:10:00.000+0000,1137436.809341104,110102.36130000022,999999.9999999999
2025-03-06T11:20:00.000+0000,1134872.0595237121,110102.36130000022,999999.9999999999
2025-03-06T11:30:00.000+0000,1135828.406913248,110102.36130000022,999999.9999999999
2025-03-06T11:40:00.000+0000,1137914.9830358722,110102.36130000022,999999.9999999999
2025-03-06T11:50:00.000+0000,1138827.86008952,110102.36130000022,999999.9999999999
2025-03-06T12:00:00.000+0000,1147261.1052517921,110102.36130000022,999999.9999999999
2025-03-06T12:10:00.000+0000,1156259.4647806077,110102.36130000022,999999.9999999999
2025-03-06T12:20:00.000+0000,1156607.227467712,110102.36130000022,999999.9999999999
2025-03-06T12:30:00.000+0000,1159476.26963632,110102.36130000022,999999.9999999999
2025-03-06T12:40:00.000+0000,1161475.905087168,110102.36130000022,999999.9999999999
2025-03-06T12:50:00.000+0000,1157085.40116248,110102.36130000022,999999.9999999999
2025-03-06T13:00:00.000+0000,1158519.922246784,110102.36130000022,999999.9999999999
2025-03-06T13:10:00.000+0000,1165301.2946453122,110102.36130000022,999999.9999999999
2025-03-06T13:20:00.000+0000,1172126.137379728,110102.36130000022,999999.9999999999
2025-03-06T13:30:00.000+0000,1174082.3024946877,110102.36130000022,999999.9999999999
2025-03-06T13:40:00.000+0000,1173995.361822912,110102.36130000022,999999.9999999999
2025-03-06T13:50:00.000+0000,1175473.353243104,110102.36130000022,999999.9999999999
2025-03-06T14:00:00.000+0000,1181820.022282752,110102.36130000022,999999.9999999999
2025-03-06T14:10:00.000+0000,1182298.1959775202,110102.36130000022,999999.9999999999
2025-03-06T14:20:00.000+0000,1178516.276755264,110102.36130000022,999999.9999999999
2025-03-06T14:30:00.000+0000,1179603.0351524644,110102.36130000022,999999.9999999999
2025-03-06T14:40:00.000+0000,1188123.220986512,110102.36130000022,999999.9999999999
2025-03-06T14:50:00.000+0000,1186819.1109098722,110102.36130000022,999999.9999999999
2025-03-06T15:00:00.000+0000,1176473.170968528,110102.36130000022,999999.9999999999
2025-03-06T15:10:00.000+0000,1174125.772830576,110102.36130000022,999999.9999999999
2025-03-06T15:20:00.000+0000,1174473.5355176802,110102.36130000022,999999.9999999999
2025-03-06T15:30:00.000+0000,1180863.674893216,110102.36130000022,999999.9999999999
2025-03-06T15:40:00.000+0000,1180211.619854896,110102.36130000022,999999.9999999999
2025-03-06T15:50:00.000+0000,1185558.47116912,110102.36130000022,999999.9999999999
2025-03-06T16:00:00.000+0000,1182428.6069851841,110102.36130000022,999999.9999999999
2025-03-06T16:10:00.000+0000,1186949.521917536,110102.36130000022,999999.9999999999
2025-03-06T16:20:00.000+0000,1190774.91147568,110102.36130000022,999999.9999999999
2025-03-06T16:30:00.000+0000,1189296.9200554881,110102.36130000022,999999.9999999999
2025-03-06T16:40:00.000+0000,1190166.3267732481,110102.36130000022,999999.9999999999
2025-03-06T16:50:00.000+0000,1186992.992253424,110102.36130000022,999999.9999999999
2025-03-06T17:00:00.000+0000,1196599.9364846721,110102.36130000022,999999.9999999999
2025-03-06T17:10:00.000+0000,1199599.389660944,110102.36130000022,999999.9999999999
2025-03-06T17:20:00.000+0000,1193470.0723007359,110102.36130000022,999999.9999999999
2025-03-06T17:30:00.000+0000,1195295.826408032,110102.36130000022,999999.9999999999
2025-03-06T17:40:00.000+0000,1197860.576225424,110102.36130000022,999999.9999999999
2025-03-06T17:50:00.000+0000,1195991.3517822402,110102.36130000022,999999.9999999999
2025-03-06T18:00:00.000+0000,1198469.160927856,110102.36130000022,999999.9999999999
2025-03-06T18:10:00.000+0000,1205250.533326384,110102.36130000022,999999.9999999999
2025-03-06T18:20:00.000+0000,1207467.520456672,110102.36130000022,999999.9999999999
2025-03-06T18:30:00.000+0000,1209858.388930512,110102.36130000022,999999.9999999999
2025-03-06T18:40:00.000+0000,1216813.642672592,110102.36130000022,999999.9999999999
2025-03-06T18:50:00.000+0000,1219117.5704746558,110102.36130000022,999999.9999999999
2025-03-06T19:00:00.000+0000,1221943.142307376,110102.36130000022,999999.9999999999
2025-03-06T19:10:00.000+0000,1216857.11300848,110102.36130000022,999999.9999999999
2025-03-06T19:20:00.000+0000,1225551.18018608,110102.36130000022,999999.9999999999
2025-03-06T19:30:00.000+0000,1217987.3417415682,110102.36130000022,999999.9999999999
2025-03-06T19:40:00.000+0000,1208684.6898615363,110102.36130000022,999999.9999999999
2025-03-06T19:50:00.000+0000,1212336.1980761283,110102.36130000022,999999.9999999999
2025-03-06T20:00:00.000+0000,1209641.0372510722,110102.36130000022,999999.9999999999
2025-03-06T20:10:00.000+0000,1211640.6727019201,110102.36130000022,999999.9999999999
2025-03-06T20:20:00.000+0000,1214118.481847536,110102.36130000022,999999.9999999999
2025-03-06T20:30:00.000+0000,1219161.040810544,110102.36130000022,999999.9999999999
2025-03-06T20:40:00.000+0000,1221508.438948496,110102.36130000022,999999.9999999999
2025-03-06T20:50:00.000+0000,1219074.100138768,110102.36130000022,999999.9999999999
2025-03-06T21:00:00.000+0000,1214248.8928552,110102.36130000022,999999.9999999999
2025-03-06T21:10:00.000+0000,1212553.5497555682,110102.36130000022,999999.9999999999
2025-03-06T21:20:00.000+0000,1216335.468977824,110102.36130000022,999999.9999999999
2025-03-06T21:30:00.000+0000,1217204.875695584,110102.36130000022,999999.9999999999
2025-03-06T21:40:00.000+0000,1224160.1294376638,110102.36130000022,999999.9999999999
2025-03-06T21:50:00.000+0000,1222595.1973456962,110102.36130000022,999999.9999999999
2025-03-06T22:00:00.000+0000,1215205.240244736,110102.36130000022,999999.9999999999
2025-03-06T22:10:00.000+0000,1212336.1980761283,110102.36130000022,999999.9999999999
2025-03-06T22:20:00.000+0000,1217987.3417415682,110102.36130000022,999999.9999999999
2025-03-06T22:30:00.000+0000,1212901.312442672,110102.36130000022,999999.9999999999
2025-03-06T22:40:00.000+0000,1215509.532595952,110102.36130000022,999999.9999999999
2025-03-06T22:50:00.000+0000,1211944.965053136,110102.36130000022,999999.9999999999
2025-03-06T23:00:00.000+0000,1206293.821387696,110102.36130000022,999999.9999999999
2025-03-06T23:10:00.000+0000,1208684.6898615363,110102.36130000022,999999.9999999999
2025-03-06T23:20:00.000+0000,1211771.0837095839,110102.36130000022,999999.9999999999
2025-03-06T23:30:00.000+0000,1212162.316732576,110102.36130000022,999999.9999999999
2025-03-06T23:40:00.000+0000,1213422.956473328,110102.36130000022,999999.9999999999
2025-03-06T23:50:00.000+0000,1218422.0451004484,110102.36130000022,999999.9999999999
2025-03-07T00:00:00.000+0000,1216291.998641936,110102.36130000022,999999.9999999999
2025-03-07T00:10:00.000+0000,1209771.448258736,110102.36130000022,999999.9999999999
2025-03-07T00:20:00.000+0000,1231897.849225728,110102.36130000022,999999.9999999999
2025-03-07T00:30:00.000+0000,1235853.6497915362,110102.36130000022,999999.9999999999
2025-03-07T00:40:00.000+0000,1230898.031500304,110102.36130000022,999999.9999999999
2025-03-07T00:50:00.000+0000,1239157.395319024,110102.36130000022,999999.9999999999
2025-03-07T01:00:00.000+0000,1225638.120857856,110102.36130000022,999999.9999999999
2025-03-07T01:10:00.000+0000,1184645.594115472,110102.36130000022,999999.9999999999
2025-03-07T01:20:00.000+0000,1178081.573396384,110102.36130000022,999999.9999999999
2025-03-07T01:30:00.000+0000,1199512.448989168,110102.36130000022,999999.9999999999
2025-03-07T01:40:00.000+0000,1197556.283874208,110102.36130000022,999999.9999999999
2025-03-07T01:50:00.000+0000,1197078.1101794401,110102.36130000022,999999.9999999999
2025-03-07T02:00:00.000+0000,1178516.276755264,110102.36130000022,999999.9999999999
2025-03-07T02:10:00.000+0000,1174517.0058535682,110102.36130000022,999999.9999999999
2025-03-07T02:20:00.000+0000,1176777.463319744,110102.36130000022,999999.9999999999
2025-03-07T02:30:00.000+0000,1185036.8271384642,110102.36130000022,999999.9999999999
2025-03-07T02:40:00.000+0000,1180602.852877888,110102.36130000022,999999.9999999999
2025-03-07T02:50:00.000+0000,1188253.631994176,110102.36130000022,999999.9999999999
2025-03-07T03:00:00.000+0000,1189992.4454296958,110102.36130000022,999999.9999999999
2025-03-07T03:10:00.000+0000,1189079.5683760482,110102.36130000022,999999.9999999999
2025-03-07T03:20:00.000+0000,1188688.335353056,110102.36130000022,999999.9999999999
2025-03-07T03:30:00.000+0000,1192209.432559984,110102.36130000022,999999.9999999999
2025-03-07T03:40:00.000+0000,1202164.1394783363,110102.36130000022,999999.9999999999
2025-03-07T03:50:00.000+0000,1203816.01224208,110102.36130000022,999999.9999999999
2025-03-07T04:00:00.000+0000,1202816.1945166562,110102.36130000022,999999.9999999999
2025-03-07T04:10:00.000+0000,1205033.181646944,110102.36130000022,999999.9999999999
2025-03-07T04:20:00.000+0000,1201425.14376824,110102.36130000022,999999.9999999999
2025-03-07T04:30:00.000+0000,1204163.774929184,110102.36130000022,999999.9999999999
2025-03-07T04:40:00.000+0000,1202990.0758602081,110102.36130000022,999999.9999999999
2025-03-07T04:50:00.000+0000,1201946.7877988962,110102.36130000022,999999.9999999999
2025-03-07T05:00:00.000+0000,1199164.6863020642,110102.36130000022,999999.9999999999
2025-03-07T05:10:00.000+0000,1194861.123049152,110102.36130000022,999999.9999999999
2025-03-07T05:20:00.000+0000,1189209.9793837122,110102.36130000022,999999.9999999999
2025-03-07T05:30:00.000+0000,1188688.335353056,110102.36130000022,999999.9999999999
2025-03-07T05:40:00.000+0000,1188297.1023300642,110102.36130000022,999999.9999999999
2025-03-07T05:50:00.000+0000,1186601.759230432,110102.36130000022,999999.9999999999
2025-03-07T06:00:00.000+0000,1190818.381811568,110102.36130000022,999999.9999999999
2025-03-07T06:10:00.000+0000,1193165.77994952,110102.36130000022,999999.9999999999
2025-03-07T06:20:00.000+0000,1188601.3946812798,110102.36130000022,999999.9999999999
2025-03-07T06:30:00.000+0000,1185471.530497344,110102.36130000022,999999.9999999999
2025-03-07T06:40:00.000+0000,1185428.0601614562,110102.36130000022,999999.9999999999
2025-03-07T06:50:00.000+0000,1185080.297474352,110102.36130000022,999999.9999999999
2025-03-07T07:00:00.000+0000,1183124.132359392,110102.36130000022,999999.9999999999
2025-03-07T07:10:00.000+0000,1182472.0773210723,110102.36130000022,999999.9999999999
2025-03-07T07:20:00.000+0000,1181820.022282752,110102.36130000022,999999.9999999999
2025-03-07T07:30:00.000+0000,1182080.8442980803,110102.36130000022,999999.9999999999
2025-03-07T07:40:00.000+0000,1182167.7849698558,110102.36130000022,999999.9999999999
2025-03-07T07:50:00.000+0000,1178385.8657476,110102.36130000022,999999.9999999999
2025-03-07T08:00:00.000+0000,1178081.573396384,110102.36130000022,999999.9999999999
2025-03-07T08:10:00.000+0000,1185775.82284856,110102.36130000022,999999.9999999999
2025-03-07T08:20:00.000+0000,1189644.682742592,110102.36130000022,999999.9999999999
2025-03-07T08:30:00.000+0000,1192557.1952470879,110102.36130000022,999999.9999999999
2025-03-07T08:40:00.000+0000,1193470.0723007359,110102.36130000022,999999.9999999999
2025-03-07T08:50:00.000+0000,1193904.775659616,110102.36130000022,999999.9999999999
2025-03-07T09:00:00.000+0000,1191122.674162784,110102.36130000022,999999.9999999999
2025-03-07T09:10:00.000+0000,1190731.4411397923,110102.36130000022,999999.9999999999
2025-03-07T09:20:00.000+0000,1186775.6405739842,110102.36130000022,999999.9999999999
2025-03-07T09:30:00.000+0000,1185080.297474352,110102.36130000022,999999.9999999999
2025-03-07T09:40:00.000+0000,1184297.8314283679,110102.36130000022,999999.9999999999
2025-03-07T09:50:00.000+0000,1185471.530497344,110102.36130000022,999999.9999999999
2025-03-07T10:00:00.000+0000,1192470.2545753121,110102.36130000022,999999.9999999999
2025-03-07T10:10:00.000+0000,1195947.881446352,110102.36130000022,999999.9999999999
2025-03-07T10:20:00.000+0000,1195252.356072144,110102.36130000022,999999.9999999999
2025-03-07T10:30:00.000+0000,1200468.796378704,110102.36130000022,999999.9999999999
2025-03-07T10:40:00.000+0000,1199034.2752944,110102.36130000022,999999.9999999999
2025-03-07T10:50:00.000+0000,1199034.2752944,110102.36130000022,999999.9999999999
2025-03-07T11:00:00.000+0000,1198860.3939508481,110102.36130000022,999999.9999999999
2025-03-07T11:10:00.000+0000,1197643.224545984,110102.36130000022,999999.9999999999
2025-03-07T11:20:00.000+0000,1200077.5633557122,110102.36130000022,999999.9999999999
2025-03-07T11:30:00.000+0000,1201555.5547759042,110102.36130000022,999999.9999999999
2025-03-07T11:40:00.000+0000,1201816.376791232,110102.36130000022,999999.9999999999
2025-03-07T11:50:00.000+0000,1198643.042271408,110102.36130000022,999999.9999999999
2025-03-07T12:00:00.000+0000,1190296.737780912,110102.36130000022,999999.9999999999
2025-03-07T12:10:00.000+0000,1190340.2081168003,110102.36130000022,999999.9999999999
2025-03-07T12:20:00.000+0000,1190514.089460352,110102.36130000022,999999.9999999999
2025-03-07T12:30:00.000+0000,1190861.8521474563,110102.36130000022,999999.9999999999
2025-03-07T12:40:00.000+0000,1203729.071570304,110102.36130000022,999999.9999999999
2025-03-07T12:50:00.000+0000,1202816.1945166562,110102.36130000022,999999.9999999999
2025-03-07T13:00:00.000+0000,1205902.588364704,110102.36130000022,999999.9999999999
2025-03-07T13:10:00.000+0000,1201685.965783568,110102.36130000022,999999.9999999999
2025-03-07T13:20:00.000+0000,1201642.49544768,110102.36130000022,999999.9999999999
2025-03-07T13:30:00.000+0000,1194339.4790184961,110102.36130000022,999999.9999999999
2025-03-07T13:40:00.000+0000,1190340.2081168003,110102.36130000022,999999.9999999999
2025-03-07T13:50:00.000+0000,1195556.64842336,110102.36130000022,999999.9999999999
2025-03-07T14:00:00.000+0000,1197469.343202432,110102.36130000022,999999.9999999999
2025-03-07T14:10:00.000+0000,1203555.190226752,110102.36130000022,999999.9999999999
2025-03-07T14:20:00.000+0000,1210597.3846406082,110102.36130000022,999999.9999999999
2025-03-07T14:30:00.000+0000,1210119.2109458402,110102.36130000022,999999.9999999999
2025-03-07T14:40:00.000+0000,1182732.8993364002,110102.36130000022,999999.9999999999
2025-03-07T14:50:00.000+0000,1183298.0137029437,110102.36130000022,999999.9999999999
2025-03-07T15:00:00.000+0000,1180602.852877888,110102.36130000022,999999.9999999999
2025-03-07T15:10:00.000+0000,1191209.61483456,110102.36130000022,999999.9999999999
2025-03-07T15:20:00.000+0000,1202511.9021654401,110102.36130000022,999999.9999999999
2025-03-07T15:30:00.000+0000,1210336.5626252799,110102.36130000022,999999.9999999999
2025-03-07T15:40:00.000+0000,1204902.77063928,110102.36130000022,999999.9999999999
2025-03-07T15:50:00.000+0000,1205641.766349376,110102.36130000022,999999.9999999999
2025-03-07T16:00:00.000+0000,1207206.698441344,110102.36130000022,999999.9999999999
2025-03-07T16:10:00.000+0000,1209380.215235744,110102.36130000022,999999.9999999999
2025-03-07T16:20:00.000+0000,1220073.917864192,110102.36130000022,999999.9999999999
2025-03-07T16:30:00.000+0000,1219769.6255129762,110102.36130000022,999999.9999999999
2025-03-07T16:40:00.000+0000,1218422.0451004484,110102.36130000022,999999.9999999999
2025-03-07T16:50:00.000+0000,1220986.7949178398,110102.36130000022,999999.9999999999
2025-03-07T17:00:00.000+0000,1217117.935023808,110102.36130000022,999999.9999999999
2025-03-07T17:10:00.000+0000,1221334.557604944,110102.36130000022,999999.9999999999
2025-03-07T17:20:00.000+0000,1217030.994352032,110102.36130000022,999999.9999999999
2025-03-07T17:30:00.000+0000,1213814.18949632,110102.36130000022,999999.9999999999
2025-03-07T17:40:00.000+0000,1204859.300303392,110102.36130000022,999999.9999999999
2025-03-07T17:50:00.000+0000,1204859.300303392,110102.36130000022,999999.9999999999
2025-03-07T18:00:00.000+0000,1203381.3088832,110102.36130000022,999999.9999999999
2025-03-07T18:10:00.000+0000,1200816.5590658078,110102.36130000022,999999.9999999999
2025-03-07T18:20:00.000+0000,1198556.101599632,110102.36130000022,999999.9999999999
2025-03-07T18:30:00.000+0000,1197773.635553648,110102.36130000022,999999.9999999999
2025-03-07T18:40:00.000+0000,1194469.89002616,110102.36130000022,999999.9999999999
2025-03-07T18:50:00.000+0000,1193339.661293072,110102.36130000022,999999.9999999999
2025-03-07T19:00:00.000+0000,1194991.534056816,110102.36130000022,999999.9999999999
2025-03-07T19:10:00.000+0000,1196817.288164112,110102.36130000022,999999.9999999999
2025-03-07T19:20:00.000+0000,1195078.474728592,110102.36130000022,999999.9999999999
2025-03-07T19:30:00.000+0000,1195121.94506448,110102.36130000022,999999.9999999999
2025-03-07T19:40:00.000+0000,1194991.534056816,110102.36130000022,999999.9999999999
2025-03-07T19:50:00.000+0000,1201903.317463008,110102.36130000022,999999.9999999999
2025-03-07T20:00:00.000+0000,1195208.885736256,110102.36130000022,999999.9999999999
2025-03-07T20:10:00.000+0000,1192948.4282700801,110102.36130000022,999999.9999999999
2025-03-07T20:20:00.000+0000,1200077.5633557122,110102.36130000022,999999.9999999999
2025-03-07T20:30:00.000+0000,1202164.1394783363,110102.36130000022,999999.9999999999
2025-03-07T20:40:00.000+0000,1205076.651982832,110102.36130000022,999999.9999999999
2025-03-07T20:50:00.000+0000,1199468.97865328,110102.36130000022,999999.9999999999
2025-03-07T21:00:00.000+0000,1205380.944334048,110102.36130000022,999999.9999999999
2025-03-07T21:10:00.000+0000,1217117.935023808,110102.36130000022,999999.9999999999
2025-03-07T21:20:00.000+0000,1203859.4825779682,110102.36130000022,999999.9999999999
2025-03-07T21:30:00.000+0000,1204381.1266086241,110102.36130000022,999999.9999999999
2025-03-07T21:40:00.000+0000,1202338.020821888,110102.36130000022,999999.9999999999
2025-03-07T21:50:00.000+0000,1201642.49544768,110102.36130000022,999999.9999999999
2025-03-07T22:00:00.000+0000,1207902.223815552,110102.36130000022,999999.9999999999
2025-03-07T22:10:00.000+0000,1211249.439678928,110102.36130000022,999999.9999999999
2025-03-07T22:20:00.000+0000,1208336.927174432,110102.36130000022,999999.9999999999
2025-03-07T22:30:00.000+0000,1205859.1180288163,110102.36130000022,999999.9999999999
2025-03-07T22:40:00.000+0000,1203772.5419061922,110102.36130000022,999999.9999999999
2025-03-07T22:50:00.000+0000,1207076.28743368,110102.36130000022,999999.9999999999
2025-03-07T23:00:00.000+0000,1218378.5747645602,110102.36130000022,999999.9999999999
2025-03-07T23:10:00.000+0000,1226116.294552624,110102.36130000022,999999.9999999999
2025-03-07T23:20:00.000+0000,1227898.5783240322,110102.36130000022,999999.9999999999
2025-03-07T23:30:00.000+0000,1226159.7648885122,110102.36130000022,999999.9999999999
2025-03-07T23:40:00.000+0000,1232549.904264048,110102.36130000022,999999.9999999999
2025-03-07T23:50:00.000+0000,1229854.7434389922,110102.36130000022,999999.9999999999
2025-03-08T00:00:00.000+0000,1229202.688400672,110102.36130000022,999999.9999999999
2025-03-08T00:10:00.000+0000,1222160.4939868161,110102.36130000022,999999.9999999999
2025-03-08T00:20:00.000+0000,1216074.646962496,110102.36130000022,999999.9999999999
2025-03-08T00:30:00.000+0000,1209293.2745639682,110102.36130000022,999999.9999999999
2025-03-08T00:40:00.000+0000,1204468.0672803998,110102.36130000022,999999.9999999999
2025-03-08T00:50:00.000+0000,1199425.508317392,110102.36130000022,999999.9999999999
2025-03-08T01:00:00.000+0000,1197208.521187104,110102.36130000022,999999.9999999999
2025-03-08T01:10:00.000+0000,1201251.2624246879,110102.36130000022,999999.9999999999
2025-03-08T01:20:00.000+0000,1209554.096579296,110102.36130000022,999999.9999999999
2025-03-08T01:30:00.000+0000,1214944.4182294079,110102.36130000022,999999.9999999999
2025-03-08T01:40:00.000+0000,1215553.00293184,110102.36130000022,999999.9999999999
2025-03-08T01:50:00.000+0000,1215509.532595952,110102.36130000022,999999.9999999999
2025-03-08T02:00:00.000+0000,1217552.638382688,110102.36130000022,999999.9999999999
2025-03-08T02:10:00.000+0000,1215335.6512524001,110102.36130000022,999999.9999999999
2025-03-08T02:20:00.000+0000,1210119.2109458402,110102.36130000022,999999.9999999999
2025-03-08T02:30:00.000+0000,1215292.180916512,110102.36130000022,999999.9999999999
2025-03-08T02:40:00.000+0000,1213988.070839872,110102.36130000022,999999.9999999999
2025-03-08T02:50:00.000+0000,1215031.3589011843,110102.36130000022,999999.9999999999
2025-03-08T03:00:00.000+0000,1214814.007221744,110102.36130000022,999999.9999999999
2025-03-08T03:10:00.000+0000,1217856.930733904,110102.36130000022,999999.9999999999
2025-03-08T03:20:00.000+0000,1217074.46468792,110102.36130000022,999999.9999999999
2025-03-08T03:30:00.000+0000,1217204.875695584,110102.36130000022,999999.9999999999
2025-03-08T03:40:00.000+0000,1215770.35461128,110102.36130000022,999999.9999999999
2025-03-08T03:50:00.000+0000,1215248.710580624,110102.36130000022,999999.9999999999
2025-03-08T04:00:00.000+0000,1216857.11300848,110102.36130000022,999999.9999999999
2025-03-08T04:10:00.000+0000,1214118.481847536,110102.36130000022,999999.9999999999
2025-03-08T04:20:00.000+0000,1204555.007952176,110102.36130000022,999999.9999999999
2025-03-08T04:30:00.000+0000,1204685.4189598402,110102.36130000022,999999.9999999999
2025-03-08T04:40:00.000+0000,1206598.1137389122,110102.36130000022,999999.9999999999
2025-03-08T04:50:00.000+0000,1206989.346761904,110102.36130000022,999999.9999999999
2025-03-08T05:00:00.000+0000,1208380.3975103202,110102.36130000022,999999.9999999999
2025-03-08T05:10:00.000+0000,1209641.0372510722,110102.36130000022,999999.9999999999
2025-03-08T05:20:00.000+0000,1207467.520456672,110102.36130000022,999999.9999999999
2025-03-08T05:30:00.000+0000,1208988.982212752,110102.36130000022,999999.9999999999
2025-03-08T05:40:00.000+0000,1210423.503297056,110102.36130000022,999999.9999999999
2025-03-08T05:50:00.000+0000,1210032.2702740643,110102.36130000022,999999.9999999999
2025-03-08T06:00:00.000+0000,1210597.3846406082,110102.36130000022,999999.9999999999
2025-03-08T06:10:00.000+0000,1208076.1051591043,110102.36130000022,999999.9999999999
2025-03-08T06:20:00.000+0000,1204772.359631616,110102.36130000022,999999.9999999999
2025-03-08T06:30:00.000+0000,1200121.0336916002,110102.36130000022,999999.9999999999
2025-03-08T06:40:00.000+0000,1201381.6734323523,110102.36130000022,999999.9999999999
2025-03-08T06:50:00.000+0000,1198947.334622624,110102.36130000022,999999.9999999999
2025-03-08T07:00:00.000+0000,1195730.5297669119,110102.36130000022,999999.9999999999
2025-03-08T07:10:00.000+0000,1194426.419690272,110102.36130000022,999999.9999999999
2025-03-08T07:20:00.000+0000,1196426.05514112,110102.36130000022,999999.9999999999
2025-03-08T07:30:00.000+0000,1198990.804958512,110102.36130000022,999999.9999999999
2025-03-08T07:40:00.000+0000,1193557.012972512,110102.36130000022,999999.9999999999
2025-03-08T07:50:00.000+0000,1191948.6105446562,110102.36130000022,999999.9999999999
2025-03-08T08:00:00.000+0000,1192426.784239424,110102.36130000022,999999.9999999999
2025-03-08T08:10:00.000+0000,1196252.173797568,110102.36130000022,999999.9999999999
2025-03-08T08:20:00.000+0000,1197295.4618588798,110102.36130000022,999999.9999999999
2025-03-08T08:30:00.000+0000,1196686.877156448,110102.36130000022,999999.9999999999
2025-03-08T08:40:00.000+0000,1197904.0465613122,110102.36130000022,999999.9999999999
2025-03-08T08:50:00.000+0000,1198077.927904864,110102.36130000022,999999.9999999999
2025-03-08T09:00:00.000+0000,1196860.7585,110102.36130000022,999999.9999999999
2025-03-08T09:10:00.000+0000,1199295.097309728,110102.36130000022,999999.9999999999
2025-03-08T09:20:00.000+0000,1198425.690591968,110102.36130000022,999999.9999999999
2025-03-08T09:30:00.000+0000,1201338.203096464,110102.36130000022,999999.9999999999
2025-03-08T09:40:00.000+0000,1202294.550486,110102.36130000022,999999.9999999999
2025-03-08T09:50:00.000+0000,1204772.359631616,110102.36130000022,999999.9999999999
2025-03-08T10:00:00.000+0000,1202251.0801501118,110102.36130000022,999999.9999999999
2025-03-08T10:10:00.000+0000,1200990.44040936,110102.36130000022,999999.9999999999
2025-03-08T10:20:00.000+0000,1192904.9579341921,110102.36130000022,999999.9999999999
2025-03-08T10:30:00.000+0000,1192470.2545753121,110102.36130000022,999999.9999999999
2025-03-08T10:40:00.000+0000,1193165.77994952,110102.36130000022,999999.9999999999
2025-03-08T10:50:00.000+0000,1193252.7206212962,110102.36130000022,999999.9999999999
2025-03-08T11:00:00.000+0000,1193296.1909571842,110102.36130000022,999999.9999999999
2025-03-08T11:10:00.000+0000,1197990.9872330881,110102.36130000022,999999.9999999999
2025-03-08T11:20:00.000+0000,1199816.7413403841,110102.36130000022,999999.9999999999
2025-03-08T11:30:00.000+0000,1199251.62697384,110102.36130000022,999999.9999999999
2025-03-08T11:40:00.000+0000,1205989.5290364802,110102.36130000022,999999.9999999999
2025-03-08T11:50:00.000+0000,1210249.6219535042,110102.36130000022,999999.9999999999
2025-03-08T12:00:00.000+0000,1206728.524746576,110102.36130000022,999999.9999999999
2025-03-08T12:10:00.000+0000,1213596.83781688,110102.36130000022,999999.9999999999
2025-03-08T12:20:00.000+0000,1210336.5626252799,110102.36130000022,999999.9999999999
2025-03-08T12:30:00.000+0000,1206467.7027312482,110102.36130000022,999999.9999999999
2025-03-08T12:40:00.000+0000,1204772.359631616,110102.36130000022,999999.9999999999
2025-03-08T12:50:00.000+0000,1203381.3088832,110102.36130000022,999999.9999999999
2025-03-08T13:00:00.000+0000,1201164.3217529121,110102.36130000022,999999.9999999999
2025-03-08T13:10:00.000+0000,1204076.834257408,110102.36130000022,999999.9999999999
2025-03-08T13:20:00.000+0000,1198599.57193552,110102.36130000022,999999.9999999999
2025-03-08T13:30:00.000+0000,1196339.114469344,110102.36130000022,999999.9999999999
2025-03-08T13:40:00.000+0000,1196295.6441334563,110102.36130000022,999999.9999999999
2025-03-08T13:50:00.000+0000,1195078.474728592,110102.36130000022,999999.9999999999
2025-03-08T14:00:00.000+0000,1194904.59338504,110102.36130000022,999999.9999999999
2025-03-08T14:10:00.000+0000,1196686.877156448,110102.36130000022,999999.9999999999
2025-03-08T14:20:00.000+0000,1199947.1523480483,110102.36130000022,999999.9999999999
2025-03-08T14:30:00.000+0000,1194339.4790184961,110102.36130000022,999999.9999999999
2025-03-08T14:40:00.000+0000,1191209.61483456,110102.36130000022,999999.9999999999
2025-03-08T14:50:00.000+0000,1198990.804958512,110102.36130000022,999999.9999999999
2025-03-08T15:00:00.000+0000,1200468.796378704,110102.36130000022,999999.9999999999
2025-03-08T15:10:00.000+0000,1202642.313173104,110102.36130000022,999999.9999999999
2025-03-08T15:20:00.000+0000,1200599.2073863682,110102.36130000022,999999.9999999999
2025-03-08T15:30:00.000+0000,1195991.3517822402,110102.36130000022,999999.9999999999
2025-03-08T15:40:00.000+0000,1190253.2674450243,110102.36130000022,999999.9999999999
2025-03-08T15:50:00.000+0000,1190383.678452688,110102.36130000022,999999.9999999999
2025-03-08T16:00:00.000+0000,1193817.83498784,110102.36130000022,999999.9999999999
2025-03-08T16:10:00.000+0000,1199425.508317392,110102.36130000022,999999.9999999999
2025-03-08T16:20:00.000+0000,1202990.0758602081,110102.36130000022,999999.9999999999
2025-03-08T16:30:00.000+0000,1204294.185936848,110102.36130000022,999999.9999999999
2025-03-08T16:40:00.000+0000,1205511.3553417122,110102.36130000022,999999.9999999999
2025-03-08T16:50:00.000+0000,1198990.804958512,110102.36130000022,999999.9999999999
2025-03-08T17:00:00.000+0000,1201381.6734323523,110102.36130000022,999999.9999999999
2025-03-08T17:10:00.000+0000,1203555.190226752,110102.36130000022,999999.9999999999
2025-03-08T17:20:00.000+0000,1201207.7920887999,110102.36130000022,999999.9999999999
2025-03-08T17:30:00.000+0000,1199338.5676456161,110102.36130000022,999999.9999999999
2025-03-08T17:40:00.000+0000,1200251.444699264,110102.36130000022,999999.9999999999
2025-03-08T17:50:00.000+0000,1201294.732760576,110102.36130000022,999999.9999999999
2025-03-08T18:00:00.000+0000,1206119.9400441442,110102.36130000022,999999.9999999999
2025-03-08T18:10:00.000+0000,1207293.63911312,110102.36130000022,999999.9999999999
2025-03-08T18:20:00.000+0000,1210162.681281728,110102.36130000022,999999.9999999999
2025-03-08T18:30:00.000+0000,1211423.3210224803,110102.36130000022,999999.9999999999
2025-03-08T18:40:00.000+0000,1212510.0794196802,110102.36130000022,999999.9999999999
2025-03-08T18:50:00.000+0000,1213422.956473328,110102.36130000022,999999.9999999999
2025-03-08T19:00:00.000+0000,1211901.4947172482,110102.36130000022,999999.9999999999
2025-03-08T19:10:00.000+0000,1210945.1473277123,110102.36130000022,999999.9999999999
2025-03-08T19:20:00.000+0000,1206641.5840748001,110102.36130000022,999999.9999999999
2025-03-08T19:30:00.000+0000,1204989.711311056,110102.36130000022,999999.9999999999
2025-03-08T19:40:00.000+0000,1207119.7577695681,110102.36130000022,999999.9999999999
2025-03-08T19:50:00.000+0000,1201729.436119456,110102.36130000022,999999.9999999999
2025-03-08T20:00:00.000+0000,1202424.9614936642,110102.36130000022,999999.9999999999
2025-03-08T20:10:00.000+0000,1202120.669142448,110102.36130000022,999999.9999999999
2025-03-08T20:20:00.000+0000,1202511.9021654401,110102.36130000022,999999.9999999999
2025-03-08T20:30:00.000+0000,1203685.601234416,110102.36130000022,999999.9999999999
2025-03-08T20:40:00.000+0000,1205076.651982832,110102.36130000022,999999.9999999999
2025-03-08T20:50:00.000+0000,1206771.995082464,110102.36130000022,999999.9999999999
2025-03-08T21:00:00.000+0000,1206163.4103800321,110102.36130000022,999999.9999999999
2025-03-08T21:10:00.000+0000,1204424.596944512,110102.36130000022,999999.9999999999
2025-03-08T21:20:00.000+0000,1201599.025111792,110102.36130000022,999999.9999999999
2025-03-08T21:30:00.000+0000,1204294.185936848,110102.36130000022,999999.9999999999
2025-03-08T21:40:00.000+0000,1206467.7027312482,110102.36130000022,999999.9999999999
2025-03-08T21:50:00.000+0000,1208684.6898615363,110102.36130000022,999999.9999999999
2025-03-08T22:00:00.000+0000,1216770.172336704,110102.36130000022,999999.9999999999
2025-03-08T22:10:00.000+0000,1223247.252384016,110102.36130000022,999999.9999999999
2025-03-08T22:20:00.000+0000,1224377.4811171042,110102.36130000022,999999.9999999999
2025-03-08T22:30:00.000+0000,1223421.133727568,110102.36130000022,999999.9999999999
2025-03-08T22:40:00.000+0000,1223681.9557428958,110102.36130000022,999999.9999999999
2025-03-08T22:50:00.000+0000,1224377.4811171042,110102.36130000022,999999.9999999999
2025-03-08T23:00:00.000+0000,1221204.1465972802,110102.36130000022,999999.9999999999
2025-03-08T23:10:00.000+0000,1222290.90499448,110102.36130000022,999999.9999999999
2025-03-08T23:20:00.000+0000,1225812.002201408,110102.36130000022,999999.9999999999
2025-03-08T23:30:00.000+0000,1225551.18018608,110102.36130000022,999999.9999999999
2025-03-08T23:40:00.000+0000,1226985.701270384,110102.36130000022,999999.9999999999
2025-03-08T23:50:00.000+0000,1229420.0400801122,110102.36130000022,999999.9999999999
2025-03-09T00:00:00.000+0000,1228072.4596675842,110102.36130000022,999999.9999999999
2025-03-09T00:10:00.000+0000,1225725.061529632,110102.36130000022,999999.9999999999
2025-03-09T00:20:00.000+0000,1222421.316002144,110102.36130000022,999999.9999999999
2025-03-09T00:30:00.000+0000,1221073.735589616,110102.36130000022,999999.9999999999
2025-03-09T00:40:00.000+0000,1222030.0829791522,110102.36130000022,999999.9999999999
2025-03-09T00:50:00.000+0000,1218552.4561081121,110102.36130000022,999999.9999999999
2025-03-09T01:00:00.000+0000,1216031.1766266082,110102.36130000022,999999.9999999999
2025-03-09T01:10:00.000+0000,1214596.6555423043,110102.36130000022,999999.9999999999
2025-03-09T01:20:00.000+0000,1215596.473267728,110102.36130000022,999999.9999999999
2025-03-09T01:30:00.000+0000,1216118.1172983842,110102.36130000022,999999.9999999999
2025-03-09T01:40:00.000+0000,1218074.2824133441,110102.36130000022,999999.9999999999
2025-03-09T01:50:00.000+0000,1219986.977192416,110102.36130000022,999999.9999999999
2025-03-09T02:00:00.000+0000,1216161.5876342722,110102.36130000022,999999.9999999999
2025-03-09T02:10:00.000+0000,1219508.803497648,110102.36130000022,999999.9999999999
2025-03-09T02:20:00.000+0000,1217335.2867032478,110102.36130000022,999999.9999999999
2025-03-09T02:30:00.000+0000,1216509.350321376,110102.36130000022,999999.9999999999
2025-03-09T02:40:00.000+0000,1219639.2145053123,110102.36130000022,999999.9999999999
2025-03-09T02:50:00.000+0000,1219639.2145053123,110102.36130000022,999999.9999999999
2025-03-09T03:00:00.000+0000,1221073.735589616,110102.36130000022,999999.9999999999
2025-03-09T03:10:00.000+0000,1220943.324581952,110102.36130000022,999999.9999999999
2025-03-09T03:20:00.000+0000,1220030.4475283038,110102.36130000022,999999.9999999999
2025-03-09T03:30:00.000+0000,1216987.5240161442,110102.36130000022,999999.9999999999
2025-03-09T03:40:00.000+0000,1214509.714870528,110102.36130000022,999999.9999999999
2025-03-09T03:50:00.000+0000,1214031.54117576,110102.36130000022,999999.9999999999
2025-03-09T04:00:00.000+0000,1214205.422519312,110102.36130000022,999999.9999999999
2025-03-09T04:10:00.000+0000,1214596.6555423043,110102.36130000022,999999.9999999999
2025-03-09T04:20:00.000+0000,1216596.2909931522,110102.36130000022,999999.9999999999
2025-03-09T04:30:00.000+0000,1211771.0837095839,110102.36130000022,999999.9999999999
2025-03-09T04:40:00.000+0000,1210858.206655936,110102.36130000022,999999.9999999999
2025-03-09T04:50:00.000+0000,1210423.503297056,110102.36130000022,999999.9999999999
2025-03-09T05:00:00.000+0000,1211640.6727019201,110102.36130000022,999999.9999999999
2025-03-09T05:10:00.000+0000,1213075.1937862241,110102.36130000022,999999.9999999999
2025-03-09T05:20:00.000+0000,1213596.83781688,110102.36130000022,999999.9999999999
2025-03-09T05:30:00.000+0000,1211336.380350704,110102.36130000022,999999.9999999999
2025-03-09T05:40:00.000+0000,1217248.346031472,110102.36130000022,999999.9999999999
2025-03-09T05:50:00.000+0000,1220160.8585359682,110102.36130000022,999999.9999999999
2025-03-09T06:00:00.000+0000,1220204.3288718562,110102.36130000022,999999.9999999999
2025-03-09T06:10:00.000+0000,1222160.4939868161,110102.36130000022,999999.9999999999
2025-03-09T06:20:00.000+0000,1221247.6169331681,110102.36130000022,999999.9999999999
2025-03-09T06:30:00.000+0000,1220030.4475283038,110102.36130000022,999999.9999999999
2025-03-09T06:40:00.000+0000,1218030.812077456,110102.36130000022,999999.9999999999
2025-03-09T06:50:00.000+0000,1219161.040810544,110102.36130000022,999999.9999999999
2025-03-09T07:00:00.000+0000,1220291.2695436322,110102.36130000022,999999.9999999999
2025-03-09T07:10:00.000+0000,1217552.638382688,110102.36130000022,999999.9999999999
2025-03-09T07:20:00.000+0000,1219334.9221540962,110102.36130000022,999999.9999999999
2025-03-09T07:30:00.000+0000,1219291.451818208,110102.36130000022,999999.9999999999
2025-03-09T07:40:00.000+0000,1222377.845666256,110102.36130000022,999999.9999999999
2025-03-09T07:50:00.000+0000,1223464.604063456,110102.36130000022,999999.9999999999
2025-03-09T08:00:00.000+0000,1223421.133727568,110102.36130000022,999999.9999999999
2025-03-09T08:10:00.000+0000,1226594.468247392,110102.36130000022,999999.9999999999
2025-03-09T08:20:00.000+0000,1228028.9893316962,110102.36130000022,999999.9999999999
2025-03-09T08:30:00.000+0000,1227594.2859728162,110102.36130000022,999999.9999999999
2025-03-09T08:40:00.000+0000,1229637.391759552,110102.36130000022,999999.9999999999
2025-03-09T08:50:00.000+0000,1228898.396049456,110102.36130000022,999999.9999999999
2025-03-09T09:00:00.000+0000,1230680.679820864,110102.36130000022,999999.9999999999
2025-03-09T09:10:00.000+0000,1228463.6926905762,110102.36130000022,999999.9999999999
2025-03-09T09:20:00.000+0000,1225507.709850192,110102.36130000022,999999.9999999999
2025-03-09T09:30:00.000+0000,1225116.4768272,110102.36130000022,999999.9999999999
2025-03-09T09:40:00.000+0000,1226898.760598608,110102.36130000022,999999.9999999999
2025-03-09T09:50:00.000+0000,1227203.052949824,110102.36130000022,999999.9999999999
2025-03-09T10:00:00.000+0000,1223334.193055792,110102.36130000022,999999.9999999999
2025-03-09T10:10:00.000+0000,1226898.760598608,110102.36130000022,999999.9999999999
2025-03-09T10:20:00.000+0000,1229985.1544466561,110102.36130000022,999999.9999999999
2025-03-09T10:30:00.000+0000,1232854.196615264,110102.36130000022,999999.9999999999
2025-03-09T10:40:00.000+0000,1234766.891394336,110102.36130000022,999999.9999999999
2025-03-09T10:50:00.000+0000,1235375.4760967682,110102.36130000022,999999.9999999999
2025-03-09T11:00:00.000+0000,1235114.6540814403,110102.36130000022,999999.9999999999
2025-03-09T11:10:00.000+0000,1235288.5354249922,110102.36130000022,999999.9999999999
2025-03-09T11:20:00.000+0000,1237766.344570608,110102.36130000022,999999.9999999999
2025-03-09T11:30:00.000+0000,1241591.7341287523,110102.36130000022,999999.9999999999
2025-03-09T11:40:00.000+0000,1239722.5096855683,110102.36130000022,999999.9999999999
2025-03-09T11:50:00.000+0000,1238374.9292730398,110102.36130000022,999999.9999999999
2025-03-09T12:00:00.000+0000,1237983.6962500482,110102.36130000022,999999.9999999999
2025-03-09T12:10:00.000+0000,1240896.208754544,110102.36130000022,999999.9999999999
2025-03-09T12:20:00.000+0000,1238809.63263192,110102.36130000022,999999.9999999999
2025-03-09T12:30:00.000+0000,1243200.1365566081,110102.36130000022,999999.9999999999
2025-03-09T12:40:00.000+0000,1243460.958571936,110102.36130000022,999999.9999999999
2025-03-09T12:50:00.000+0000,1244330.3652896963,110102.36130000022,999999.9999999999
2025-03-09T13:00:00.000+0000,1243982.602602592,110102.36130000022,999999.9999999999
2025-03-09T13:10:00.000+0000,1243982.602602592,110102.36130000022,999999.9999999999
2025-03-09T13:20:00.000+0000,1244026.0729384802,110102.36130000022,999999.9999999999
2025-03-09T13:30:00.000+0000,1244243.4246179198,110102.36130000022,999999.9999999999
2025-03-09T13:40:00.000+0000,1248155.7548478402,110102.36130000022,999999.9999999999
2025-03-09T13:50:00.000+0000,1253546.0764979522,110102.36130000022,999999.9999999999
2025-03-09T14:00:00.000+0000,1251894.2037342081,110102.36130000022,999999.9999999999
2025-03-09T14:10:00.000+0000,1245417.1236868962,110102.36130000022,999999.9999999999
2025-03-09T14:20:00.000+0000,1241548.263792864,110102.36130000022,999999.9999999999
2025-03-09T14:30:00.000+0000,1229376.5697442242,110102.36130000022,999999.9999999999
2025-03-09T14:40:00.000+0000,1231810.9085539521,110102.36130000022,999999.9999999999
2025-03-09T14:50:00.000+0000,1234027.8956842402,110102.36130000022,999999.9999999999
2025-03-09T15:00:00.000+0000,1231767.4382180641,110102.36130000022,999999.9999999999
2025-03-09T15:10:00.000+0000,1226203.2352244002,110102.36130000022,999999.9999999999
2025-03-09T15:20:00.000+0000,1228594.1036982401,110102.36130000022,999999.9999999999
2025-03-09T15:30:00.000+0000,1229463.510416,110102.36130000022,999999.9999999999
2025-03-09T15:40:00.000+0000,1234766.891394336,110102.36130000022,999999.9999999999
2025-03-09T15:50:00.000+0000,1234027.8956842402,110102.36130000022,999999.9999999999
2025-03-09T16:00:00.000+0000,1240244.153716224,110102.36130000022,999999.9999999999
2025-03-09T16:10:00.000+0000,1232289.08224872,110102.36130000022,999999.9999999999
2025-03-09T16:20:00.000+0000,1234853.832066112,110102.36130000022,999999.9999999999
2025-03-09T16:30:00.000+0000,1235984.0607992,110102.36130000022,999999.9999999999
2025-03-09T16:40:00.000+0000,1244243.4246179198,110102.36130000022,999999.9999999999
2025-03-09T16:50:00.000+0000,1247634.110817184,110102.36130000022,999999.9999999999
2025-03-09T17:00:00.000+0000,1246677.763427648,110102.36130000022,999999.9999999999
2025-03-09T17:10:00.000+0000,1246112.649061104,110102.36130000022,999999.9999999999
2025-03-09T17:20:00.000+0000,1247938.4031684,110102.36130000022,999999.9999999999
2025-03-09T17:30:00.000+0000,1247547.170145408,110102.36130000022,999999.9999999999
2025-03-09T17:40:00.000+0000,1249329.4539168158,110102.36130000022,999999.9999999999
2025-03-09T17:50:00.000+0000,1254458.9535516,110102.36130000022,999999.9999999999
2025-03-09T18:00:00.000+0000,1249981.5089551362,110102.36130000022,999999.9999999999
2025-03-09T18:10:00.000+0000,1245330.18301512,110102.36130000022,999999.9999999999
2025-03-09T18:20:00.000+0000,1252980.962131408,110102.36130000022,999999.9999999999
2025-03-09T18:30:00.000+0000,1250720.5046652318,110102.36130000022,999999.9999999999
2025-03-09T18:40:00.000+0000,1248329.6361913919,110102.36130000022,999999.9999999999
2025-03-09T18:50:00.000+0000,1246851.6447712001,110102.36130000022,999999.9999999999
2025-03-09T19:00:00.000+0000,1247112.466786528,110102.36130000022,999999.9999999999
2025-03-09T19:10:00.000+0000,1246416.94141232,110102.36130000022,999999.9999999999
2025-03-09T19:20:00.000+0000,1246156.119396992,110102.36130000022,999999.9999999999
2025-03-09T19:30:00.000+0000,1236114.471806864,110102.36130000022,999999.9999999999
2025-03-09T19:40:00.000+0000,1236331.8234863041,110102.36130000022,999999.9999999999
2025-03-09T19:50:00.000+0000,1233288.899974144,110102.36130000022,999999.9999999999
2025-03-09T20:00:00.000+0000,1233332.370310032,110102.36130000022,999999.9999999999
2025-03-09T20:10:00.000+0000,1229724.3324313278,110102.36130000022,999999.9999999999
2025-03-09T20:20:00.000+0000,1229202.688400672,110102.36130000022,999999.9999999999
2025-03-09T20:30:00.000+0000,1227203.052949824,110102.36130000022,999999.9999999999
2025-03-09T20:40:00.000+0000,1230593.739149088,110102.36130000022,999999.9999999999
2025-03-09T20:50:00.000+0000,1232506.4339281602,110102.36130000022,999999.9999999999
2025-03-09T21:00:00.000+0000,1233158.4889664801,110102.36130000022,999999.9999999999
2025-03-09T21:10:00.000+0000,1237853.2852423838,110102.36130000022,999999.9999999999
2025-03-09T21:20:00.000+0000,1245808.356709888,110102.36130000022,999999.9999999999
2025-03-09T21:30:00.000+0000,1248460.047199056,110102.36130000022,999999.9999999999
2025-03-09T21:40:00.000+0000,1247677.5811530722,110102.36130000022,999999.9999999999
2025-03-09T21:50:00.000+0000,1249764.157275696,110102.36130000022,999999.9999999999
2025-03-09T22:00:00.000+0000,1250198.8606345763,110102.36130000022,999999.9999999999
2025-03-09T22:10:00.000+0000,1251633.3817188803,110102.36130000022,999999.9999999999
2025-03-09T22:20:00.000+0000,1248460.047199056,110102.36130000022,999999.9999999999
2025-03-09T22:30:00.000+0000,1260936.033598912,110102.36130000022,999999.9999999999
2025-03-09T22:40:00.000+0000,1255502.241612912,110102.36130000022,999999.9999999999
2025-03-09T22:50:00.000+0000,1260370.919232368,110102.36130000022,999999.9999999999
2025-03-09T23:00:00.000+0000,1264065.8977828478,110102.36130000022,999999.9999999999
2025-03-09T23:10:00.000+0000,1257545.347399648,110102.36130000022,999999.9999999999
2025-03-09T23:20:00.000+0000,1258414.754117408,110102.36130000022,999999.9999999999
2025-03-09T23:30:00.000+0000,1256328.177994784,110102.36130000022,999999.9999999999
2025-03-09T23:40:00.000+0000,1257110.6440407683,110102.36130000022,999999.9999999999
2025-03-09T23:50:00.000+0000,1257936.5804226398,110102.36130000022,999999.9999999999
2025-03-10T00:00:00.000+0000,1253067.902803184,110102.36130000022,999999.9999999999
2025-03-10T00:10:00.000+0000,1256371.6483306722,110102.36130000022,999999.9999999999
2025-03-10T00:20:00.000+0000,1262544.436026768,110102.36130000022,999999.9999999999
2025-03-10T00:30:00.000+0000,1266022.062897808,110102.36130000022,999999.9999999999
2025-03-10T00:40:00.000+0000,1253154.84347496,110102.36130000022,999999.9999999999
2025-03-10T00:50:00.000+0000,1249459.8649244802,110102.36130000022,999999.9999999999
2025-03-10T01:00:00.000+0000,1238766.162296032,110102.36130000022,999999.9999999999
2025-03-10T01:10:00.000+0000,1245373.653351008,110102.36130000022,999999.9999999999
2025-03-10T01:20:00.000+0000,1243591.3695796,110102.36130000022,999999.9999999999
2025-03-10T01:30:00.000+0000,1241852.5561440801,110102.36130000022,999999.9999999999
2025-03-10T01:40:00.000+0000,1235897.1201274241,110102.36130000022,999999.9999999999
2025-03-10T01:50:00.000+0000,1236244.882814528,110102.36130000022,999999.9999999999
2025-03-10T02:00:00.000+0000,1236723.056509296,110102.36130000022,999999.9999999999
2025-03-10T02:10:00.000+0000,1231984.789897504,110102.36130000022,999999.9999999999
2025-03-10T02:20:00.000+0000,1232419.4932563838,110102.36130000022,999999.9999999999
2025-03-10T02:30:00.000+0000,1234419.1287072322,110102.36130000022,999999.9999999999
2025-03-10T02:40:00.000+0000,1236288.3531504162,110102.36130000022,999999.9999999999
2025-03-10T02:50:00.000+0000,1240678.8570751043,110102.36130000022,999999.9999999999
2025-03-10T03:00:00.000+0000,1241287.4417775362,110102.36130000022,999999.9999999999
2025-03-10T03:10:00.000+0000,1244113.0136102561,110102.36130000022,999999.9999999999
2025-03-10T03:20:00.000+0000,1244243.4246179198,110102.36130000022,999999.9999999999
2025-03-10T03:30:00.000+0000,1240548.4460674399,110102.36130000022,999999.9999999999
2025-03-10T03:40:00.000+0000,1237766.344570608,110102.36130000022,999999.9999999999
2025-03-10T03:50:00.000+0000,1237505.5225552802,110102.36130000022,999999.9999999999
2025-03-10T04:00:00.000+0000,1236462.2344939678,110102.36130000022,999999.9999999999
2025-03-10T04:10:00.000+0000,1234636.480386672,110102.36130000022,999999.9999999999
2025-03-10T04:20:00.000+0000,1232115.200905168,110102.36130000022,999999.9999999999
2025-03-10T04:30:00.000+0000,1232028.260233392,110102.36130000022,999999.9999999999
2025-03-10T04:40:00.000+0000,1235984.0607992,110102.36130000022,999999.9999999999
2025-03-10T04:50:00.000+0000,1235332.00576088,110102.36130000022,999999.9999999999
2025-03-10T05:00:00.000+0000,1233636.6626612481,110102.36130000022,999999.9999999999
2025-03-10T05:10:00.000+0000,1236723.056509296,110102.36130000022,999999.9999999999
2025-03-10T05:20:00.000+0000,1238853.102967808,110102.36130000022,999999.9999999999
2025-03-10T05:30:00.000+0000,1244460.77629736,110102.36130000022,999999.9999999999
2025-03-10T05:40:00.000+0000,1248460.047199056,110102.36130000022,999999.9999999999
2025-03-10T05:50:00.000+0000,1248851.2802220483,110102.36130000022,999999.9999999999
2025-03-10T06:00:00.000+0000,1249025.1615656,110102.36130000022,999999.9999999999
2025-03-10T06:10:00.000+0000,1256154.296651232,110102.36130000022,999999.9999999999
2025-03-10T06:20:00.000+0000,1256893.2923613281,110102.36130000022,999999.9999999999
2025-03-10T06:30:00.000+0000,1260849.0929271362,110102.36130000022,999999.9999999999
2025-03-10T06:40:00.000+0000,1255545.7119488001,110102.36130000022,999999.9999999999
2025-03-10T06:50:00.000+0000,1254415.483215712,110102.36130000022,999999.9999999999
2025-03-10T07:00:00.000+0000,1251894.2037342081,110102.36130000022,999999.9999999999
2025-03-10T07:10:00.000+0000,1249025.1615656,110102.36130000022,999999.9999999999
2025-03-10T07:20:00.000+0000,1248373.10652728,110102.36130000022,999999.9999999999
2025-03-10T07:30:00.000+0000,1250198.8606345763,110102.36130000022,999999.9999999999
2025-03-10T07:40:00.000+0000,1250242.330970464,110102.36130000022,999999.9999999999
2025-03-10T07:50:00.000+0000,1249199.042909152,110102.36130000022,999999.9999999999
2025-03-10T08:00:00.000+0000,1249025.1615656,110102.36130000022,999999.9999999999
2025-03-10T08:10:00.000+0000,1253633.0171697282,110102.36130000022,999999.9999999999
2025-03-10T08:20:00.000+0000,1258327.813445632,110102.36130000022,999999.9999999999
2025-03-10T08:30:00.000+0000,1262935.66904976,110102.36130000022,999999.9999999999
2025-03-10T08:40:00.000+0000,1263283.431736864,110102.36130000022,999999.9999999999
2025-03-10T08:50:00.000+0000,1260936.033598912,110102.36130000022,999999.9999999999
2025-03-10T09:00:00.000+0000,1255328.3602693602,110102.36130000022,999999.9999999999
2025-03-10T09:10:00.000+0000,1243765.250923152,110102.36130000022,999999.9999999999
2025-03-10T09:20:00.000+0000,1239592.098677904,110102.36130000022,999999.9999999999
2025-03-10T09:30:00.000+0000,1240244.153716224,110102.36130000022,999999.9999999999
2025-03-10T09:40:00.000+0000,1241374.382449312,110102.36130000022,999999.9999999999
2025-03-10T09:50:00.000+0000,1242721.9628618401,110102.36130000022,999999.9999999999
2025-03-10T10:00:00.000+0000,1244243.4246179198,110102.36130000022,999999.9999999999
2025-03-10T10:10:00.000+0000,1243982.602602592,110102.36130000022,999999.9999999999
2025-03-10T10:20:00.000+0000,1245982.2380534399,110102.36130000022,999999.9999999999
2025-03-10T10:30:00.000+0000,1252459.318100752,110102.36130000022,999999.9999999999
2025-03-10T10:40:00.000+0000,1249894.5682833602,110102.36130000022,999999.9999999999
2025-03-10T10:50:00.000+0000,1245982.2380534399,110102.36130000022,999999.9999999999
2025-03-10T11:00:00.000+0000,1245504.0643586721,110102.36130000022,999999.9999999999
2025-03-10T11:10:00.000+0000,1245373.653351008,110102.36130000022,999999.9999999999
2025-03-10T11:20:00.000+0000,1237201.230204064,110102.36130000022,999999.9999999999
2025-03-10T11:30:00.000+0000,1231376.205195072,110102.36130000022,999999.9999999999
2025-03-10T11:40:00.000+0000,1229115.747728896,110102.36130000022,999999.9999999999
2025-03-10T11:50:00.000+0000,1228333.281682912,110102.36130000022,999999.9999999999
2025-03-10T12:00:00.000+0000,1221551.9092843842,110102.36130000022,999999.9999999999
2025-03-10T12:10:00.000+0000,1227681.226644592,110102.36130000022,999999.9999999999
2025-03-10T12:20:00.000+0000,1228985.3367212322,110102.36130000022,999999.9999999999
2025-03-10T12:30:00.000+0000,1233158.4889664801,110102.36130000022,999999.9999999999
2025-03-10T12:40:00.000+0000,1229811.2731031042,110102.36130000022,999999.9999999999
2025-03-10T12:50:00.000+0000,1230332.9171337602,110102.36130000022,999999.9999999999
2025-03-10T13:00:00.000+0000,1230159.0357902083,110102.36130000022,999999.9999999999
2025-03-10T13:10:00.000+0000,1235114.6540814403,110102.36130000022,999999.9999999999
2025-03-10T13:20:00.000+0000,1239592.098677904,110102.36130000022,999999.9999999999
2025-03-10T13:30:00.000+0000,1238853.102967808,110102.36130000022,999999.9999999999
2025-03-10T13:40:00.000+0000,1237157.759868176,110102.36130000022,999999.9999999999
2025-03-10T13:50:00.000+0000,1241243.971441648,110102.36130000022,999999.9999999999
2025-03-10T14:00:00.000+0000,1244982.420328016,110102.36130000022,999999.9999999999
2025-03-10T14:10:00.000+0000,1254415.483215712,110102.36130000022,999999.9999999999
2025-03-10T14:20:00.000+0000,1249981.5089551362,110102.36130000022,999999.9999999999
2025-03-10T14:30:00.000+0000,1251285.619031776,110102.36130000022,999999.9999999999
2025-03-10T14:40:00.000+0000,1257719.2287432,110102.36130000022,999999.9999999999
2025-03-10T14:50:00.000+0000,1265065.7155082722,110102.36130000022,999999.9999999999
2025-03-10T15:00:00.000+0000,1255763.0636282403,110102.36130000022,999999.9999999999
2025-03-10T15:10:00.000+0000,1253328.724818512,110102.36130000022,999999.9999999999
2025-03-10T15:20:00.000+0000,1260849.0929271362,110102.36130000022,999999.9999999999
2025-03-10T15:30:00.000+0000,1256936.7626972161,110102.36130000022,999999.9999999999
2025-03-10T15:40:00.000+0000,1262109.732667888,110102.36130000022,999999.9999999999
2025-03-10T15:50:00.000+0000,1262196.673339664,110102.36130000022,999999.9999999999
2025-03-10T16:00:00.000+0000,1266500.236592576,110102.36130000022,999999.9999999999
2025-03-10T16:10:00.000+0000,1270760.3295095998,110102.36130000022,999999.9999999999
2025-03-10T16:20:00.000+0000,1270977.68118904,110102.36130000022,999999.9999999999
2025-03-10T16:30:00.000+0000,1273977.134365312,110102.36130000022,999999.9999999999
2025-03-10T16:40:00.000+0000,1274064.075037088,110102.36130000022,999999.9999999999
2025-03-10T16:50:00.000+0000,1275455.125785504,110102.36130000022,999999.9999999999
2025-03-10T17:00:00.000+0000,1276237.591831488,110102.36130000022,999999.9999999999
2025-03-10T17:10:00.000+0000,1282584.260871136,110102.36130000022,999999.9999999999
2025-03-10T17:20:00.000+0000,1278845.8119847681,110102.36130000022,999999.9999999999
2025-03-10T17:30:00.000+0000,1287800.701177696,110102.36130000022,999999.9999999999
2025-03-10T17:40:00.000+0000,1293930.0185379041,110102.36130000022,999999.9999999999
2025-03-10T17:50:00.000+0000,1294103.8998814563,110102.36130000022,999999.9999999999
2025-03-10T18:00:00.000+0000,1288539.6968877923,110102.36130000022,999999.9999999999
2025-03-10T18:10:00.000+0000,1295103.71760688,110102.36130000022,999999.9999999999
2025-03-10T18:20:00.000+0000,1296190.47600408,110102.36130000022,999999.9999999999
2025-03-10T18:30:00.000+0000,1289235.222262,110102.36130000022,999999.9999999999
2025-03-10T18:40:00.000+0000,1293451.8448431361,110102.36130000022,999999.9999999999
2025-03-10T18:50:00.000+0000,1299320.340188016,110102.36130000022,999999.9999999999
2025-03-10T19:00:00.000+0000,1302884.907730832,110102.36130000022,999999.9999999999
2025-03-10T19:10:00.000+0000,1291582.620399952,110102.36130000022,999999.9999999999
2025-03-10T19:20:00.000+0000,1290974.03569752,110102.36130000022,999999.9999999999
2025-03-10T19:30:00.000+0000,1281714.854153376,110102.36130000022,999999.9999999999
2025-03-10T19:40:00.000+0000,1283931.841283664,110102.36130000022,999999.9999999999
2025-03-10T19:50:00.000+0000,1277585.1722440158,110102.36130000022,999999.9999999999
2025-03-10T20:00:00.000+0000,1277498.2315722401,110102.36130000022,999999.9999999999
2025-03-10T20:10:00.000+0000,1276454.943510928,110102.36130000022,999999.9999999999
2025-03-10T20:20:00.000+0000,1268325.9906998721,110102.36130000022,999999.9999999999
2025-03-10T20:30:00.000+0000,1269673.5711124002,110102.36130000022,999999.9999999999
2025-03-10T20:40:00.000+0000,1280410.744076736,110102.36130000022,999999.9999999999
2025-03-10T20:50:00.000+0000,1278063.3459387838,110102.36130000022,999999.9999999999
2025-03-10T21:00:00.000+0000,1278150.28661056,110102.36130000022,999999.9999999999
2025-03-10T21:10:00.000+0000,1271368.914212032,110102.36130000022,999999.9999999999
2025-03-10T21:20:00.000+0000,1278541.5196335518,110102.36130000022,999999.9999999999
2025-03-10T21:30:00.000+0000,1278932.7526565439,110102.36130000022,999999.9999999999
2025-03-10T21:40:00.000+0000,1280541.1550844002,110102.36130000022,999999.9999999999
2025-03-10T21:50:00.000+0000,1280758.50676384,110102.36130000022,999999.9999999999
2025-03-10T22:00:00.000+0000,1277802.523923456,110102.36130000022,999999.9999999999
2025-03-10T22:10:00.000+0000,1288626.637559568,110102.36130000022,999999.9999999999
2025-03-10T22:20:00.000+0000,1285888.0063986238,110102.36130000022,999999.9999999999
2025-03-10T22:30:00.000+0000,1285801.065726848,110102.36130000022,999999.9999999999
2025-03-10T22:40:00.000+0000,1288322.345208352,110102.36130000022,999999.9999999999
2025-03-10T22:50:00.000+0000,1284888.1886732003,110102.36130000022,999999.9999999999
2025-03-10T23:00:00.000+0000,1285583.714047408,110102.36130000022,999999.9999999999
2025-03-10T23:10:00.000+0000,1289800.336628544,110102.36130000022,999999.9999999999
2025-03-10T23:20:00.000+0000,1296407.8276835203,110102.36130000022,999999.9999999999
2025-03-10T23:30:00.000+0000,1291234.857712848,110102.36130000022,999999.9999999999
2025-03-10T23:40:00.000+0000,1291539.150064064,110102.36130000022,999999.9999999999
2025-03-10T23:50:00.000+0000,1293843.077866128,110102.36130000022,999999.9999999999
2025-03-11T00:00:00.000+0000,1290800.1543539679,110102.36130000022,999999.9999999999
2025-03-11T00:10:00.000+0000,1292191.2051023839,110102.36130000022,999999.9999999999
2025-03-11T00:20:00.000+0000,1300972.2129517598,110102.36130000022,999999.9999999999
2025-03-11T00:30:00.000+0000,1310231.394495904,110102.36130000022,999999.9999999999
2025-03-11T00:40:00.000+0000,1315056.601779472,110102.36130000022,999999.9999999999
2025-03-11T00:50:00.000+0000,1310970.390206,110102.36130000022,999999.9999999999
2025-03-11T01:00:00.000+0000,1304493.310158688,110102.36130000022,999999.9999999999
2025-03-11T01:10:00.000+0000,1298103.1707831519,110102.36130000022,999999.9999999999
2025-03-11T01:20:00.000+0000,1293886.5482020162,110102.36130000022,999999.9999999999
2025-03-11T01:30:00.000+0000,1292582.438125376,110102.36130000022,999999.9999999999
2025-03-11T01:40:00.000+0000,1290713.2136821921,110102.36130000022,999999.9999999999
2025-03-11T01:50:00.000+0000,1290756.6840180804,110102.36130000022,999999.9999999999
2025-03-11T02:00:00.000+0000,1280758.50676384,110102.36130000022,999999.9999999999
2025-03-11T02:10:00.000+0000,1279889.1000460803,110102.36130000022,999999.9999999999
2025-03-11T02:20:00.000+0000,1277932.9349311201,110102.36130000022,999999.9999999999
2025-03-11T02:30:00.000+0000,1284236.13363488,110102.36130000022,999999.9999999999
2025-03-11T02:40:00.000+0000,1285192.4810244162,110102.36130000022,999999.9999999999
2025-03-11T02:50:00.000+0000,1280062.981389632,110102.36130000022,999999.9999999999
2025-03-11T03:00:00.000+0000,1277280.8798928,110102.36130000022,999999.9999999999
2025-03-11T03:10:00.000+0000,1276411.47317504,110102.36130000022,999999.9999999999
2025-03-11T03:20:00.000+0000,1279323.9856795364,110102.36130000022,999999.9999999999
2025-03-11T03:30:00.000+0000,1281975.676168704,110102.36130000022,999999.9999999999
2025-03-11T03:40:00.000+0000,1281062.7991150562,110102.36130000022,999999.9999999999
2025-03-11T03:50:00.000+0000,1282193.027848144,110102.36130000022,999999.9999999999
2025-03-11T04:00:00.000+0000,1281888.735496928,110102.36130000022,999999.9999999999
2025-03-11T04:10:00.000+0000,1279541.337358976,110102.36130000022,999999.9999999999
2025-03-11T04:20:00.000+0000,1274890.0114189598,110102.36130000022,999999.9999999999
2025-03-11T04:30:00.000+0000,1274846.541083072,110102.36130000022,999999.9999999999
2025-03-11T04:40:00.000+0000,1280323.80340496,110102.36130000022,999999.9999999999
2025-03-11T04:50:00.000+0000,1281062.7991150562,110102.36130000022,999999.9999999999
2025-03-11T05:00:00.000+0000,1274020.6047012003,110102.36130000022,999999.9999999999
2025-03-11T05:10:00.000+0000,1270586.448166048,110102.36130000022,999999.9999999999
2025-03-11T05:20:00.000+0000,1270673.3888378243,110102.36130000022,999999.9999999999
2025-03-11T05:30:00.000+0000,1270890.7405172642,110102.36130000022,999999.9999999999
2025-03-11T05:40:00.000+0000,1270325.62615072,110102.36130000022,999999.9999999999
2025-03-11T05:50:00.000+0000,1269108.4567458562,110102.36130000022,999999.9999999999
2025-03-11T06:00:00.000+0000,1266847.9992796802,110102.36130000022,999999.9999999999
2025-03-11T06:10:00.000+0000,1264631.012149392,110102.36130000022,999999.9999999999
2025-03-11T06:20:00.000+0000,1264544.071477616,110102.36130000022,999999.9999999999
2025-03-11T06:30:00.000+0000,1268499.872043424,110102.36130000022,999999.9999999999
2025-03-11T06:40:00.000+0000,1270542.97783016,110102.36130000022,999999.9999999999
2025-03-11T06:50:00.000+0000,1271455.854883808,110102.36130000022,999999.9999999999
2025-03-11T07:00:00.000+0000,1268804.1643946401,110102.36130000022,999999.9999999999
2025-03-11T07:10:00.000+0000,1265370.0078594883,110102.36130000022,999999.9999999999
2025-03-11T07:20:00.000+0000,1262935.66904976,110102.36130000022,999999.9999999999
2025-03-11T07:30:00.000+0000,1264804.8934929443,110102.36130000022,999999.9999999999
2025-03-11T07:40:00.000+0000,1265978.59256192,110102.36130000022,999999.9999999999
2025-03-11T07:50:00.000+0000,1264631.012149392,110102.36130000022,999999.9999999999
2025-03-11T08:00:00.000+0000,1263544.253752192,110102.36130000022,999999.9999999999
2025-03-11T08:10:00.000+0000,1263544.253752192,110102.36130000022,999999.9999999999
2025-03-11T08:20:00.000+0000,1258675.5761327362,110102.36130000022,999999.9999999999
2025-03-11T08:30:00.000+0000,1257327.9957202082,110102.36130000022,999999.9999999999
2025-03-11T08:40:00.000+0000,1254502.423887488,110102.36130000022,999999.9999999999
2025-03-11T08:50:00.000+0000,1253937.309520944,110102.36130000022,999999.9999999999
2025-03-11T09:00:00.000+0000,1255284.8899334723,110102.36130000022,999999.9999999999
2025-03-11T09:10:00.000+0000,1254806.716238704,110102.36130000022,999999.9999999999
2025-03-11T09:20:00.000+0000,1251459.5003753281,110102.36130000022,999999.9999999999
2025-03-11T09:30:00.000+0000,1252024.614741872,110102.36130000022,999999.9999999999
2025-03-11T09:40:00.000+0000,1257501.8770637603,110102.36130000022,999999.9999999999
2025-03-11T09:50:00.000+0000,1261631.55897312,110102.36130000022,999999.9999999999
2025-03-11T10:00:00.000+0000,1258545.1651250718,110102.36130000022,999999.9999999999
2025-03-11T10:10:00.000+0000,1257067.17370488,110102.36130000022,999999.9999999999
2025-03-11T10:20:00.000+0000,1254893.65691048,110102.36130000022,999999.9999999999
2025-03-11T10:30:00.000+0000,1255067.5382540321,110102.36130000022,999999.9999999999
2025-03-11T10:40:00.000+0000,1260240.508224704,110102.36130000022,999999.9999999999
2025-03-11T10:50:00.000+0000,1259023.33881984,110102.36130000022,999999.9999999999
2025-03-11T11:00:00.000+0000,1260544.8005759201,110102.36130000022,999999.9999999999
2025-03-11T11:10:00.000+0000,1264152.838454624,110102.36130000022,999999.9999999999
2025-03-11T11:20:00.000+0000,1262631.376698544,110102.36130000022,999999.9999999999
2025-03-11T11:30:00.000+0000,1260197.0378888159,110102.36130000022,999999.9999999999
2025-03-11T11:40:00.000+0000,1258805.9871404,110102.36130000022,999999.9999999999
2025-03-11T11:50:00.000+0000,1263500.783416304,110102.36130000022,999999.9999999999
2025-03-11T12:00:00.000+0000,1261153.3852783523,110102.36130000022,999999.9999999999
2025-03-11T12:10:00.000+0000,1261935.851324336,110102.36130000022,999999.9999999999
2025-03-11T12:20:00.000+0000,1263544.253752192,110102.36130000022,999999.9999999999
2025-03-11T12:30:00.000+0000,1264152.838454624,110102.36130000022,999999.9999999999
2025-03-11T12:40:00.000+0000,1268325.9906998721,110102.36130000022,999999.9999999999
2025-03-11T12:50:00.000+0000,1271325.4438761442,110102.36130000022,999999.9999999999
2025-03-11T13:00:00.000+0000,1271151.562532592,110102.36130000022,999999.9999999999
2025-03-11T13:10:00.000+0000,1275585.536793168,110102.36130000022,999999.9999999999
2025-03-11T13:20:00.000+0000,1269630.100776512,110102.36130000022,999999.9999999999
2025-03-11T13:30:00.000+0000,1265804.711218368,110102.36130000022,999999.9999999999
2025-03-11T13:40:00.000+0000,1268325.9906998721,110102.36130000022,999999.9999999999
2025-03-11T13:50:00.000+0000,1268978.0457381923,110102.36130000022,999999.9999999999
2025-03-11T14:00:00.000+0000,1274933.481754848,110102.36130000022,999999.9999999999
2025-03-11T14:10:00.000+0000,1274716.1300754081,110102.36130000022,999999.9999999999
2025-03-11T14:20:00.000+0000,1280888.917771504,110102.36130000022,999999.9999999999
2025-03-11T14:30:00.000+0000,1288191.934200688,110102.36130000022,999999.9999999999
2025-03-11T14:40:00.000+0000,1293234.493163696,110102.36130000022,999999.9999999999
2025-03-11T14:50:00.000+0000,1288887.4595748961,110102.36130000022,999999.9999999999
2025-03-11T15:00:00.000+0000,1278584.98996944,110102.36130000022,999999.9999999999
2025-03-11T15:10:00.000+0000,1275237.774106064,110102.36130000022,999999.9999999999
2025-03-11T15:20:00.000+0000,1275759.41813672,110102.36130000022,999999.9999999999
2025-03-11T15:30:00.000+0000,1271195.03286848,110102.36130000022,999999.9999999999
2025-03-11T15:40:00.000+0000,1267630.465325664,110102.36130000022,999999.9999999999
2025-03-11T15:50:00.000+0000,1264239.7791264001,110102.36130000022,999999.9999999999
2025-03-11T16:00:00.000+0000,1260414.389568256,110102.36130000022,999999.9999999999
2025-03-11T16:10:00.000+0000,1265978.59256192,110102.36130000022,999999.9999999999
2025-03-11T16:20:00.000+0000,1258849.4574762878,110102.36130000022,999999.9999999999
2025-03-11T16:30:00.000+0000,1258936.3981480643,110102.36130000022,999999.9999999999
2025-03-11T16:40:00.000+0000,1259718.864194048,110102.36130000022,999999.9999999999
2025-03-11T16:50:00.000+0000,1259544.982850496,110102.36130000022,999999.9999999999
2025-03-11T17:00:00.000+0000,1265152.6561800481,110102.36130000022,999999.9999999999
2025-03-11T17:10:00.000+0000,1264978.7748364962,110102.36130000022,999999.9999999999
2025-03-11T17:20:00.000+0000,1265370.0078594883,110102.36130000022,999999.9999999999
2025-03-11T17:30:00.000+0000,1275629.0071290561,110102.36130000022,999999.9999999999
2025-03-11T17:40:00.000+0000,1277715.58325168,110102.36130000022,999999.9999999999
2025-03-11T17:50:00.000+0000,1277106.998549248,110102.36130000022,999999.9999999999
2025-03-11T18:00:00.000+0000,1272194.850593904,110102.36130000022,999999.9999999999
2025-03-11T18:10:00.000+0000,1262674.8470344318,110102.36130000022,999999.9999999999
2025-03-11T18:20:00.000+0000,1258501.6947891838,110102.36130000022,999999.9999999999
2025-03-11T18:30:00.000+0000,1257806.1694149761,110102.36130000022,999999.9999999999
2025-03-11T18:40:00.000+0000,1252633.199444304,110102.36130000022,999999.9999999999
2025-03-11T18:50:00.000+0000,1248503.517534944,110102.36130000022,999999.9999999999
2025-03-11T19:00:00.000+0000,1246895.1151070881,110102.36130000022,999999.9999999999
2025-03-11T19:10:00.000+0000,1250763.97500112,110102.36130000022,999999.9999999999
2025-03-11T19:20:00.000+0000,1251024.797016448,110102.36130000022,999999.9999999999
2025-03-11T19:30:00.000+0000,1248764.339550272,110102.36130000022,999999.9999999999
2025-03-11T19:40:00.000+0000,1255458.7712770242,110102.36130000022,999999.9999999999
2025-03-11T19:50:00.000+0000,1260501.330240032,110102.36130000022,999999.9999999999
2025-03-11T20:00:00.000+0000,1263761.605431632,110102.36130000022,999999.9999999999
2025-03-11T20:10:00.000+0000,1267804.346669216,110102.36130000022,999999.9999999999
2025-03-11T20:20:00.000+0000,1270282.1558148318,110102.36130000022,999999.9999999999
2025-03-11T20:30:00.000+0000,1273498.960670544,110102.36130000022,999999.9999999999
2025-03-11T20:40:00.000+0000,1273020.786975776,110102.36130000022,999999.9999999999
2025-03-11T20:50:00.000+0000,1272455.6726092321,110102.36130000022,999999.9999999999
2025-03-11T21:00:00.000+0000,1271716.676899136,110102.36130000022,999999.9999999999
2025-03-11T21:10:00.000+0000,1271412.38454792,110102.36130000022,999999.9999999999
2025-03-11T21:20:00.000+0000,1271716.676899136,110102.36130000022,999999.9999999999
2025-03-11T21:30:00.000+0000,1273803.2530217601,110102.36130000022,999999.9999999999
2025-03-11T21:40:00.000+0000,1279019.69332832,110102.36130000022,999999.9999999999
2025-03-11T21:50:00.000+0000,1281062.7991150562,110102.36130000022,999999.9999999999
2025-03-11T22:00:00.000+0000,1284496.9556502078,110102.36130000022,999999.9999999999
2025-03-11T22:10:00.000+0000,1286409.6504292802,110102.36130000022,999999.9999999999
2025-03-11T22:20:00.000+0000,1288365.8155442402,110102.36130000022,999999.9999999999
2025-03-11T22:30:00.000+0000,1286018.4174062882,110102.36130000022,999999.9999999999
2025-03-11T22:40:00.000+0000,1284931.6590090878,110102.36130000022,999999.9999999999
2025-03-11T22:50:00.000+0000,1283627.548932448,110102.36130000022,999999.9999999999
2025-03-11T23:00:00.000+0000,1282149.557512256,110102.36130000022,999999.9999999999
2025-03-11T23:10:00.000+0000,1286800.8834522723,110102.36130000022,999999.9999999999
2025-03-11T23:20:00.000+0000,1288322.345208352,110102.36130000022,999999.9999999999
2025-03-11T23:30:00.000+0000,1288887.4595748961,110102.36130000022,999999.9999999999
2025-03-11T23:40:00.000+0000,1288974.400246672,110102.36130000022,999999.9999999999
2025-03-11T23:50:00.000+0000,1288974.400246672,110102.36130000022,999999.9999999999
2025-03-12T00:00:00.000+0000,1287235.586811152,110102.36130000022,999999.9999999999
2025-03-12T00:10:00.000+0000,1285453.303039744,110102.36130000022,999999.9999999999
2025-03-12T00:20:00.000+0000,1286235.769085728,110102.36130000022,999999.9999999999
2025-03-12T00:30:00.000+0000,1282540.790535248,110102.36130000022,999999.9999999999
2025-03-12T00:40:00.000+0000,1283931.841283664,110102.36130000022,999999.9999999999
2025-03-12T00:50:00.000+0000,1284714.3073296482,110102.36130000022,999999.9999999999
2025-03-12T01:00:00.000+0000,1281280.150794496,110102.36130000022,999999.9999999999
2025-03-12T01:10:00.000+0000,1280845.4474356163,110102.36130000022,999999.9999999999
2025-03-12T01:20:00.000+0000,1276368.002839152,110102.36130000022,999999.9999999999
2025-03-12T01:30:00.000+0000,1276411.47317504,110102.36130000022,999999.9999999999
2025-03-12T01:40:00.000+0000,1274411.837724192,110102.36130000022,999999.9999999999
2025-03-12T01:50:00.000+0000,1274194.486044752,110102.36130000022,999999.9999999999
2025-03-12T02:00:00.000+0000,1274151.015708864,110102.36130000022,999999.9999999999
2025-03-12T02:10:00.000+0000,1272586.083616896,110102.36130000022,999999.9999999999
2025-03-12T02:20:00.000+0000,1275194.3037701761,110102.36130000022,999999.9999999999
2025-03-12T02:30:00.000+0000,1277411.2909004642,110102.36130000022,999999.9999999999
2025-03-12T02:40:00.000+0000,1278758.8713129922,110102.36130000022,999999.9999999999
2025-03-12T02:50:00.000+0000,1279323.9856795364,110102.36130000022,999999.9999999999
2025-03-12T03:00:00.000+0000,1278454.578961776,110102.36130000022,999999.9999999999
2025-03-12T03:10:00.000+0000,1280845.4474356163,110102.36130000022,999999.9999999999
2025-03-12T03:20:00.000+0000,1286931.294459936,110102.36130000022,999999.9999999999
2025-03-12T03:30:00.000+0000,1286453.120765168,110102.36130000022,999999.9999999999
2025-03-12T03:40:00.000+0000,1289104.8112543363,110102.36130000022,999999.9999999999
2025-03-12T03:50:00.000+0000,1290104.62897976,110102.36130000022,999999.9999999999
2025-03-12T04:00:00.000+0000,1295494.950629872,110102.36130000022,999999.9999999999
2025-03-12T04:10:00.000+0000,1296668.649698848,110102.36130000022,999999.9999999999
2025-03-12T04:20:00.000+0000,1298277.052126704,110102.36130000022,999999.9999999999
2025-03-12T04:30:00.000+0000,1297972.759775488,110102.36130000022,999999.9999999999
2025-03-12T04:40:00.000+0000,1298494.403806144,110102.36130000022,999999.9999999999
2025-03-12T04:50:00.000+0000,1294973.306599216,110102.36130000022,999999.9999999999
2025-03-12T05:00:00.000+0000,1297059.88272184,110102.36130000022,999999.9999999999
2025-03-12T05:10:00.000+0000,1300754.8612723202,110102.36130000022,999999.9999999999
2025-03-12T05:20:00.000+0000,1300667.9206005442,110102.36130000022,999999.9999999999
2025-03-12T05:30:00.000+0000,1297190.293729504,110102.36130000022,999999.9999999999
2025-03-12T05:40:00.000+0000,1297233.764065392,110102.36130000022,999999.9999999999
2025-03-12T05:50:00.000+0000,1294016.9592096799,110102.36130000022,999999.9999999999
2025-03-12T06:00:00.000+0000,1295277.598950432,110102.36130000022,999999.9999999999
2025-03-12T06:10:00.000+0000,1298972.5775009121,110102.36130000022,999999.9999999999
2025-03-12T06:20:00.000+0000,1298450.933470256,110102.36130000022,999999.9999999999
2025-03-12T06:30:00.000+0000,1298059.700447264,110102.36130000022,999999.9999999999
2025-03-12T06:40:00.000+0000,1297364.175073056,110102.36130000022,999999.9999999999
2025-03-12T06:50:00.000+0000,1301146.094295312,110102.36130000022,999999.9999999999
2025-03-12T07:00:00.000+0000,1298146.64111904,110102.36130000022,999999.9999999999
2025-03-12T07:10:00.000+0000,1296103.535332304,110102.36130000022,999999.9999999999
2025-03-12T07:20:00.000+0000,1289322.1629337762,110102.36130000022,999999.9999999999
2025-03-12T07:30:00.000+0000,1286974.764795824,110102.36130000022,999999.9999999999
2025-03-12T07:40:00.000+0000,1290235.039987424,110102.36130000022,999999.9999999999
2025-03-12T07:50:00.000+0000,1286540.061436944,110102.36130000022,999999.9999999999
2025-03-12T08:00:00.000+0000,1286105.3580780642,110102.36130000022,999999.9999999999
2025-03-12T08:10:00.000+0000,1280280.3330690723,110102.36130000022,999999.9999999999
2025-03-12T08:20:00.000+0000,1283801.4302760002,110102.36130000022,999999.9999999999
2025-03-12T08:30:00.000+0000,1283410.1972530081,110102.36130000022,999999.9999999999
2025-03-12T08:40:00.000+0000,1281149.739786832,110102.36130000022,999999.9999999999
2025-03-12T08:50:00.000+0000,1276324.532503264,110102.36130000022,999999.9999999999
2025-03-12T09:00:00.000+0000,1276281.062167376,110102.36130000022,999999.9999999999
2025-03-12T09:10:00.000+0000,1285627.184383296,110102.36130000022,999999.9999999999
2025-03-12T09:20:00.000+0000,1309883.6318088,110102.36130000022,999999.9999999999
2025-03-12T09:30:00.000+0000,1296886.001378288,110102.36130000022,999999.9999999999
2025-03-12T09:40:00.000+0000,1303363.0814256,110102.36130000022,999999.9999999999
2025-03-12T09:50:00.000+0000,1312448.3816261922,110102.36130000022,999999.9999999999
2025-03-12T10:00:00.000+0000,1310753.0385265602,110102.36130000022,999999.9999999999
2025-03-12T10:10:00.000+0000,1315578.245810128,110102.36130000022,999999.9999999999
2025-03-12T10:20:00.000+0000,1296233.946339968,110102.36130000022,999999.9999999999
2025-03-12T10:30:00.000+0000,1306319.0642659839,110102.36130000022,999999.9999999999
2025-03-12T10:40:00.000+0000,1312057.1486032,1312057.1486032,999999.9999999999
2025-03-12T10:50:00.000+0000,1312057.1486032,1312057.1486032,999999.9999999999
2025-03-12T11:00:00.000+0000,1312057.1486032,1312057.1486032,999999.9999999999
2025-03-12T11:10:00.000+0000,1312057.1486032,1312057.1486032,999999.9999999999
2025-03-12T11:20:00.000+0000,1312057.1486032,1312057.1486032,999999.9999999999
2025-03-12T11:30:00.000+0000,1312057.1486032,1312057.1486032,999999.9999999999
2025-03-12T11:40:00.000+0000,1312057.1486032,1312057.1486032,999999.9999999999
2025-03-12T11:50:00.000+0000,1312057.1486032,1312057.1486032,999999.9999999999
2025-03-12T12:00:00.000+0000,1312057.1486032,1312057.1486032,999999.9999999999
2025-03-12T12:10:00.000+0000,1312057.1486032,1312057.1486032,999999.9999999999
2025-03-12T12:20:00.000+0000,1312057.1486032,1312057.1486032,999999.9999999999
2025-03-12T12:30:00.000+0000,1312057.1486032,1312057.1486032,999999.9999999999
2025-03-12T12:40:00.000+0000,1312057.1486032,1312057.1486032,999999.9999999999
2025-03-12T12:50:00.000+0000,1312057.1486032,1312057.1486032,999999.9999999999
2025-03-12T13:00:00.000+0000,1312057.1486032,1312057.1486032,999999.9999999999
2025-03-12T13:10:00.000+0000,1312057.1486032,1312057.1486032,999999.9999999999
2025-03-12T13:20:00.000+0000,1312057.1486032,1312057.1486032,999999.9999999999
2025-03-12T13:30:00.000+0000,1312057.1486032,1312057.1486032,999999.9999999999
2025-03-12T13:40:00.000+0000,1312057.1486032,1312057.1486032,999999.9999999999
2025-03-12T13:50:00.000+0000,1312057.1486032,1312057.1486032,999999.9999999999
2025-03-12T14:00:00.000+0000,1312057.1486032,1312057.1486032,999999.9999999999
2025-03-12T14:10:00.000+0000,1312057.1486032,1312057.1486032,999999.9999999999
2025-03-12T14:20:00.000+0000,1312057.1486032,1312057.1486032,999999.9999999999
2025-03-12T14:30:00.000+0000,1312057.1486032,1312057.1486032,999999.9999999999
2025-03-12T14:40:00.000+0000,1312057.1486032,1312057.1486032,999999.9999999999
2025-03-12T14:50:00.000+0000,1312057.1486032,1312057.1486032,999999.9999999999
2025-03-12T15:00:00.000+0000,1312057.1486032,1312057.1486032,999999.9999999999
2025-03-12T15:10:00.000+0000,1312057.1486032,1312057.1486032,999999.9999999999
2025-03-12T15:20:00.000+0000,1312057.1486032,1312057.1486032,999999.9999999999
2025-03-12T15:30:00.000+0000,1312057.1486032,1312057.1486032,999999.9999999999
2025-03-12T15:40:00.000+0000,1312057.1486032,1312057.1486032,999999.9999999999
2025-03-12T15:50:00.000+0000,1312057.1486032,1312057.1486032,999999.9999999999
2025-03-12T16:00:00.000+0000,1312057.1486032,1312057.1486032,999999.9999999999
2025-03-12T16:10:00.000+0000,1312057.1486032,1312057.1486032,999999.9999999999
2025-03-12T16:20:00.000+0000,1312057.1486032,1312057.1486032,999999.9999999999
2025-03-12T16:30:00.000+0000,1312057.1486032,1312057.1486032,999999.9999999999
2025-03-12T16:40:00.000+0000,1312057.1486032,1312057.1486032,999999.9999999999
2025-03-12T16:50:00.000+0000,1312057.1486032,1312057.1486032,999999.9999999999
2025-03-12T17:00:00.000+0000,1312057.1486032,1312057.1486032,999999.9999999999
2025-03-12T17:10:00.000+0000,1312057.1486032,1312057.1486032,999999.9999999999
2025-03-12T17:20:00.000+0000,1312057.1486032,1312057.1486032,999999.9999999999
2025-03-12T17:30:00.000+0000,1312057.1486032,1312057.1486032,999999.9999999999
2025-03-12T17:40:00.000+0000,1312057.1486032,1312057.1486032,999999.9999999999
2025-03-12T17:50:00.000+0000,1312057.1486032,1312057.1486032,999999.9999999999
2025-03-12T18:00:00.000+0000,1312057.1486032,1312057.1486032,999999.9999999999
2025-03-12T18:10:00.000+0000,1312057.1486032,1312057.1486032,999999.9999999999
2025-03-12T18:20:00.000+0000,1312057.1486032,1312057.1486032,999999.9999999999
2025-03-12T18:30:00.000+0000,1312057.1486032,1312057.1486032,999999.9999999999
2025-03-12T18:40:00.000+0000,1312057.1486032,1312057.1486032,999999.9999999999
2025-03-12T18:50:00.000+0000,1312057.1486032,1312057.1486032,999999.9999999999
2025-03-12T19:00:00.000+0000,1312057.1486032,1312057.1486032,999999.9999999999
2025-03-12T19:10:00.000+0000,1312057.1486032,1312057.1486032,999999.9999999999
2025-03-12T19:20:00.000+0000,1312057.1486032,1312057.1486032,999999.9999999999
2025-03-12T19:30:00.000+0000,1312057.1486032,1312057.1486032,999999.9999999999
2025-03-12T19:40:00.000+0000,1312057.1486032,1312057.1486032,999999.9999999999
2025-03-12T19:50:00.000+0000,1312057.1486032,1312057.1486032,999999.9999999999
2025-03-12T20:00:00.000+0000,1312057.1486032,1312057.1486032,999999.9999999999
2025-03-12T20:10:00.000+0000,1312057.1486032,1312057.1486032,999999.9999999999
2025-03-12T20:20:00.000+0000,1312057.1486032,1312057.1486032,999999.9999999999
2025-03-12T20:30:00.000+0000,1312057.1486032,1312057.1486032,999999.9999999999
2025-03-12T20:40:00.000+0000,1312057.1486032,1312057.1486032,999999.9999999999
2025-03-12T20:50:00.000+0000,1312057.1486032,1312057.1486032,999999.9999999999
2025-03-12T21:00:00.000+0000,1312057.1486032,1312057.1486032,999999.9999999999
2025-03-12T21:10:00.000+0000,1312057.1486032,1312057.1486032,999999.9999999999
2025-03-12T21:20:00.000+0000,1312057.1486032,1312057.1486032,999999.9999999999
2025-03-12T21:30:00.000+0000,1312057.1486032,1312057.1486032,999999.9999999999
2025-03-12T21:40:00.000+0000,1312057.1486032,1312057.1486032,999999.9999999999
2025-03-12T21:50:00.000+0000,1312057.1486032,1312057.1486032,999999.9999999999
2025-03-12T22:00:00.000+0000,1312057.1486032,1312057.1486032,999999.9999999999
2025-03-12T22:10:00.000+0000,1312057.1486032,1312057.1486032,999999.9999999999
2025-03-12T22:20:00.000+0000,1312057.1486032,1312057.1486032,999999.9999999999
2025-03-12T22:30:00.000+0000,1312057.1486032,1312057.1486032,999999.9999999999
2025-03-12T22:40:00.000+0000,1312057.1486032,1312057.1486032,999999.9999999999
2025-03-12T22:50:00.000+0000,1312057.1486032,1312057.1486032,999999.9999999999
2025-03-12T23:00:00.000+0000,1312057.1486032,1312057.1486032,999999.9999999999
2025-03-12T23:10:00.000+0000,1312057.1486032,1312057.1486032,999999.9999999999
2025-03-12T23:20:00.000+0000,1312057.1486032,1312057.1486032,999999.9999999999
2025-03-12T23:30:00.000+0000,1312057.1486032,1312057.1486032,999999.9999999999
2025-03-12T23:40:00.000+0000,1312057.1486032,1312057.1486032,999999.9999999999
2025-03-12T23:50:00.000+0000,1312057.1486032,1312057.1486032,999999.9999999999
2025-03-13T00:00:00.000+0000,1312057.1486032,1312057.1486032,999999.9999999999
2025-03-13T00:10:00.000+0000,1312057.1486032,1312057.1486032,999999.9999999999
2025-03-13T00:20:00.000+0000,1312057.1486032,1312057.1486032,999999.9999999999
2025-03-13T00:30:00.000+0000,1312057.1486032,1312057.1486032,999999.9999999999
2025-03-13T00:40:00.000+0000,1312057.1486032,1312057.1486032,999999.9999999999
2025-03-13T00:50:00.000+0000,1312057.1486032,1312057.1486032,999999.9999999999
2025-03-13T01:00:00.000+0000,1312057.1486032,1312057.1486032,999999.9999999999
2025-03-13T01:10:00.000+0000,1312057.1486032,1312057.1486032,999999.9999999999
2025-03-13T01:20:00.000+0000,1312057.1486032,1312057.1486032,999999.9999999999
2025-03-13T01:30:00.000+0000,1312057.1486032,1312057.1486032,999999.9999999999
2025-03-13T01:40:00.000+0000,1312057.1486032,1312057.1486032,999999.9999999999
2025-03-13T01:50:00.000+0000,1312057.1486032,1312057.1486032,999999.9999999999
2025-03-13T02:00:00.000+0000,1312057.1486032,1312057.1486032,999999.9999999999
2025-03-13T02:10:00.000+0000,1312057.1486032,1312057.1486032,999999.9999999999
2025-03-13T02:20:00.000+0000,1312057.1486032,1312057.1486032,999999.9999999999
2025-03-13T02:30:00.000+0000,1312057.1486032,1312057.1486032,999999.9999999999
2025-03-13T02:40:00.000+0000,1312057.1486032,1312057.1486032,999999.9999999999
2025-03-13T02:50:00.000+0000,1312057.1486032,1312057.1486032,999999.9999999999
2025-03-13T03:00:00.000+0000,1312057.1486032,1312057.1486032,999999.9999999999
2025-03-13T03:10:00.000+0000,1312057.1486032,1312057.1486032,999999.9999999999
2025-03-13T03:20:00.000+0000,1312057.1486032,1312057.1486032,999999.9999999999
2025-03-13T03:30:00.000+0000,1312057.1486032,1312057.1486032,999999.9999999999
2025-03-13T03:40:00.000+0000,1312057.1486032,1312057.1486032,999999.9999999999
2025-03-13T03:50:00.000+0000,1312057.1486032,1312057.1486032,999999.9999999999
2025-03-13T04:00:00.000+0000,1312057.1486032,1312057.1486032,999999.9999999999
2025-03-13T04:10:00.000+0000,1312057.1486032,1312057.1486032,999999.9999999999
2025-03-13T04:20:00.000+0000,1312057.1486032,1312057.1486032,999999.9999999999
2025-03-13T04:30:00.000+0000,1312057.1486032,1312057.1486032,999999.9999999999
2025-03-13T04:40:00.000+0000,1312057.1486032,1312057.1486032,999999.9999999999
2025-03-13T04:50:00.000+0000,1312057.1486032,1312057.1486032,999999.9999999999
2025-03-13T05:00:00.000+0000,1312057.1486032,1312057.1486032,999999.9999999999
2025-03-13T05:10:00.000+0000,1312057.1486032,1312057.1486032,999999.9999999999
2025-03-13T05:20:00.000+0000,1312057.1486032,1312057.1486032,999999.9999999999
2025-03-13T05:30:00.000+0000,1312057.1486032,1312057.1486032,999999.9999999999
2025-03-13T05:40:00.000+0000,1312057.1486032,1312057.1486032,999999.9999999999
2025-03-13T05:50:00.000+0000,1312057.1486032,1312057.1486032,999999.9999999999
2025-03-13T06:00:00.000+0000,1312057.1486032,1312057.1486032,999999.9999999999
2025-03-13T06:10:00.000+0000,1312057.1486032,1312057.1486032,999999.9999999999
2025-03-13T06:20:00.000+0000,1312057.1486032,1312057.1486032,999999.9999999999
2025-03-13T06:30:00.000+0000,1312057.1486032,1312057.1486032,999999.9999999999
2025-03-13T06:40:00.000+0000,1312057.1486032,1312057.1486032,999999.9999999999
2025-03-13T06:50:00.000+0000,1312057.1486032,1312057.1486032,999999.9999999999
2025-03-13T07:00:00.000+0000,1312057.1486032,1312057.1486032,999999.9999999999
2025-03-13T07:10:00.000+0000,1312057.1486032,1312057.1486032,999999.9999999999
2025-03-13T07:20:00.000+0000,1312057.1486032,1312057.1486032,999999.9999999999
2025-03-13T07:30:00.000+0000,1312057.1486032,1312057.1486032,999999.9999999999
2025-03-13T07:40:00.000+0000,1312057.1486032,1312057.1486032,999999.9999999999
2025-03-13T07:50:00.000+0000,1312057.1486032,1312057.1486032,999999.9999999999
2025-03-13T08:00:00.000+0000,1312057.1486032,1312057.1486032,999999.9999999999
2025-03-13T08:10:00.000+0000,1312057.1486032,1312057.1486032,999999.9999999999
2025-03-13T08:20:00.000+0000,1312057.1486032,1312057.1486032,999999.9999999999
2025-03-13T08:30:00.000+0000,1312057.1486032,1312057.1486032,999999.9999999999
2025-03-13T08:40:00.000+0000,1312057.1486032,1312057.1486032,999999.9999999999
2025-03-13T08:50:00.000+0000,1312057.1486032,1312057.1486032,999999.9999999999
2025-03-13T09:00:00.000+0000,1312057.1486032,1312057.1486032,999999.9999999999
2025-03-13T09:10:00.000+0000,1312057.1486032,1312057.1486032,999999.9999999999
2025-03-13T09:20:00.000+0000,1312057.1486032,1312057.1486032,999999.9999999999
2025-03-13T09:30:00.000+0000,1312057.1486032,1312057.1486032,999999.9999999999
2025-03-13T09:40:00.000+0000,1312057.1486032,1312057.1486032,999999.9999999999
2025-03-13T09:50:00.000+0000,1312057.1486032,1312057.1486032,999999.9999999999
2025-03-13T10:00:00.000+0000,1312057.1486032,1312057.1486032,999999.9999999999
2025-03-13T10:10:00.000+0000,1312057.1486032,1312057.1486032,999999.9999999999
2025-03-13T10:20:00.000+0000,1312057.1486032,1312057.1486032,999999.9999999999
2025-03-13T10:30:00.000+0000,1312057.1486032,1312057.1486032,999999.9999999999
2025-03-13T10:40:00.000+0000,1312057.1486032,1312057.1486032,999999.9999999999
2025-03-13T10:50:00.000+0000,1312057.1486032,1312057.1486032,999999.9999999999
2025-03-13T11:00:00.000+0000,1312057.1486032,1312057.1486032,999999.9999999999
2025-03-13T11:10:00.000+0000,1312057.1486032,1312057.1486032,999999.9999999999
2025-03-13T11:20:00.000+0000,1312057.1486032,1312057.1486032,999999.9999999999
2025-03-13T11:30:00.000+0000,1312057.1486032,1312057.1486032,999999.9999999999
2025-03-13T11:40:00.000+0000,1312057.1486032,1312057.1486032,999999.9999999999
2025-03-13T11:50:00.000+0000,1312057.1486032,1312057.1486032,999999.9999999999
2025-03-13T12:00:00.000+0000,1312057.1486032,1312057.1486032,999999.9999999999
2025-03-13T12:10:00.000+0000,1312057.1486032,1312057.1486032,999999.9999999999
2025-03-13T12:20:00.000+0000,1312057.1486032,1312057.1486032,999999.9999999999
2025-03-13T12:30:00.000+0000,1312057.1486032,1312057.1486032,999999.9999999999
2025-03-13T12:40:00.000+0000,1312057.1486032,1312057.1486032,999999.9999999999
2025-03-13T12:50:00.000+0000,1312057.1486032,1312057.1486032,999999.9999999999
2025-03-13T13:00:00.000+0000,1312057.1486032,1312057.1486032,999999.9999999999
2025-03-13T13:10:00.000+0000,1312057.1486032,1312057.1486032,999999.9999999999
2025-03-13T13:20:00.000+0000,1312057.1486032,1312057.1486032,999999.9999999999
2025-03-13T13:30:00.000+0000,1312057.1486032,1312057.1486032,999999.9999999999
2025-03-13T13:40:00.000+0000,1312057.1486032,1312057.1486032,999999.9999999999
2025-03-13T13:50:00.000+0000,1312057.1486032,1312057.1486032,999999.9999999999
2025-03-13T14:00:00.000+0000,1312057.1486032,1312057.1486032,999999.9999999999
2025-03-13T14:10:00.000+0000,1312057.1486032,1312057.1486032,999999.9999999999
2025-03-13T14:20:00.000+0000,1312057.1486032,1312057.1486032,999999.9999999999
2025-03-13T14:30:00.000+0000,1312057.1486032,1312057.1486032,999999.9999999999
2025-03-13T14:40:00.000+0000,1312057.1486032,1312057.1486032,999999.9999999999
2025-03-13T14:50:00.000+0000,1312057.1486032,1312057.1486032,999999.9999999999
2025-03-13T15:00:00.000+0000,1312057.1486032,1312057.1486032,999999.9999999999
2025-03-13T15:10:00.000+0000,1312057.1486032,1312057.1486032,999999.9999999999
2025-03-13T15:20:00.000+0000,1312057.1486032,1312057.1486032,999999.9999999999
2025-03-13T15:30:00.000+0000,1312057.1486032,1312057.1486032,999999.9999999999
2025-03-13T15:40:00.000+0000,1312057.1486032,1312057.1486032,999999.9999999999
2025-03-13T15:50:00.000+0000,1312057.1486032,1312057.1486032,999999.9999999999
2025-03-13T16:00:00.000+0000,1312057.1486032,1312057.1486032,999999.9999999999
2025-03-13T16:10:00.000+0000,1312057.1486032,1312057.1486032,999999.9999999999
2025-03-13T16:20:00.000+0000,1312057.1486032,1312057.1486032,999999.9999999999
2025-03-13T16:30:00.000+0000,1312057.1486032,1312057.1486032,999999.9999999999
2025-03-13T16:40:00.000+0000,1312057.1486032,1312057.1486032,999999.9999999999
2025-03-13T16:50:00.000+0000,1312057.1486032,1312057.1486032,999999.9999999999
2025-03-13T17:00:00.000+0000,1312057.1486032,1312057.1486032,999999.9999999999
2025-03-13T17:10:00.000+0000,1312057.1486032,1312057.1486032,999999.9999999999
2025-03-13T17:20:00.000+0000,1312057.1486032,1312057.1486032,999999.9999999999
2025-03-13T17:30:00.000+0000,1312057.1486032,1312057.1486032,999999.9999999999
2025-03-13T17:40:00.000+0000,1312057.1486032,1312057.1486032,999999.9999999999
2025-03-13T17:50:00.000+0000,1312057.1486032,1312057.1486032,999999.9999999999
2025-03-13T18:00:00.000+0000,1312057.1486032,1312057.1486032,999999.9999999999
2025-03-13T18:10:00.000+0000,1312057.1486032,1312057.1486032,999999.9999999999
2025-03-13T18:20:00.000+0000,1312057.1486032,1312057.1486032,999999.9999999999
2025-03-13T18:30:00.000+0000,1312057.1486032,1312057.1486032,999999.9999999999
2025-03-13T18:40:00.000+0000,1312057.1486032,1312057.1486032,999999.9999999999
2025-03-13T18:50:00.000+0000,1312057.1486032,1312057.1486032,999999.9999999999
2025-03-13T19:00:00.000+0000,1312057.1486032,1312057.1486032,999999.9999999999
2025-03-13T19:10:00.000+0000,1312057.1486032,1312057.1486032,999999.9999999999
2025-03-13T19:20:00.000+0000,1312057.1486032,1312057.1486032,999999.9999999999
2025-03-13T19:30:00.000+0000,1312057.1486032,1312057.1486032,999999.9999999999
2025-03-13T19:40:00.000+0000,1312057.1486032,1312057.1486032,999999.9999999999
2025-03-13T19:50:00.000+0000,1312057.1486032,1312057.1486032,999999.9999999999
2025-03-13T20:00:00.000+0000,1312057.1486032,1312057.1486032,999999.9999999999
2025-03-13T20:10:00.000+0000,1312057.1486032,1312057.1486032,999999.9999999999
2025-03-13T20:20:00.000+0000,1312057.1486032,1312057.1486032,999999.9999999999
2025-03-13T20:30:00.000+0000,1312057.1486032,1312057.1486032,999999.9999999999
2025-03-13T20:40:00.000+0000,1312057.1486032,1312057.1486032,999999.9999999999
2025-03-13T20:50:00.000+0000,1312057.1486032,1312057.1486032,999999.9999999999
2025-03-13T21:00:00.000+0000,1312057.1486032,1312057.1486032,999999.9999999999
2025-03-13T21:10:00.000+0000,1312057.1486032,1312057.1486032,999999.9999999999
2025-03-13T21:20:00.000+0000,1312057.1486032,1312057.1486032,999999.9999999999
2025-03-13T21:30:00.000+0000,1312057.1486032,1312057.1486032,999999.9999999999
2025-03-13T21:40:00.000+0000,1312057.1486032,1312057.1486032,999999.9999999999
2025-03-13T21:50:00.000+0000,1312057.1486032,1312057.1486032,999999.9999999999
2025-03-13T22:00:00.000+0000,1312057.1486032,1312057.1486032,999999.9999999999
2025-03-13T22:10:00.000+0000,1312057.1486032,1312057.1486032,999999.9999999999
2025-03-13T22:20:00.000+0000,1312057.1486032,1312057.1486032,999999.9999999999
2025-03-13T22:30:00.000+0000,1312057.1486032,1312057.1486032,999999.9999999999
2025-03-13T22:40:00.000+0000,1312057.1486032,1312057.1486032,999999.9999999999
2025-03-13T22:50:00.000+0000,1312057.1486032,1312057.1486032,999999.9999999999
2025-03-13T23:00:00.000+0000,1312057.1486032,1312057.1486032,999999.9999999999
2025-03-13T23:10:00.000+0000,1312057.1486032,1312057.1486032,999999.9999999999
2025-03-13T23:20:00.000+0000,1312057.1486032,1312057.1486032,999999.9999999999
2025-03-13T23:30:00.000+0000,1312057.1486032,1312057.1486032,999999.9999999999
2025-03-13T23:40:00.000+0000,1312057.1486032,1312057.1486032,999999.9999999999
2025-03-13T23:50:00.000+0000,1312057.1486032,1312057.1486032,999999.9999999999
2025-03-14T00:00:00.000+0000,1312057.1486032,1312057.1486032,999999.9999999999
2025-03-14T00:10:00.000+0000,1312057.1486032,1312057.1486032,999999.9999999999
2025-03-14T00:20:00.000+0000,1312057.1486032,1312057.1486032,999999.9999999999
2025-03-14T00:30:00.000+0000,1312057.1486032,1312057.1486032,999999.9999999999
2025-03-14T00:40:00.000+0000,1312057.1486032,1312057.1486032,999999.9999999999
2025-03-14T00:50:00.000+0000,1312057.1486032,1312057.1486032,999999.9999999999
2025-03-14T01:00:00.000+0000,1312057.1486032,1312057.1486032,999999.9999999999
2025-03-14T01:10:00.000+0000,1312057.1486032,1312057.1486032,999999.9999999999
2025-03-14T01:20:00.000+0000,1312057.1486032,1312057.1486032,999999.9999999999
2025-03-14T01:30:00.000+0000,1312057.1486032,1312057.1486032,999999.9999999999
2025-03-14T01:40:00.000+0000,1312057.1486032,1312057.1486032,999999.9999999999
2025-03-14T01:50:00.000+0000,1312057.1486032,1312057.1486032,999999.9999999999
2025-03-14T02:00:00.000+0000,1312057.1486032,1312057.1486032,999999.9999999999
2025-03-14T02:10:00.000+0000,1312057.1486032,1312057.1486032,999999.9999999999
2025-03-14T02:20:00.000+0000,1312057.1486032,1312057.1486032,999999.9999999999
2025-03-14T02:30:00.000+0000,1312057.1486032,1312057.1486032,999999.9999999999
2025-03-14T02:40:00.000+0000,1312057.1486032,1312057.1486032,999999.9999999999
2025-03-14T02:50:00.000+0000,1312057.1486032,1312057.1486032,999999.9999999999
2025-03-14T03:00:00.000+0000,1312057.1486032,1312057.1486032,999999.9999999999
2025-03-14T03:10:00.000+0000,1312057.1486032,1312057.1486032,999999.9999999999
2025-03-14T03:20:00.000+0000,1312057.1486032,1312057.1486032,999999.9999999999
2025-03-14T03:30:00.000+0000,1312057.1486032,1312057.1486032,999999.9999999999
2025-03-14T03:40:00.000+0000,1312057.1486032,1312057.1486032,999999.9999999999
2025-03-14T03:50:00.000+0000,1312057.1486032,1312057.1486032,999999.9999999999
2025-03-14T04:00:00.000+0000,1312057.1486032,1312057.1486032,999999.9999999999
2025-03-14T04:10:00.000+0000,1312057.1486032,1312057.1486032,999999.9999999999
2025-03-14T04:20:00.000+0000,1312057.1486032,1312057.1486032,999999.9999999999
2025-03-14T04:30:00.000+0000,1312057.1486032,1312057.1486032,999999.9999999999
2025-03-14T04:40:00.000+0000,1312057.1486032,1312057.1486032,999999.9999999999
2025-03-14T04:50:00.000+0000,1312057.1486032,1312057.1486032,999999.9999999999
2025-03-14T05:00:00.000+0000,1312057.1486032,1312057.1486032,999999.9999999999
2025-03-14T05:10:00.000+0000,1312057.1486032,1312057.1486032,999999.9999999999
2025-03-14T05:20:00.000+0000,1312057.1486032,1312057.1486032,999999.9999999999
2025-03-14T05:30:00.000+0000,1312057.1486032,1312057.1486032,999999.9999999999
2025-03-14T05:40:00.000+0000,1312057.1486032,1312057.1486032,999999.9999999999
2025-03-14T05:50:00.000+0000,1312057.1486032,1312057.1486032,999999.9999999999
2025-03-14T06:00:00.000+0000,1312057.1486032,1312057.1486032,999999.9999999999
2025-03-14T06:10:00.000+0000,1312057.1486032,1312057.1486032,999999.9999999999
2025-03-14T06:20:00.000+0000,1312057.1486032,1312057.1486032,999999.9999999999
2025-03-14T06:30:00.000+0000,1312057.1486032,1312057.1486032,999999.9999999999
2025-03-14T06:40:00.000+0000,1312057.1486032,1312057.1486032,999999.9999999999
2025-03-14T06:50:00.000+0000,1312057.1486032,1312057.1486032,999999.9999999999
2025-03-14T07:00:00.000+0000,1312057.1486032,1312057.1486032,999999.9999999999
2025-03-14T07:10:00.000+0000,1312057.1486032,1312057.1486032,999999.9999999999
2025-03-14T07:20:00.000+0000,1312057.1486032,1312057.1486032,999999.9999999999
2025-03-14T07:30:00.000+0000,1312057.1486032,1312057.1486032,999999.9999999999
2025-03-14T07:40:00.000+0000,1312057.1486032,1312057.1486032,999999.9999999999
2025-03-14T07:50:00.000+0000,1312057.1486032,1312057.1486032,999999.9999999999
2025-03-14T08:00:00.000+0000,1312057.1486032,1312057.1486032,999999.9999999999
2025-03-14T08:10:00.000+0000,1312057.1486032,1312057.1486032,999999.9999999999
2025-03-14T08:20:00.000+0000,1312057.1486032,1312057.1486032,999999.9999999999
2025-03-14T08:30:00.000+0000,1312057.1486032,1312057.1486032,999999.9999999999
2025-03-14T08:40:00.000+0000,1312057.1486032,1312057.1486032,999999.9999999999
2025-03-14T08:50:00.000+0000,1312057.1486032,1312057.1486032,999999.9999999999
2025-03-14T09:00:00.000+0000,1312057.1486032,1312057.1486032,999999.9999999999
2025-03-14T09:10:00.000+0000,1312057.1486032,1312057.1486032,999999.9999999999
2025-03-14T09:20:00.000+0000,1312057.1486032,1312057.1486032,999999.9999999999
2025-03-14T09:30:00.000+0000,1312057.1486032,1312057.1486032,999999.9999999999
2025-03-14T09:40:00.000+0000,1312057.1486032,1312057.1486032,999999.9999999999
2025-03-14T09:50:00.000+0000,1312057.1486032,1312057.1486032,999999.9999999999
2025-03-14T10:00:00.000+0000,1312057.1486032,1312057.1486032,999999.9999999999
2025-03-14T10:10:00.000+0000,1312057.1486032,1312057.1486032,999999.9999999999
2025-03-14T10:20:00.000+0000,1312057.1486032,1312057.1486032,999999.9999999999
2025-03-14T10:30:00.000+0000,1312057.1486032,1312057.1486032,999999.9999999999
2025-03-14T10:40:00.000+0000,1312057.1486032,1312057.1486032,999999.9999999999
2025-03-14T10:50:00.000+0000,1312057.1486032,1312057.1486032,999999.9999999999
2025-03-14T11:00:00.000+0000,1312057.1486032,1312057.1486032,999999.9999999999
2025-03-14T11:10:00.000+0000,1312057.1486032,1312057.1486032,999999.9999999999
2025-03-14T11:20:00.000+0000,1312057.1486032,1312057.1486032,999999.9999999999
2025-03-14T11:30:00.000+0000,1312057.1486032,1312057.1486032,999999.9999999999
2025-03-14T11:40:00.000+0000,1312057.1486032,1312057.1486032,999999.9999999999
2025-03-14T11:50:00.000+0000,1312057.1486032,1312057.1486032,999999.9999999999
2025-03-14T12:00:00.000+0000,1312057.1486032,1312057.1486032,999999.9999999999
2025-03-14T12:10:00.000+0000,1312057.1486032,1312057.1486032,999999.9999999999
2025-03-14T12:20:00.000+0000,1312057.1486032,1312057.1486032,999999.9999999999
2025-03-14T12:30:00.000+0000,1312057.1486032,1312057.1486032,999999.9999999999
2025-03-14T12:40:00.000+0000,1312057.1486032,1312057.1486032,999999.9999999999
2025-03-14T12:50:00.000+0000,1312057.1486032,1312057.1486032,999999.9999999999
2025-03-14T13:00:00.000+0000,1312057.1486032,1312057.1486032,999999.9999999999
2025-03-14T13:10:00.000+0000,1312057.1486032,1312057.1486032,999999.9999999999
2025-03-14T13:20:00.000+0000,1312057.1486032,1312057.1486032,999999.9999999999
2025-03-14T13:30:00.000+0000,1312057.1486032,1312057.1486032,999999.9999999999
2025-03-14T13:40:00.000+0000,1312057.1486032,1312057.1486032,999999.9999999999
2025-03-14T13:50:00.000+0000,1312057.1486032,1312057.1486032,999999.9999999999
2025-03-14T14:00:00.000+0000,1312057.1486032,1312057.1486032,999999.9999999999
2025-03-14T14:10:00.000+0000,1312057.1486032,1312057.1486032,999999.9999999999
2025-03-14T14:20:00.000+0000,1312057.1486032,1312057.1486032,999999.9999999999
2025-03-14T14:30:00.000+0000,1312057.1486032,1312057.1486032,999999.9999999999
2025-03-14T14:40:00.000+0000,1312057.1486032,1312057.1486032,999999.9999999999
2025-03-14T14:50:00.000+0000,1312057.1486032,1312057.1486032,999999.9999999999
2025-03-14T15:00:00.000+0000,1312057.1486032,1312057.1486032,999999.9999999999
2025-03-14T15:10:00.000+0000,1312057.1486032,1312057.1486032,999999.9999999999
2025-03-14T15:20:00.000+0000,1312057.1486032,1312057.1486032,999999.9999999999
2025-03-14T15:30:00.000+0000,1312057.1486032,1312057.1486032,999999.9999999999
2025-03-14T15:40:00.000+0000,1312057.1486032,1312057.1486032,999999.9999999999
2025-03-14T15:50:00.000+0000,1312057.1486032,1312057.1486032,999999.9999999999
2025-03-14T16:00:00.000+0000,1312057.1486032,1312057.1486032,999999.9999999999
2025-03-14T16:10:00.000+0000,1312057.1486032,1312057.1486032,999999.9999999999
2025-03-14T16:20:00.000+0000,1312057.1486032,1312057.1486032,999999.9999999999
2025-03-14T16:30:00.000+0000,1312057.1486032,1312057.1486032,999999.9999999999
2025-03-14T16:40:00.000+0000,1312057.1486032,1312057.1486032,999999.9999999999
2025-03-14T16:50:00.000+0000,1312057.1486032,1312057.1486032,999999.9999999999
2025-03-14T17:00:00.000+0000,1312057.1486032,1312057.1486032,999999.9999999999
2025-03-14T17:10:00.000+0000,1312057.1486032,1312057.1486032,999999.9999999999
2025-03-14T17:20:00.000+0000,1312057.1486032,1312057.1486032,999999.9999999999
2025-03-14T17:30:00.000+0000,1312057.1486032,1312057.1486032,999999.9999999999
2025-03-14T17:40:00.000+0000,1312057.1486032,1312057.1486032,999999.9999999999
2025-03-14T17:50:00.000+0000,1312057.1486032,1312057.1486032,999999.9999999999
2025-03-14T18:00:00.000+0000,1312057.1486032,1312057.1486032,999999.9999999999
2025-03-14T18:10:00.000+0000,1312057.1486032,1312057.1486032,999999.9999999999
2025-03-14T18:20:00.000+0000,1312057.1486032,1312057.1486032,999999.9999999999
2025-03-14T18:30:00.000+0000,1312057.1486032,1312057.1486032,999999.9999999999
2025-03-14T18:40:00.000+0000,1312057.1486032,1312057.1486032,999999.9999999999
2025-03-14T18:50:00.000+0000,1312057.1486032,1312057.1486032,999999.9999999999
2025-03-14T19:00:00.000+0000,1312057.1486032,1312057.1486032,999999.9999999999
2025-03-14T19:10:00.000+0000,1312057.1486032,1312057.1486032,999999.9999999999
2025-03-14T19:20:00.000+0000,1312057.1486032,1312057.1486032,999999.9999999999
2025-03-14T19:30:00.000+0000,1312057.1486032,1312057.1486032,999999.9999999999
2025-03-14T19:40:00.000+0000,1312057.1486032,1312057.1486032,999999.9999999999
2025-03-14T19:50:00.000+0000,1312057.1486032,1312057.1486032,999999.9999999999
2025-03-14T20:00:00.000+0000,1312057.1486032,1312057.1486032,999999.9999999999
2025-03-14T20:10:00.000+0000,1312057.1486032,1312057.1486032,999999.9999999999
2025-03-14T20:20:00.000+0000,1312057.1486032,1312057.1486032,999999.9999999999
2025-03-14T20:30:00.000+0000,1312057.1486032,1312057.1486032,999999.9999999999
2025-03-14T20:40:00.000+0000,1312057.1486032,1312057.1486032,999999.9999999999
2025-03-14T20:50:00.000+0000,1312057.1486032,1312057.1486032,999999.9999999999
2025-03-14T21:00:00.000+0000,1312057.1486032,1312057.1486032,999999.9999999999
2025-03-14T21:10:00.000+0000,1312057.1486032,1312057.1486032,999999.9999999999
2025-03-14T21:20:00.000+0000,1312057.1486032,1312057.1486032,999999.9999999999
2025-03-14T21:30:00.000+0000,1312057.1486032,1312057.1486032,999999.9999999999
2025-03-14T21:40:00.000+0000,1312057.1486032,1312057.1486032,999999.9999999999
2025-03-14T21:50:00.000+0000,1312057.1486032,1312057.1486032,999999.9999999999
2025-03-14T22:00:00.000+0000,1312057.1486032,1312057.1486032,999999.9999999999
2025-03-14T22:10:00.000+0000,1312057.1486032,1312057.1486032,999999.9999999999
2025-03-14T22:20:00.000+0000,1312057.1486032,1312057.1486032,999999.9999999999
2025-03-14T22:30:00.000+0000,1312057.1486032,1312057.1486032,999999.9999999999
2025-03-14T22:40:00.000+0000,1312057.1486032,1312057.1486032,999999.9999999999
2025-03-14T22:50:00.000+0000,1312057.1486032,1312057.1486032,999999.9999999999
2025-03-14T23:00:00.000+0000,1312057.1486032,1312057.1486032,999999.9999999999
2025-03-14T23:10:00.000+0000,1312057.1486032,1312057.1486032,999999.9999999999
2025-03-14T23:20:00.000+0000,1312057.1486032,1312057.1486032,999999.9999999999
2025-03-14T23:30:00.000+0000,1312057.1486032,1312057.1486032,999999.9999999999
2025-03-14T23:40:00.000+0000,1312057.1486032,1312057.1486032,999999.9999999999
2025-03-14T23:50:00.000+0000,1312057.1486032,1312057.1486032,999999.9999999999
2025-03-15T00:00:00.000+0000,1312057.1486032,1312057.1486032,999999.9999999999
2025-03-15T00:10:00.000+0000,1312057.1486032,1312057.1486032,999999.9999999999
2025-03-15T00:20:00.000+0000,1312057.1486032,1312057.1486032,999999.9999999999
2025-03-15T00:30:00.000+0000,1312057.1486032,1312057.1486032,999999.9999999999
2025-03-15T00:40:00.000+0000,1312057.1486032,1312057.1486032,999999.9999999999
2025-03-15T00:50:00.000+0000,1312057.1486032,1312057.1486032,999999.9999999999
2025-03-15T01:00:00.000+0000,1312057.1486032,1312057.1486032,999999.9999999999
2025-03-15T01:10:00.000+0000,1312057.1486032,1312057.1486032,999999.9999999999
2025-03-15T01:20:00.000+0000,1312057.1486032,1312057.1486032,999999.9999999999
2025-03-15T01:30:00.000+0000,1312057.1486032,1312057.1486032,999999.9999999999
2025-03-15T01:40:00.000+0000,1312057.1486032,1312057.1486032,999999.9999999999
2025-03-15T01:50:00.000+0000,1312057.1486032,1312057.1486032,999999.9999999999
2025-03-15T02:00:00.000+0000,1312057.1486032,1312057.1486032,999999.9999999999
2025-03-15T02:10:00.000+0000,1312057.1486032,1312057.1486032,999999.9999999999
2025-03-15T02:20:00.000+0000,1312057.1486032,1312057.1486032,999999.9999999999
2025-03-15T02:30:00.000+0000,1312057.1486032,1312057.1486032,999999.9999999999
2025-03-15T02:40:00.000+0000,1312057.1486032,1312057.1486032,999999.9999999999
2025-03-15T02:50:00.000+0000,1312057.1486032,1312057.1486032,999999.9999999999
2025-03-15T03:00:00.000+0000,1312057.1486032,1312057.1486032,999999.9999999999
2025-03-15T03:10:00.000+0000,1312057.1486032,1312057.1486032,999999.9999999999
2025-03-15T03:20:00.000+0000,1312057.1486032,1312057.1486032,999999.9999999999
2025-03-15T03:30:00.000+0000,1312057.1486032,1312057.1486032,999999.9999999999
2025-03-15T03:40:00.000+0000,1312057.1486032,1312057.1486032,999999.9999999999
2025-03-15T03:50:00.000+0000,1312057.1486032,1312057.1486032,999999.9999999999
2025-03-15T04:00:00.000+0000,1312057.1486032,1312057.1486032,999999.9999999999
2025-03-15T04:10:00.000+0000,1312057.1486032,1312057.1486032,999999.9999999999
2025-03-15T04:20:00.000+0000,1312057.1486032,1312057.1486032,999999.9999999999
2025-03-15T04:30:00.000+0000,1312057.1486032,1312057.1486032,999999.9999999999
2025-03-15T04:40:00.000+0000,1312057.1486032,1312057.1486032,999999.9999999999
2025-03-15T04:50:00.000+0000,1312057.1486032,1312057.1486032,999999.9999999999
2025-03-15T05:00:00.000+0000,1312057.1486032,1312057.1486032,999999.9999999999
2025-03-15T05:10:00.000+0000,1312057.1486032,1312057.1486032,999999.9999999999
2025-03-15T05:20:00.000+0000,1312057.1486032,1312057.1486032,999999.9999999999
2025-03-15T05:30:00.000+0000,1312057.1486032,1312057.1486032,999999.9999999999
2025-03-15T05:40:00.000+0000,1312057.1486032,1312057.1486032,999999.9999999999
2025-03-15T05:50:00.000+0000,1312057.1486032,1312057.1486032,999999.9999999999
2025-03-15T06:00:00.000+0000,1312057.1486032,1312057.1486032,999999.9999999999
2025-03-15T06:10:00.000+0000,1312057.1486032,1312057.1486032,999999.9999999999
2025-03-15T06:20:00.000+0000,1312057.1486032,1312057.1486032,999999.9999999999
2025-03-15T06:30:00.000+0000,1312057.1486032,1312057.1486032,999999.9999999999
2025-03-15T06:40:00.000+0000,1312057.1486032,1312057.1486032,999999.9999999999
2025-03-15T06:50:00.000+0000,1312057.1486032,1312057.1486032,999999.9999999999
2025-03-15T07:00:00.000+0000,1312057.1486032,1312057.1486032,999999.9999999999
2025-03-15T07:10:00.000+0000,1312057.1486032,1312057.1486032,999999.9999999999
2025-03-15T07:20:00.000+0000,1312057.1486032,1312057.1486032,999999.9999999999
2025-03-15T07:30:00.000+0000,1312057.1486032,1312057.1486032,999999.9999999999
2025-03-15T07:40:00.000+0000,1312057.1486032,1312057.1486032,999999.9999999999
2025-03-15T07:50:00.000+0000,1312057.1486032,1312057.1486032,999999.9999999999
2025-03-15T08:00:00.000+0000,1312057.1486032,1312057.1486032,999999.9999999999
2025-03-15T08:10:00.000+0000,1312057.1486032,1312057.1486032,999999.9999999999
2025-03-15T08:20:00.000+0000,1312057.1486032,1312057.1486032,999999.9999999999
2025-03-15T08:30:00.000+0000,1312057.1486032,1312057.1486032,999999.9999999999
2025-03-15T08:40:00.000+0000,1312057.1486032,1312057.1486032,999999.9999999999
2025-03-15T08:50:00.000+0000,1312057.1486032,1312057.1486032,999999.9999999999
2025-03-15T09:00:00.000+0000,1312057.1486032,1312057.1486032,999999.9999999999
2025-03-15T09:10:00.000+0000,1312057.1486032,1312057.1486032,999999.9999999999
2025-03-15T09:20:00.000+0000,1312057.1486032,1312057.1486032,999999.9999999999
2025-03-15T09:30:00.000+0000,1312057.1486032,1312057.1486032,999999.9999999999
2025-03-15T09:40:00.000+0000,1312057.1486032,1312057.1486032,999999.9999999999
2025-03-15T09:50:00.000+0000,1312057.1486032,1312057.1486032,999999.9999999999
2025-03-15T10:00:00.000+0000,1312057.1486032,1312057.1486032,999999.9999999999
2025-03-15T10:10:00.000+0000,1312057.1486032,1312057.1486032,999999.9999999999
2025-03-15T10:20:00.000+0000,1312057.1486032,1312057.1486032,999999.9999999999
2025-03-15T10:30:00.000+0000,1312057.1486032,1312057.1486032,999999.9999999999
2025-03-15T10:40:00.000+0000,1312057.1486032,1312057.1486032,999999.9999999999
2025-03-15T10:50:00.000+0000,1312057.1486032,1312057.1486032,999999.9999999999
2025-03-15T11:00:00.000+0000,1312057.1486032,1312057.1486032,999999.9999999999
2025-03-15T11:10:00.000+0000,1312057.1486032,1312057.1486032,999999.9999999999
2025-03-15T11:20:00.000+0000,1312057.1486032,1312057.1486032,999999.9999999999
2025-03-15T11:30:00.000+0000,1312057.1486032,1312057.1486032,999999.9999999999
2025-03-15T11:40:00.000+0000,1312057.1486032,1312057.1486032,999999.9999999999
2025-03-15T11:50:00.000+0000,1312057.1486032,1312057.1486032,999999.9999999999
2025-03-15T12:00:00.000+0000,1312057.1486032,1312057.1486032,999999.9999999999
2025-03-15T12:10:00.000+0000,1312057.1486032,1312057.1486032,999999.9999999999
2025-03-15T12:20:00.000+0000,1312057.1486032,1312057.1486032,999999.9999999999
2025-03-15T12:30:00.000+0000,1312057.1486032,1312057.1486032,999999.9999999999
2025-03-15T12:40:00.000+0000,1312057.1486032,1312057.1486032,999999.9999999999
2025-03-15T12:50:00.000+0000,1312057.1486032,1312057.1486032,999999.9999999999
2025-03-15T13:00:00.000+0000,1312057.1486032,1312057.1486032,999999.9999999999
2025-03-15T13:10:00.000+0000,1312057.1486032,1312057.1486032,999999.9999999999
2025-03-15T13:20:00.000+0000,1312057.1486032,1312057.1486032,999999.9999999999
2025-03-15T13:30:00.000+0000,1312057.1486032,1312057.1486032,999999.9999999999
2025-03-15T13:40:00.000+0000,1312057.1486032,1312057.1486032,999999.9999999999
2025-03-15T13:50:00.000+0000,1312057.1486032,1312057.1486032,999999.9999999999
2025-03-15T14:00:00.000+0000,1312057.1486032,1312057.1486032,999999.9999999999
2025-03-15T14:10:00.000+0000,1312057.1486032,1312057.1486032,999999.9999999999
2025-03-15T14:20:00.000+0000,1312057.1486032,1312057.1486032,999999.9999999999
2025-03-15T14:30:00.000+0000,1312057.1486032,1312057.1486032,999999.9999999999
2025-03-15T14:40:00.000+0000,1312057.1486032,1312057.1486032,999999.9999999999
2025-03-15T14:50:00.000+0000,1312057.1486032,1312057.1486032,999999.9999999999
2025-03-15T15:00:00.000+0000,1312057.1486032,1312057.1486032,999999.9999999999
2025-03-15T15:10:00.000+0000,1312057.1486032,1312057.1486032,999999.9999999999
2025-03-15T15:20:00.000+0000,1312057.1486032,1312057.1486032,999999.9999999999
2025-03-15T15:30:00.000+0000,1312057.1486032,1312057.1486032,999999.9999999999
2025-03-15T15:40:00.000+0000,1312057.1486032,1312057.1486032,999999.9999999999
2025-03-15T15:50:00.000+0000,1312057.1486032,1312057.1486032,999999.9999999999
2025-03-15T16:00:00.000+0000,1312057.1486032,1312057.1486032,999999.9999999999
2025-03-15T16:10:00.000+0000,1312057.1486032,1312057.1486032,999999.9999999999
2025-03-15T16:20:00.000+0000,1312057.1486032,1312057.1486032,999999.9999999999
2025-03-15T16:30:00.000+0000,1312057.1486032,1312057.1486032,999999.9999999999
2025-03-15T16:40:00.000+0000,1312057.1486032,1312057.1486032,999999.9999999999
2025-03-15T16:50:00.000+0000,1312057.1486032,1312057.1486032,999999.9999999999
2025-03-15T17:00:00.000+0000,1312057.1486032,1312057.1486032,999999.9999999999
2025-03-15T17:10:00.000+0000,1312057.1486032,1312057.1486032,999999.9999999999
2025-03-15T17:20:00.000+0000,1312057.1486032,1312057.1486032,999999.9999999999
2025-03-15T17:30:00.000+0000,1312057.1486032,1312057.1486032,999999.9999999999
2025-03-15T17:40:00.000+0000,1312057.1486032,1312057.1486032,999999.9999999999
2025-03-15T17:50:00.000+0000,1312057.1486032,1312057.1486032,999999.9999999999
2025-03-15T18:00:00.000+0000,1312057.1486032,1312057.1486032,999999.9999999999
2025-03-15T18:10:00.000+0000,1312057.1486032,1312057.1486032,999999.9999999999
2025-03-15T18:20:00.000+0000,1312057.1486032,1312057.1486032,999999.9999999999
2025-03-15T18:30:00.000+0000,1312057.1486032,1312057.1486032,999999.9999999999
2025-03-15T18:40:00.000+0000,1312057.1486032,1312057.1486032,999999.9999999999
2025-03-15T18:50:00.000+0000,1312057.1486032,1312057.1486032,999999.9999999999
2025-03-15T19:00:00.000+0000,1312057.1486032,1312057.1486032,999999.9999999999
2025-03-15T19:10:00.000+0000,1312057.1486032,1312057.1486032,999999.9999999999
2025-03-15T19:20:00.000+0000,1312057.1486032,1312057.1486032,999999.9999999999
2025-03-15T19:30:00.000+0000,1312057.1486032,1312057.1486032,999999.9999999999
2025-03-15T19:40:00.000+0000,1312057.1486032,1312057.1486032,999999.9999999999
2025-03-15T19:50:00.000+0000,1312057.1486032,1312057.1486032,999999.9999999999
2025-03-15T20:00:00.000+0000,1312057.1486032,1312057.1486032,999999.9999999999
2025-03-15T20:10:00.000+0000,1312057.1486032,1312057.1486032,999999.9999999999
2025-03-15T20:20:00.000+0000,1312057.1486032,1312057.1486032,999999.9999999999
2025-03-15T20:30:00.000+0000,1312057.1486032,1312057.1486032,999999.9999999999
2025-03-15T20:40:00.000+0000,1312057.1486032,1312057.1486032,999999.9999999999
2025-03-15T20:50:00.000+0000,1312057.1486032,1312057.1486032,999999.9999999999
2025-03-15T21:00:00.000+0000,1312057.1486032,1312057.1486032,999999.9999999999
2025-03-15T21:10:00.000+0000,1312057.1486032,1312057.1486032,999999.9999999999
2025-03-15T21:20:00.000+0000,1312057.1486032,1312057.1486032,999999.9999999999
2025-03-15T21:30:00.000+0000,1312057.1486032,1312057.1486032,999999.9999999999
2025-03-15T21:40:00.000+0000,1312057.1486032,1312057.1486032,999999.9999999999
2025-03-15T21:50:00.000+0000,1312057.1486032,1312057.1486032,999999.9999999999
2025-03-15T22:00:00.000+0000,1312057.1486032,1312057.1486032,999999.9999999999
2025-03-15T22:10:00.000+0000,1312057.1486032,1312057.1486032,999999.9999999999
2025-03-15T22:20:00.000+0000,1312057.1486032,1312057.1486032,999999.9999999999
2025-03-15T22:30:00.000+0000,1312057.1486032,1312057.1486032,999999.9999999999
2025-03-15T22:40:00.000+0000,1312057.1486032,1312057.1486032,999999.9999999999
2025-03-15T22:50:00.000+0000,1312057.1486032,1312057.1486032,999999.9999999999
2025-03-15T23:00:00.000+0000,1312057.1486032,1312057.1486032,999999.9999999999
2025-03-15T23:10:00.000+0000,1312057.1486032,1312057.1486032,999999.9999999999
2025-03-15T23:20:00.000+0000,1312057.1486032,1312057.1486032,999999.9999999999
2025-03-15T23:30:00.000+0000,1312057.1486032,1312057.1486032,999999.9999999999
2025-03-15T23:40:00.000+0000,1312057.1486032,1312057.1486032,999999.9999999999
2025-03-15T23:50:00.000+0000,1312057.1486032,1312057.1486032,999999.9999999999
2025-03-16T00:00:00.000+0000,1312057.1486032,1312057.1486032,999999.9999999999
2025-03-16T00:10:00.000+0000,1312057.1486032,1312057.1486032,999999.9999999999
2025-03-16T00:20:00.000+0000,1312057.1486032,1312057.1486032,999999.9999999999
2025-03-16T00:30:00.000+0000,1312057.1486032,1312057.1486032,999999.9999999999
2025-03-16T00:40:00.000+0000,1312057.1486032,1312057.1486032,999999.9999999999
2025-03-16T00:50:00.000+0000,1312057.1486032,1312057.1486032,999999.9999999999
2025-03-16T01:00:00.000+0000,1312057.1486032,1312057.1486032,999999.9999999999
2025-03-16T01:10:00.000+0000,1312057.1486032,1312057.1486032,999999.9999999999
2025-03-16T01:20:00.000+0000,1312057.1486032,1312057.1486032,999999.9999999999
2025-03-16T01:30:00.000+0000,1312057.1486032,1312057.1486032,999999.9999999999
2025-03-16T01:40:00.000+0000,1312057.1486032,1312057.1486032,999999.9999999999
2025-03-16T01:50:00.000+0000,1312057.1486032,1312057.1486032,999999.9999999999
2025-03-16T02:00:00.000+0000,1312057.1486032,1312057.1486032,999999.9999999999
2025-03-16T02:10:00.000+0000,1312057.1486032,1312057.1486032,999999.9999999999
2025-03-16T02:20:00.000+0000,1312057.1486032,1312057.1486032,999999.9999999999
2025-03-16T02:30:00.000+0000,1312057.1486032,1312057.1486032,999999.9999999999
2025-03-16T02:40:00.000+0000,1312057.1486032,1312057.1486032,999999.9999999999
2025-03-16T02:50:00.000+0000,1312057.1486032,1312057.1486032,999999.9999999999
2025-03-16T03:00:00.000+0000,1312057.1486032,1312057.1486032,999999.9999999999
2025-03-16T03:10:00.000+0000,1312057.1486032,1312057.1486032,999999.9999999999
2025-03-16T03:20:00.000+0000,1312057.1486032,1312057.1486032,999999.9999999999
2025-03-16T03:30:00.000+0000,1312057.1486032,1312057.1486032,999999.9999999999
2025-03-16T03:40:00.000+0000,1312057.1486032,1312057.1486032,999999.9999999999
2025-03-16T03:50:00.000+0000,1312057.1486032,1312057.1486032,999999.9999999999
2025-03-16T04:00:00.000+0000,1312057.1486032,1312057.1486032,999999.9999999999
2025-03-16T04:10:00.000+0000,1312057.1486032,1312057.1486032,999999.9999999999
2025-03-16T04:20:00.000+0000,1312057.1486032,1312057.1486032,999999.9999999999
2025-03-16T04:30:00.000+0000,1312057.1486032,1312057.1486032,999999.9999999999
2025-03-16T04:40:00.000+0000,1312057.1486032,1312057.1486032,999999.9999999999
2025-03-16T04:50:00.000+0000,1312057.1486032,1312057.1486032,999999.9999999999
2025-03-16T05:00:00.000+0000,1312057.1486032,1312057.1486032,999999.9999999999
2025-03-16T05:10:00.000+0000,1312057.1486032,1312057.1486032,999999.9999999999
2025-03-16T05:20:00.000+0000,1312057.1486032,1312057.1486032,999999.9999999999
2025-03-16T05:30:00.000+0000,1312057.1486032,1312057.1486032,999999.9999999999
2025-03-16T05:40:00.000+0000,1312057.1486032,1312057.1486032,999999.9999999999
2025-03-16T05:50:00.000+0000,1312057.1486032,1312057.1486032,999999.9999999999
2025-03-16T06:00:00.000+0000,1312057.1486032,1312057.1486032,999999.9999999999
2025-03-16T06:10:00.000+0000,1312057.1486032,1312057.1486032,999999.9999999999
2025-03-16T06:20:00.000+0000,1312057.1486032,1312057.1486032,999999.9999999999
2025-03-16T06:30:00.000+0000,1312057.1486032,1312057.1486032,999999.9999999999
2025-03-16T06:40:00.000+0000,1312057.1486032,1312057.1486032,999999.9999999999
2025-03-16T06:50:00.000+0000,1312057.1486032,1312057.1486032,999999.9999999999
2025-03-16T07:00:00.000+0000,1312057.1486032,1312057.1486032,999999.9999999999
2025-03-16T07:10:00.000+0000,1312057.1486032,1312057.1486032,999999.9999999999
2025-03-16T07:20:00.000+0000,1312057.1486032,1312057.1486032,999999.9999999999
2025-03-16T07:30:00.000+0000,1312057.1486032,1312057.1486032,999999.9999999999
2025-03-16T07:40:00.000+0000,1312057.1486032,1312057.1486032,999999.9999999999
2025-03-16T07:50:00.000+0000,1312057.1486032,1312057.1486032,999999.9999999999
2025-03-16T08:00:00.000+0000,1312057.1486032,1312057.1486032,999999.9999999999
2025-03-16T08:10:00.000+0000,1312057.1486032,1312057.1486032,999999.9999999999
2025-03-16T08:20:00.000+0000,1312057.1486032,1312057.1486032,999999.9999999999
2025-03-16T08:30:00.000+0000,1312057.1486032,1312057.1486032,999999.9999999999
2025-03-16T08:40:00.000+0000,1312057.1486032,1312057.1486032,999999.9999999999
2025-03-16T08:50:00.000+0000,1312057.1486032,1312057.1486032,999999.9999999999
2025-03-16T09:00:00.000+0000,1312057.1486032,1312057.1486032,999999.9999999999
2025-03-16T09:10:00.000+0000,1312057.1486032,1312057.1486032,999999.9999999999
2025-03-16T09:20:00.000+0000,1312057.1486032,1312057.1486032,999999.9999999999
2025-03-16T09:30:00.000+0000,1312057.1486032,1312057.1486032,999999.9999999999
2025-03-16T09:40:00.000+0000,1312057.1486032,1312057.1486032,999999.9999999999
2025-03-16T09:50:00.000+0000,1312057.1486032,1312057.1486032,999999.9999999999
2025-03-16T10:00:00.000+0000,1312057.1486032,1312057.1486032,999999.9999999999
2025-03-16T10:10:00.000+0000,1312057.1486032,1312057.1486032,999999.9999999999
2025-03-16T10:20:00.000+0000,1312057.1486032,1312057.1486032,999999.9999999999
2025-03-16T10:30:00.000+0000,1312057.1486032,1312057.1486032,999999.9999999999
2025-03-16T10:40:00.000+0000,1312057.1486032,1312057.1486032,999999.9999999999
2025-03-16T10:50:00.000+0000,1312057.1486032,1312057.1486032,999999.9999999999
2025-03-16T11:00:00.000+0000,1312057.1486032,1312057.1486032,999999.9999999999
2025-03-16T11:10:00.000+0000,1312057.1486032,1312057.1486032,999999.9999999999
2025-03-16T11:20:00.000+0000,1312057.1486032,1312057.1486032,999999.9999999999
2025-03-16T11:30:00.000+0000,1312057.1486032,1312057.1486032,999999.9999999999
2025-03-16T11:40:00.000+0000,1312057.1486032,1312057.1486032,999999.9999999999
2025-03-16T11:50:00.000+0000,1312057.1486032,1312057.1486032,999999.9999999999
2025-03-16T12:00:00.000+0000,1312057.1486032,1312057.1486032,999999.9999999999
2025-03-16T12:10:00.000+0000,1312057.1486032,1312057.1486032,999999.9999999999
2025-03-16T12:20:00.000+0000,1312057.1486032,1312057.1486032,999999.9999999999
2025-03-16T12:30:00.000+0000,1312057.1486032,1312057.1486032,999999.9999999999
2025-03-16T12:40:00.000+0000,1312057.1486032,1312057.1486032,999999.9999999999
2025-03-16T12:50:00.000+0000,1312057.1486032,1312057.1486032,999999.9999999999
2025-03-16T13:00:00.000+0000,1312057.1486032,1312057.1486032,999999.9999999999
2025-03-16T13:10:00.000+0000,1312057.1486032,1312057.1486032,999999.9999999999
2025-03-16T13:20:00.000+0000,1312057.1486032,1312057.1486032,999999.9999999999
2025-03-16T13:30:00.000+0000,1312057.1486032,1312057.1486032,999999.9999999999
2025-03-16T13:40:00.000+0000,1312057.1486032,1312057.1486032,999999.9999999999
2025-03-16T13:50:00.000+0000,1312057.1486032,1312057.1486032,999999.9999999999
2025-03-16T14:00:00.000+0000,1312057.1486032,1312057.1486032,999999.9999999999
2025-03-16T14:10:00.000+0000,1312057.1486032,1312057.1486032,999999.9999999999
2025-03-16T14:20:00.000+0000,1312057.1486032,1312057.1486032,999999.9999999999
2025-03-16T14:30:00.000+0000,1312057.1486032,1312057.1486032,999999.9999999999
2025-03-16T14:40:00.000+0000,1312057.1486032,1312057.1486032,999999.9999999999
2025-03-16T14:50:00.000+0000,1312057.1486032,1312057.1486032,999999.9999999999
2025-03-16T15:00:00.000+0000,1312057.1486032,1312057.1486032,999999.9999999999
2025-03-16T15:10:00.000+0000,1312057.1486032,1312057.1486032,999999.9999999999
2025-03-16T15:20:00.000+0000,1312057.1486032,1312057.1486032,999999.9999999999
2025-03-16T15:30:00.000+0000,1312057.1486032,1312057.1486032,999999.9999999999
2025-03-16T15:40:00.000+0000,1312057.1486032,1312057.1486032,999999.9999999999
2025-03-16T15:50:00.000+0000,1312057.1486032,1312057.1486032,999999.9999999999
2025-03-16T16:00:00.000+0000,1312057.1486032,1312057.1486032,999999.9999999999
2025-03-16T16:10:00.000+0000,1312057.1486032,1312057.1486032,999999.9999999999
2025-03-16T16:20:00.000+0000,1312057.1486032,1312057.1486032,999999.9999999999
2025-03-16T16:30:00.000+0000,1312057.1486032,1312057.1486032,999999.9999999999
2025-03-16T16:40:00.000+0000,1312057.1486032,1312057.1486032,999999.9999999999
2025-03-16T16:50:00.000+0000,1312057.1486032,1312057.1486032,999999.9999999999
2025-03-16T17:00:00.000+0000,1312057.1486032,1312057.1486032,999999.9999999999
2025-03-16T17:10:00.000+0000,1312057.1486032,1312057.1486032,999999.9999999999
2025-03-16T17:20:00.000+0000,1312057.1486032,1312057.1486032,999999.9999999999
2025-03-16T17:30:00.000+0000,1312057.1486032,1312057.1486032,999999.9999999999
2025-03-16T17:40:00.000+0000,1312057.1486032,1312057.1486032,999999.9999999999
2025-03-16T17:50:00.000+0000,1312057.1486032,1312057.1486032,999999.9999999999
2025-03-16T18:00:00.000+0000,1312057.1486032,1312057.1486032,999999.9999999999
2025-03-16T18:10:00.000+0000,1312057.1486032,1312057.1486032,999999.9999999999
2025-03-16T18:20:00.000+0000,1312057.1486032,1312057.1486032,999999.9999999999
2025-03-16T18:30:00.000+0000,1312057.1486032,1312057.1486032,999999.9999999999
2025-03-16T18:40:00.000+0000,1312057.1486032,1312057.1486032,999999.9999999999
2025-03-16T18:50:00.000+0000,1312057.1486032,1312057.1486032,999999.9999999999
2025-03-16T19:00:00.000+0000,1312057.1486032,1312057.1486032,999999.9999999999
2025-03-16T19:10:00.000+0000,1312057.1486032,1312057.1486032,999999.9999999999
2025-03-16T19:20:00.000+0000,1312057.1486032,1312057.1486032,999999.9999999999
2025-03-16T19:30:00.000+0000,1312057.1486032,1312057.1486032,999999.9999999999
2025-03-16T19:40:00.000+0000,1312057.1486032,1312057.1486032,999999.9999999999
2025-03-16T19:50:00.000+0000,1312057.1486032,1312057.1486032,999999.9999999999
2025-03-16T20:00:00.000+0000,1312057.1486032,1312057.1486032,999999.9999999999
2025-03-16T20:10:00.000+0000,1312057.1486032,1312057.1486032,999999.9999999999
2025-03-16T20:20:00.000+0000,1312057.1486032,1312057.1486032,999999.9999999999
2025-03-16T20:30:00.000+0000,1312057.1486032,1312057.1486032,999999.9999999999
2025-03-16T20:40:00.000+0000,1312057.1486032,1312057.1486032,999999.9999999999
2025-03-16T20:50:00.000+0000,1312057.1486032,1312057.1486032,999999.9999999999
2025-03-16T21:00:00.000+0000,1312057.1486032,1312057.1486032,999999.9999999999
2025-03-16T21:10:00.000+0000,1312057.1486032,1312057.1486032,999999.9999999999
2025-03-16T21:20:00.000+0000,1312057.1486032,1312057.1486032,999999.9999999999
2025-03-16T21:30:00.000+0000,1312057.1486032,1312057.1486032,999999.9999999999
2025-03-16T21:40:00.000+0000,1312057.1486032,1312057.1486032,999999.9999999999
2025-03-16T21:50:00.000+0000,1312057.1486032,1312057.1486032,999999.9999999999
2025-03-16T22:00:00.000+0000,1312057.1486032,1312057.1486032,999999.9999999999
2025-03-16T22:10:00.000+0000,1312057.1486032,1312057.1486032,999999.9999999999
2025-03-16T22:20:00.000+0000,1312057.1486032,1312057.1486032,999999.9999999999
2025-03-16T22:30:00.000+0000,1312057.1486032,1312057.1486032,999999.9999999999
2025-03-16T22:40:00.000+0000,1312057.1486032,1312057.1486032,999999.9999999999
2025-03-16T22:50:00.000+0000,1312057.1486032,1312057.1486032,999999.9999999999
2025-03-16T23:00:00.000+0000,1312057.1486032,1312057.1486032,999999.9999999999
2025-03-16T23:10:00.000+0000,1312057.1486032,1312057.1486032,999999.9999999999
2025-03-16T23:20:00.000+0000,1312057.1486032,1312057.1486032,999999.9999999999
2025-03-16T23:30:00.000+0000,1312057.1486032,1312057.1486032,999999.9999999999
2025-03-16T23:40:00.000+0000,1312057.1486032,1312057.1486032,999999.9999999999
2025-03-16T23:50:00.000+0000,1312057.1486032,1312057.1486032,999999.9999999999
2025-03-17T00:00:00.000+0000,1312057.1486032,1312057.1486032,999999.9999999999
2025-03-17T00:10:00.000+0000,1312057.1486032,1312057.1486032,999999.9999999999
2025-03-17T00:20:00.000+0000,1312057.1486032,1312057.1486032,999999.9999999999
2025-03-17T00:30:00.000+0000,1312057.1486032,1312057.1486032,999999.9999999999
2025-03-17T00:40:00.000+0000,1312057.1486032,1312057.1486032,999999.9999999999
2025-03-17T00:50:00.000+0000,1312057.1486032,1312057.1486032,999999.9999999999
2025-03-17T01:00:00.000+0000,1312057.1486032,1312057.1486032,999999.9999999999
2025-03-17T01:10:00.000+0000,1312057.1486032,1312057.1486032,999999.9999999999
2025-03-17T01:20:00.000+0000,1312057.1486032,1312057.1486032,999999.9999999999
2025-03-17T01:30:00.000+0000,1312057.1486032,1312057.1486032,999999.9999999999
2025-03-17T01:40:00.000+0000,1312057.1486032,1312057.1486032,999999.9999999999
2025-03-17T01:50:00.000+0000,1312057.1486032,1312057.1486032,999999.9999999999
2025-03-17T02:00:00.000+0000,1312057.1486032,1312057.1486032,999999.9999999999
2025-03-17T02:10:00.000+0000,1312057.1486032,1312057.1486032,999999.9999999999
2025-03-17T02:20:00.000+0000,1312057.1486032,1312057.1486032,999999.9999999999
2025-03-17T02:30:00.000+0000,1312057.1486032,1312057.1486032,999999.9999999999
2025-03-17T02:40:00.000+0000,1312057.1486032,1312057.1486032,999999.9999999999
2025-03-17T02:50:00.000+0000,1312057.1486032,1312057.1486032,999999.9999999999
2025-03-17T03:00:00.000+0000,1312057.1486032,1312057.1486032,999999.9999999999
2025-03-17T03:10:00.000+0000,1312057.1486032,1312057.1486032,999999.9999999999
2025-03-17T03:20:00.000+0000,1312057.1486032,1312057.1486032,999999.9999999999
2025-03-17T03:30:00.000+0000,1312057.1486032,1312057.1486032,999999.9999999999
2025-03-17T03:40:00.000+0000,1312057.1486032,1312057.1486032,999999.9999999999
2025-03-17T03:50:00.000+0000,1312057.1486032,1312057.1486032,999999.9999999999
2025-03-17T04:00:00.000+0000,1312057.1486032,1312057.1486032,999999.9999999999
2025-03-17T04:10:00.000+0000,1312057.1486032,1312057.1486032,999999.9999999999
2025-03-17T04:20:00.000+0000,1312057.1486032,1312057.1486032,999999.9999999999
2025-03-17T04:30:00.000+0000,1312057.1486032,1312057.1486032,999999.9999999999
2025-03-17T04:40:00.000+0000,1312057.1486032,1312057.1486032,999999.9999999999
2025-03-17T04:50:00.000+0000,1312057.1486032,1312057.1486032,999999.9999999999
2025-03-17T05:00:00.000+0000,1312057.1486032,1312057.1486032,999999.9999999999
2025-03-17T05:10:00.000+0000,1312057.1486032,1312057.1486032,999999.9999999999
2025-03-17T05:20:00.000+0000,1312057.1486032,1312057.1486032,999999.9999999999
2025-03-17T05:30:00.000+0000,1312057.1486032,1312057.1486032,999999.9999999999
2025-03-17T05:40:00.000+0000,1312057.1486032,1312057.1486032,999999.9999999999
2025-03-17T05:50:00.000+0000,1312057.1486032,1312057.1486032,999999.9999999999
2025-03-17T06:00:00.000+0000,1312057.1486032,1312057.1486032,999999.9999999999
2025-03-17T06:10:00.000+0000,1312057.1486032,1312057.1486032,999999.9999999999
2025-03-17T06:20:00.000+0000,1312057.1486032,1312057.1486032,999999.9999999999
2025-03-17T06:30:00.000+0000,1312057.1486032,1312057.1486032,999999.9999999999
2025-03-17T06:40:00.000+0000,1312057.1486032,1312057.1486032,999999.9999999999
2025-03-17T06:50:00.000+0000,1312057.1486032,1312057.1486032,999999.9999999999
2025-03-17T07:00:00.000+0000,1312057.1486032,1312057.1486032,999999.9999999999
2025-03-17T07:10:00.000+0000,1312057.1486032,1312057.1486032,999999.9999999999
2025-03-17T07:20:00.000+0000,1312057.1486032,1312057.1486032,999999.9999999999
2025-03-17T07:30:00.000+0000,1312057.1486032,1312057.1486032,999999.9999999999
2025-03-17T07:40:00.000+0000,1312057.1486032,1312057.1486032,999999.9999999999
2025-03-17T07:50:00.000+0000,1312057.1486032,1312057.1486032,999999.9999999999
2025-03-17T08:00:00.000+0000,1312057.1486032,1312057.1486032,999999.9999999999
2025-03-17T08:10:00.000+0000,1312057.1486032,1312057.1486032,999999.9999999999
2025-03-17T08:20:00.000+0000,1312057.1486032,1312057.1486032,999999.9999999999
2025-03-17T08:30:00.000+0000,1312057.1486032,1312057.1486032,999999.9999999999
2025-03-17T08:40:00.000+0000,1312057.1486032,1312057.1486032,999999.9999999999
2025-03-17T08:50:00.000+0000,1312057.1486032,1312057.1486032,999999.9999999999
2025-03-17T09:00:00.000+0000,1312057.1486032,1312057.1486032,999999.9999999999
2025-03-17T09:10:00.000+0000,1312057.1486032,1312057.1486032,999999.9999999999
2025-03-17T09:20:00.000+0000,1312057.1486032,1312057.1486032,999999.9999999999
2025-03-17T09:30:00.000+0000,1312057.1486032,1312057.1486032,999999.9999999999
2025-03-17T09:40:00.000+0000,1312057.1486032,1312057.1486032,999999.9999999999
2025-03-17T09:50:00.000+0000,1312057.1486032,1312057.1486032,999999.9999999999
2025-03-17T10:00:00.000+0000,1312057.1486032,1312057.1486032,999999.9999999999
2025-03-17T10:10:00.000+0000,1312057.1486032,1312057.1486032,999999.9999999999
2025-03-17T10:20:00.000+0000,1312057.1486032,1312057.1486032,999999.9999999999
2025-03-17T10:30:00.000+0000,1312057.1486032,1312057.1486032,999999.9999999999
2025-03-17T10:40:00.000+0000,1312057.1486032,1312057.1486032,999999.9999999999
2025-03-17T10:50:00.000+0000,1312057.1486032,1312057.1486032,999999.9999999999
2025-03-17T11:00:00.000+0000,1312057.1486032,1312057.1486032,999999.9999999999
2025-03-17T11:10:00.000+0000,1312057.1486032,1312057.1486032,999999.9999999999
2025-03-17T11:20:00.000+0000,1312057.1486032,1312057.1486032,999999.9999999999
2025-03-17T11:30:00.000+0000,1312057.1486032,1312057.1486032,999999.9999999999
2025-03-17T11:40:00.000+0000,1312057.1486032,1312057.1486032,999999.9999999999
2025-03-17T11:50:00.000+0000,1312057.1486032,1312057.1486032,999999.9999999999
2025-03-17T12:00:00.000+0000,1312057.1486032,1312057.1486032,999999.9999999999
2025-03-17T12:10:00.000+0000,1312057.1486032,1312057.1486032,999999.9999999999
2025-03-17T12:20:00.000+0000,1312057.1486032,1312057.1486032,999999.9999999999
2025-03-17T12:30:00.000+0000,1312057.1486032,1312057.1486032,999999.9999999999
2025-03-17T12:40:00.000+0000,1312057.1486032,1312057.1486032,999999.9999999999
2025-03-17T12:50:00.000+0000,1312057.1486032,1312057.1486032,999999.9999999999
2025-03-17T13:00:00.000+0000,1312057.1486032,1312057.1486032,999999.9999999999
2025-03-17T13:10:00.000+0000,1312057.1486032,1312057.1486032,999999.9999999999
2025-03-17T13:20:00.000+0000,1312057.1486032,1312057.1486032,999999.9999999999
2025-03-17T13:30:00.000+0000,1312057.1486032,1312057.1486032,999999.9999999999
2025-03-17T13:40:00.000+0000,1312057.1486032,1312057.1486032,999999.9999999999
2025-03-17T13:50:00.000+0000,1312057.1486032,1312057.1486032,999999.9999999999
2025-03-17T14:00:00.000+0000,1312057.1486032,1312057.1486032,999999.9999999999
2025-03-17T14:10:00.000+0000,1312057.1486032,1312057.1486032,999999.9999999999
2025-03-17T14:20:00.000+0000,1312057.1486032,1312057.1486032,999999.9999999999
2025-03-17T14:30:00.000+0000,1312057.1486032,1312057.1486032,999999.9999999999
2025-03-17T14:40:00.000+0000,1312057.1486032,1312057.1486032,999999.9999999999
2025-03-17T14:50:00.000+0000,1312057.1486032,1312057.1486032,999999.9999999999
2025-03-17T15:00:00.000+0000,1312057.1486032,1312057.1486032,999999.9999999999
2025-03-17T15:10:00.000+0000,1312057.1486032,1312057.1486032,999999.9999999999
2025-03-17T15:20:00.000+0000,1312057.1486032,1312057.1486032,999999.9999999999
2025-03-17T15:30:00.000+0000,1312057.1486032,1312057.1486032,999999.9999999999
2025-03-17T15:40:00.000+0000,1312057.1486032,1312057.1486032,999999.9999999999
2025-03-17T15:50:00.000+0000,1312057.1486032,1312057.1486032,999999.9999999999
2025-03-17T16:00:00.000+0000,1312057.1486032,1312057.1486032,999999.9999999999
2025-03-17T16:10:00.000+0000,1312057.1486032,1312057.1486032,999999.9999999999
2025-03-17T16:20:00.000+0000,1312057.1486032,1312057.1486032,999999.9999999999
2025-03-17T16:30:00.000+0000,1312057.1486032,1312057.1486032,999999.9999999999
2025-03-17T16:40:00.000+0000,1312057.1486032,1312057.1486032,999999.9999999999
2025-03-17T16:50:00.000+0000,1312057.1486032,1312057.1486032,999999.9999999999
2025-03-17T17:00:00.000+0000,1312057.1486032,1312057.1486032,999999.9999999999
2025-03-17T17:10:00.000+0000,1312057.1486032,1312057.1486032,999999.9999999999
2025-03-17T17:20:00.000+0000,1312057.1486032,1312057.1486032,999999.9999999999
2025-03-17T17:30:00.000+0000,1312057.1486032,1312057.1486032,999999.9999999999
2025-03-17T17:40:00.000+0000,1312057.1486032,1312057.1486032,999999.9999999999
2025-03-17T17:50:00.000+0000,1312057.1486032,1312057.1486032,999999.9999999999
2025-03-17T18:00:00.000+0000,1312057.1486032,1312057.1486032,999999.9999999999
2025-03-17T18:10:00.000+0000,1312057.1486032,1312057.1486032,999999.9999999999
2025-03-17T18:20:00.000+0000,1312057.1486032,1312057.1486032,999999.9999999999
2025-03-17T18:30:00.000+0000,1312057.1486032,1312057.1486032,999999.9999999999
2025-03-17T18:40:00.000+0000,1312057.1486032,1312057.1486032,999999.9999999999
2025-03-17T18:50:00.000+0000,1312057.1486032,1312057.1486032,999999.9999999999
2025-03-17T19:00:00.000+0000,1312057.1486032,1312057.1486032,999999.9999999999
2025-03-17T19:10:00.000+0000,1312057.1486032,1312057.1486032,999999.9999999999
2025-03-17T19:20:00.000+0000,1312057.1486032,1312057.1486032,999999.9999999999
2025-03-17T19:30:00.000+0000,1312057.1486032,1312057.1486032,999999.9999999999
2025-03-17T19:40:00.000+0000,1312057.1486032,1312057.1486032,999999.9999999999
2025-03-17T19:50:00.000+0000,1312057.1486032,1312057.1486032,999999.9999999999
2025-03-17T20:00:00.000+0000,1312057.1486032,1312057.1486032,999999.9999999999
2025-03-17T20:10:00.000+0000,1312057.1486032,1312057.1486032,999999.9999999999
2025-03-17T20:20:00.000+0000,1312057.1486032,1312057.1486032,999999.9999999999
2025-03-17T20:30:00.000+0000,1312057.1486032,1312057.1486032,999999.9999999999
2025-03-17T20:40:00.000+0000,1312057.1486032,1312057.1486032,999999.9999999999
2025-03-17T20:50:00.000+0000,1312057.1486032,1312057.1486032,999999.9999999999
2025-03-17T21:00:00.000+0000,1312057.1486032,1312057.1486032,999999.9999999999
2025-03-17T21:10:00.000+0000,1312057.1486032,1312057.1486032,999999.9999999999
2025-03-17T21:20:00.000+0000,1312057.1486032,1312057.1486032,999999.9999999999
2025-03-17T21:30:00.000+0000,1312057.1486032,1312057.1486032,999999.9999999999
2025-03-17T21:40:00.000+0000,1312057.1486032,1312057.1486032,999999.9999999999
2025-03-17T21:50:00.000+0000,1312057.1486032,1312057.1486032,999999.9999999999
2025-03-17T22:00:00.000+0000,1312057.1486032,1312057.1486032,999999.9999999999
2025-03-17T22:10:00.000+0000,1312057.1486032,1312057.1486032,999999.9999999999
2025-03-17T22:20:00.000+0000,1312057.1486032,1312057.1486032,999999.9999999999
2025-03-17T22:30:00.000+0000,1312057.1486032,1312057.1486032,999999.9999999999
2025-03-17T22:40:00.000+0000,1312057.1486032,1312057.1486032,999999.9999999999
2025-03-17T22:50:00.000+0000,1312057.1486032,1312057.1486032,999999.9999999999
2025-03-17T23:00:00.000+0000,1312057.1486032,1312057.1486032,999999.9999999999
2025-03-17T23:10:00.000+0000,1312057.1486032,1312057.1486032,999999.9999999999
2025-03-17T23:20:00.000+0000,1312057.1486032,1312057.1486032,999999.9999999999
2025-03-17T23:30:00.000+0000,1312057.1486032,1312057.1486032,999999.9999999999
2025-03-17T23:40:00.000+0000,1312057.1486032,1312057.1486032,999999.9999999999
2025-03-17T23:50:00.000+0000,1312057.1486032,1312057.1486032,999999.9999999999
2025-03-18T00:00:00.000+0000,1312057.1486032,1312057.1486032,999999.9999999999
2025-03-18T00:10:00.000+0000,1312057.1486032,1312057.1486032,999999.9999999999
2025-03-18T00:20:00.000+0000,1312057.1486032,1312057.1486032,999999.9999999999
2025-03-18T00:30:00.000+0000,1312057.1486032,1312057.1486032,999999.9999999999
2025-03-18T00:40:00.000+0000,1312057.1486032,1312057.1486032,999999.9999999999
2025-03-18T00:50:00.000+0000,1312057.1486032,1312057.1486032,999999.9999999999
2025-03-18T01:00:00.000+0000,1312057.1486032,1312057.1486032,999999.9999999999
2025-03-18T01:10:00.000+0000,1312057.1486032,1312057.1486032,999999.9999999999
2025-03-18T01:20:00.000+0000,1312057.1486032,1312057.1486032,999999.9999999999
2025-03-18T01:30:00.000+0000,1312057.1486032,1312057.1486032,999999.9999999999
2025-03-18T01:40:00.000+0000,1312057.1486032,1312057.1486032,999999.9999999999
2025-03-18T01:50:00.000+0000,1312057.1486032,1312057.1486032,999999.9999999999
2025-03-18T02:00:00.000+0000,1312057.1486032,1312057.1486032,999999.9999999999
2025-03-18T02:10:00.000+0000,1312057.1486032,1312057.1486032,999999.9999999999
2025-03-18T02:20:00.000+0000,1312057.1486032,1312057.1486032,999999.9999999999
2025-03-18T02:30:00.000+0000,1312057.1486032,1312057.1486032,999999.9999999999
2025-03-18T02:40:00.000+0000,1312057.1486032,1312057.1486032,999999.9999999999
2025-03-18T02:50:00.000+0000,1312057.1486032,1312057.1486032,999999.9999999999
2025-03-18T03:00:00.000+0000,1312057.1486032,1312057.1486032,999999.9999999999
2025-03-18T03:10:00.000+0000,1312057.1486032,1312057.1486032,999999.9999999999
2025-03-18T03:20:00.000+0000,1312057.1486032,1312057.1486032,999999.9999999999
2025-03-18T03:30:00.000+0000,1312057.1486032,1312057.1486032,999999.9999999999
2025-03-18T03:40:00.000+0000,1312057.1486032,1312057.1486032,999999.9999999999
2025-03-18T03:50:00.000+0000,1312057.1486032,1312057.1486032,999999.9999999999
2025-03-18T04:00:00.000+0000,1312057.1486032,1312057.1486032,999999.9999999999
2025-03-18T04:10:00.000+0000,1312057.1486032,1312057.1486032,999999.9999999999
2025-03-18T04:20:00.000+0000,1312057.1486032,1312057.1486032,999999.9999999999
2025-03-18T04:30:00.000+0000,1312057.1486032,1312057.1486032,999999.9999999999
2025-03-18T04:40:00.000+0000,1312057.1486032,1312057.1486032,999999.9999999999
2025-03-18T04:50:00.000+0000,1312057.1486032,1312057.1486032,999999.9999999999
2025-03-18T05:00:00.000+0000,1312057.1486032,1312057.1486032,999999.9999999999
2025-03-18T05:10:00.000+0000,1312057.1486032,1312057.1486032,999999.9999999999
2025-03-18T05:20:00.000+0000,1312057.1486032,1312057.1486032,999999.9999999999
2025-03-18T05:30:00.000+0000,1312057.1486032,1312057.1486032,999999.9999999999
2025-03-18T05:40:00.000+0000,1312057.1486032,1312057.1486032,999999.9999999999
2025-03-18T05:50:00.000+0000,1312057.1486032,1312057.1486032,999999.9999999999
2025-03-18T06:00:00.000+0000,1312057.1486032,1312057.1486032,999999.9999999999
2025-03-18T06:10:00.000+0000,1312057.1486032,1312057.1486032,999999.9999999999
2025-03-18T06:20:00.000+0000,1312057.1486032,1312057.1486032,999999.9999999999
2025-03-18T06:30:00.000+0000,1312057.1486032,1312057.1486032,999999.9999999999
2025-03-18T06:40:00.000+0000,1312057.1486032,1312057.1486032,999999.9999999999
2025-03-18T06:50:00.000+0000,1312057.1486032,1312057.1486032,999999.9999999999
2025-03-18T07:00:00.000+0000,1312057.1486032,1312057.1486032,999999.9999999999
2025-03-18T07:10:00.000+0000,1312057.1486032,1312057.1486032,999999.9999999999
2025-03-18T07:20:00.000+0000,1312057.1486032,1312057.1486032,999999.9999999999
2025-03-18T07:30:00.000+0000,1312057.1486032,1312057.1486032,999999.9999999999
2025-03-18T07:40:00.000+0000,1312057.1486032,1312057.1486032,999999.9999999999
2025-03-18T07:50:00.000+0000,1312057.1486032,1312057.1486032,999999.9999999999
2025-03-18T08:00:00.000+0000,1312057.1486032,1312057.1486032,999999.9999999999
2025-03-18T08:10:00.000+0000,1312057.1486032,1312057.1486032,999999.9999999999
2025-03-18T08:20:00.000+0000,1312057.1486032,1312057.1486032,999999.9999999999
2025-03-18T08:30:00.000+0000,1312057.1486032,1312057.1486032,999999.9999999999
2025-03-18T08:40:00.000+0000,1312057.1486032,1312057.1486032,999999.9999999999
2025-03-18T08:50:00.000+0000,1312057.1486032,1312057.1486032,999999.9999999999
2025-03-18T09:00:00.000+0000,1312057.1486032,1312057.1486032,999999.9999999999
2025-03-18T09:10:00.000+0000,1312057.1486032,1312057.1486032,999999.9999999999
2025-03-18T09:20:00.000+0000,1312057.1486032,1312057.1486032,999999.9999999999
2025-03-18T09:30:00.000+0000,1312057.1486032,1312057.1486032,999999.9999999999
2025-03-18T09:40:00.000+0000,1312057.1486032,1312057.1486032,999999.9999999999
2025-03-18T09:50:00.000+0000,1312057.1486032,1312057.1486032,999999.9999999999
2025-03-18T10:00:00.000+0000,1312057.1486032,1312057.1486032,999999.9999999999
2025-03-18T10:10:00.000+0000,1312057.1486032,1312057.1486032,999999.9999999999
2025-03-18T10:20:00.000+0000,1312057.1486032,1312057.1486032,999999.9999999999
2025-03-18T10:30:00.000+0000,1312057.1486032,1312057.1486032,999999.9999999999
2025-03-18T10:40:00.000+0000,1312057.1486032,1312057.1486032,999999.9999999999
2025-03-18T10:50:00.000+0000,1312057.1486032,1312057.1486032,999999.9999999999
2025-03-18T11:00:00.000+0000,1312057.1486032,1312057.1486032,999999.9999999999
2025-03-18T11:10:00.000+0000,1312057.1486032,1312057.1486032,999999.9999999999
2025-03-18T11:20:00.000+0000,1312057.1486032,1312057.1486032,999999.9999999999
2025-03-18T11:30:00.000+0000,1312057.1486032,1312057.1486032,999999.9999999999
2025-03-18T11:40:00.000+0000,1312057.1486032,1312057.1486032,999999.9999999999
2025-03-18T11:50:00.000+0000,1312057.1486032,1312057.1486032,999999.9999999999
2025-03-18T12:00:00.000+0000,1312057.1486032,1312057.1486032,999999.9999999999
2025-03-18T12:10:00.000+0000,1312057.1486032,1312057.1486032,999999.9999999999
2025-03-18T12:20:00.000+0000,1312057.1486032,1312057.1486032,999999.9999999999
2025-03-18T12:30:00.000+0000,1312057.1486032,1312057.1486032,999999.9999999999
2025-03-18T12:40:00.000+0000,1312057.1486032,1312057.1486032,999999.9999999999
2025-03-18T12:50:00.000+0000,1312057.1486032,1312057.1486032,999999.9999999999
2025-03-18T13:00:00.000+0000,1312057.1486032,1312057.1486032,999999.9999999999
2025-03-18T13:10:00.000+0000,1312057.1486032,1312057.1486032,999999.9999999999
2025-03-18T13:20:00.000+0000,1312057.1486032,1312057.1486032,999999.9999999999
2025-03-18T13:30:00.000+0000,1312057.1486032,1312057.1486032,999999.9999999999
2025-03-18T13:40:00.000+0000,1312057.1486032,1312057.1486032,999999.9999999999
2025-03-18T13:50:00.000+0000,1312057.1486032,1312057.1486032,999999.9999999999
2025-03-18T14:00:00.000+0000,1312057.1486032,1312057.1486032,999999.9999999999
2025-03-18T14:10:00.000+0000,1312057.1486032,1312057.1486032,999999.9999999999
2025-03-18T14:20:00.000+0000,1312057.1486032,1312057.1486032,999999.9999999999
2025-03-18T14:30:00.000+0000,1312057.1486032,1312057.1486032,999999.9999999999
2025-03-18T14:40:00.000+0000,1312057.1486032,1312057.1486032,999999.9999999999
2025-03-18T14:50:00.000+0000,1312057.1486032,1312057.1486032,999999.9999999999
2025-03-18T15:00:00.000+0000,1312057.1486032,1312057.1486032,999999.9999999999
2025-03-18T15:10:00.000+0000,1312057.1486032,1312057.1486032,999999.9999999999
2025-03-18T15:20:00.000+0000,1312057.1486032,1312057.1486032,999999.9999999999
2025-03-18T15:30:00.000+0000,1312057.1486032,1312057.1486032,999999.9999999999
2025-03-18T15:40:00.000+0000,1312057.1486032,1312057.1486032,999999.9999999999
2025-03-18T15:50:00.000+0000,1312057.1486032,1312057.1486032,999999.9999999999
2025-03-18T16:00:00.000+0000,1312057.1486032,1312057.1486032,999999.9999999999
2025-03-18T16:10:00.000+0000,1312057.1486032,1312057.1486032,999999.9999999999
2025-03-18T16:20:00.000+0000,1312057.1486032,1312057.1486032,999999.9999999999
2025-03-18T16:30:00.000+0000,1312057.1486032,1312057.1486032,999999.9999999999
2025-03-18T16:40:00.000+0000,1312057.1486032,1312057.1486032,999999.9999999999
2025-03-18T16:50:00.000+0000,1312057.1486032,1312057.1486032,999999.9999999999
2025-03-18T17:00:00.000+0000,1312057.1486032,1312057.1486032,999999.9999999999
2025-03-18T17:10:00.000+0000,1312057.1486032,1312057.1486032,999999.9999999999
2025-03-18T17:20:00.000+0000,1312057.1486032,1312057.1486032,999999.9999999999
2025-03-18T17:30:00.000+0000,1312057.1486032,1312057.1486032,999999.9999999999
2025-03-18T17:40:00.000+0000,1312057.1486032,1312057.1486032,999999.9999999999
2025-03-18T17:50:00.000+0000,1312057.1486032,1312057.1486032,999999.9999999999
2025-03-18T18:00:00.000+0000,1312057.1486032,1312057.1486032,999999.9999999999
2025-03-18T18:10:00.000+0000,1312057.1486032,1312057.1486032,999999.9999999999
2025-03-18T18:20:00.000+0000,1312057.1486032,1312057.1486032,999999.9999999999
2025-03-18T18:30:00.000+0000,1312057.1486032,1312057.1486032,999999.9999999999
2025-03-18T18:40:00.000+0000,1312057.1486032,1312057.1486032,999999.9999999999
2025-03-18T18:50:00.000+0000,1312057.1486032,1312057.1486032,999999.9999999999
2025-03-18T19:00:00.000+0000,1312057.1486032,1312057.1486032,999999.9999999999
2025-03-18T19:10:00.000+0000,1312057.1486032,1312057.1486032,999999.9999999999
2025-03-18T19:20:00.000+0000,1312057.1486032,1312057.1486032,999999.9999999999
2025-03-18T19:30:00.000+0000,1312057.1486032,1312057.1486032,999999.9999999999
2025-03-18T19:40:00.000+0000,1312057.1486032,1312057.1486032,999999.9999999999
2025-03-18T19:50:00.000+0000,1312057.1486032,1312057.1486032,999999.9999999999
2025-03-18T20:00:00.000+0000,1312057.1486032,1312057.1486032,999999.9999999999
2025-03-18T20:10:00.000+0000,1312057.1486032,1312057.1486032,999999.9999999999
2025-03-18T20:20:00.000+0000,1312057.1486032,1312057.1486032,999999.9999999999
2025-03-18T20:30:00.000+0000,1312057.1486032,1312057.1486032,999999.9999999999
2025-03-18T20:40:00.000+0000,1312057.1486032,1312057.1486032,999999.9999999999
2025-03-18T20:50:00.000+0000,1312057.1486032,1312057.1486032,999999.9999999999
2025-03-18T21:00:00.000+0000,1312057.1486032,1312057.1486032,999999.9999999999
2025-03-18T21:10:00.000+0000,1312057.1486032,1312057.1486032,999999.9999999999
2025-03-18T21:20:00.000+0000,1312057.1486032,1312057.1486032,999999.9999999999
2025-03-18T21:30:00.000+0000,1312057.1486032,1312057.1486032,999999.9999999999
2025-03-18T21:40:00.000+0000,1312057.1486032,1312057.1486032,999999.9999999999
2025-03-18T21:50:00.000+0000,1312057.1486032,1312057.1486032,999999.9999999999
2025-03-18T22:00:00.000+0000,1312057.1486032,1312057.1486032,999999.9999999999
2025-03-18T22:10:00.000+0000,1312057.1486032,1312057.1486032,999999.9999999999
2025-03-18T22:20:00.000+0000,1312057.1486032,1312057.1486032,999999.9999999999
2025-03-18T22:30:00.000+0000,1312057.1486032,1312057.1486032,999999.9999999999
2025-03-18T22:40:00.000+0000,1312057.1486032,1312057.1486032,999999.9999999999
2025-03-18T22:50:00.000+0000,1312057.1486032,1312057.1486032,999999.9999999999
2025-03-18T23:00:00.000+0000,1312057.1486032,1312057.1486032,999999.9999999999
2025-03-18T23:10:00.000+0000,1312057.1486032,1312057.1486032,999999.9999999999
2025-03-18T23:20:00.000+0000,1312057.1486032,1312057.1486032,999999.9999999999
2025-03-18T23:30:00.000+0000,1312057.1486032,1312057.1486032,999999.9999999999
2025-03-18T23:40:00.000+0000,1312057.1486032,1312057.1486032,999999.9999999999
2025-03-18T23:50:00.000+0000,1312057.1486032,1312057.1486032,999999.9999999999
2025-03-19T00:00:00.000+0000,1312057.1486032,1312057.1486032,999999.9999999999
2025-03-19T00:10:00.000+0000,1312057.1486032,1312057.1486032,999999.9999999999
2025-03-19T00:20:00.000+0000,1312057.1486032,1312057.1486032,999999.9999999999
2025-03-19T00:30:00.000+0000,1312057.1486032,1312057.1486032,999999.9999999999
2025-03-19T00:40:00.000+0000,1312057.1486032,1312057.1486032,999999.9999999999
2025-03-19T00:50:00.000+0000,1312057.1486032,1312057.1486032,999999.9999999999
2025-03-19T01:00:00.000+0000,1312057.1486032,1312057.1486032,999999.9999999999
2025-03-19T01:10:00.000+0000,1312057.1486032,1312057.1486032,999999.9999999999
2025-03-19T01:20:00.000+0000,1312057.1486032,1312057.1486032,999999.9999999999
2025-03-19T01:30:00.000+0000,1312057.1486032,1312057.1486032,999999.9999999999
2025-03-19T01:40:00.000+0000,1312057.1486032,1312057.1486032,999999.9999999999
2025-03-19T01:50:00.000+0000,1312057.1486032,1312057.1486032,999999.9999999999
2025-03-19T02:00:00.000+0000,1312057.1486032,1312057.1486032,999999.9999999999
2025-03-19T02:10:00.000+0000,1312057.1486032,1312057.1486032,999999.9999999999
2025-03-19T02:20:00.000+0000,1312057.1486032,1312057.1486032,999999.9999999999
2025-03-19T02:30:00.000+0000,1312057.1486032,1312057.1486032,999999.9999999999
2025-03-19T02:40:00.000+0000,1312057.1486032,1312057.1486032,999999.9999999999
2025-03-19T02:50:00.000+0000,1312057.1486032,1312057.1486032,999999.9999999999
2025-03-19T03:00:00.000+0000,1312057.1486032,1312057.1486032,999999.9999999999
2025-03-19T03:10:00.000+0000,1312057.1486032,1312057.1486032,999999.9999999999
2025-03-19T03:20:00.000+0000,1312057.1486032,1312057.1486032,999999.9999999999
2025-03-19T03:30:00.000+0000,1312057.1486032,1312057.1486032,999999.9999999999
2025-03-19T03:40:00.000+0000,1312057.1486032,1312057.1486032,999999.9999999999
2025-03-19T03:50:00.000+0000,1312057.1486032,1312057.1486032,999999.9999999999
2025-03-19T04:00:00.000+0000,1312057.1486032,1312057.1486032,999999.9999999999
2025-03-19T04:10:00.000+0000,1312057.1486032,1312057.1486032,999999.9999999999
2025-03-19T04:20:00.000+0000,1312057.1486032,1312057.1486032,999999.9999999999
2025-03-19T04:30:00.000+0000,1312057.1486032,1312057.1486032,999999.9999999999
2025-03-19T04:40:00.000+0000,1312057.1486032,1312057.1486032,999999.9999999999
2025-03-19T04:50:00.000+0000,1312057.1486032,1312057.1486032,999999.9999999999
2025-03-19T05:00:00.000+0000,1312057.1486032,1312057.1486032,999999.9999999999
2025-03-19T05:10:00.000+0000,1312057.1486032,1312057.1486032,999999.9999999999
2025-03-19T05:20:00.000+0000,1312057.1486032,1312057.1486032,999999.9999999999
2025-03-19T05:30:00.000+0000,1312057.1486032,1312057.1486032,999999.9999999999
2025-03-19T05:40:00.000+0000,1312057.1486032,1312057.1486032,999999.9999999999
2025-03-19T05:50:00.000+0000,1312057.1486032,1312057.1486032,999999.9999999999
2025-03-19T06:00:00.000+0000,1312057.1486032,1312057.1486032,999999.9999999999
2025-03-19T06:10:00.000+0000,1312057.1486032,1312057.1486032,999999.9999999999
2025-03-19T06:20:00.000+0000,1312057.1486032,1312057.1486032,999999.9999999999
2025-03-19T06:30:00.000+0000,1312057.1486032,1312057.1486032,999999.9999999999
2025-03-19T06:40:00.000+0000,1312057.1486032,1312057.1486032,999999.9999999999
2025-03-19T06:50:00.000+0000,1312057.1486032,1312057.1486032,999999.9999999999
2025-03-19T07:00:00.000+0000,1312057.1486032,1312057.1486032,999999.9999999999
2025-03-19T07:10:00.000+0000,1312057.1486032,1312057.1486032,999999.9999999999
2025-03-19T07:20:00.000+0000,1312057.1486032,1312057.1486032,999999.9999999999
2025-03-19T07:30:00.000+0000,1312057.1486032,1312057.1486032,999999.9999999999
2025-03-19T07:40:00.000+0000,1312057.1486032,1312057.1486032,999999.9999999999
2025-03-19T07:50:00.000+0000,1312057.1486032,1312057.1486032,999999.9999999999
2025-03-19T08:00:00.000+0000,1312057.1486032,1312057.1486032,999999.9999999999
2025-03-19T08:10:00.000+0000,1312057.1486032,1312057.1486032,999999.9999999999
2025-03-19T08:20:00.000+0000,1312057.1486032,1312057.1486032,999999.9999999999
2025-03-19T08:30:00.000+0000,1312057.1486032,1312057.1486032,999999.9999999999
2025-03-19T08:40:00.000+0000,1312057.1486032,1312057.1486032,999999.9999999999
2025-03-19T08:50:00.000+0000,1312057.1486032,1312057.1486032,999999.9999999999
2025-03-19T09:00:00.000+0000,1312057.1486032,1312057.1486032,999999.9999999999
2025-03-19T09:10:00.000+0000,1312057.1486032,1312057.1486032,999999.9999999999
2025-03-19T09:20:00.000+0000,1312057.1486032,1312057.1486032,999999.9999999999
2025-03-19T09:30:00.000+0000,1312057.1486032,1312057.1486032,999999.9999999999
2025-03-19T09:40:00.000+0000,1312057.1486032,1312057.1486032,999999.9999999999
2025-03-19T09:50:00.000+0000,1312057.1486032,1312057.1486032,999999.9999999999
2025-03-19T10:00:00.000+0000,1312057.1486032,1312057.1486032,999999.9999999999
2025-03-19T10:10:00.000+0000,1312057.1486032,1312057.1486032,999999.9999999999
2025-03-19T10:20:00.000+0000,1312057.1486032,1312057.1486032,999999.9999999999
2025-03-19T10:30:00.000+0000,1312057.1486032,1312057.1486032,999999.9999999999
2025-03-19T10:40:00.000+0000,1312057.1486032,1312057.1486032,999999.9999999999
2025-03-19T10:50:00.000+0000,1312057.1486032,1312057.1486032,999999.9999999999
2025-03-19T11:00:00.000+0000,1312057.1486032,1312057.1486032,999999.9999999999
2025-03-19T11:10:00.000+0000,1312057.1486032,1312057.1486032,999999.9999999999
2025-03-19T11:20:00.000+0000,1312057.1486032,1312057.1486032,999999.9999999999
2025-03-19T11:30:00.000+0000,1312057.1486032,1312057.1486032,999999.9999999999
2025-03-19T11:40:00.000+0000,1312057.1486032,1312057.1486032,999999.9999999999
2025-03-19T11:50:00.000+0000,1312057.1486032,1312057.1486032,999999.9999999999
2025-03-19T12:00:00.000+0000,1312057.1486032,1312057.1486032,999999.9999999999
2025-03-19T12:10:00.000+0000,1312057.1486032,1312057.1486032,999999.9999999999
2025-03-19T12:20:00.000+0000,1312057.1486032,1312057.1486032,999999.9999999999
2025-03-19T12:30:00.000+0000,1312057.1486032,1312057.1486032,999999.9999999999
2025-03-19T12:40:00.000+0000,1312057.1486032,1312057.1486032,999999.9999999999
2025-03-19T12:50:00.000+0000,1312057.1486032,1312057.1486032,999999.9999999999
2025-03-19T13:00:00.000+0000,1312057.1486032,1312057.1486032,999999.9999999999
2025-03-19T13:10:00.000+0000,1312057.1486032,1312057.1486032,999999.9999999999
2025-03-19T13:20:00.000+0000,1312057.1486032,1312057.1486032,999999.9999999999
2025-03-19T13:30:00.000+0000,1312057.1486032,1312057.1486032,999999.9999999999
2025-03-19T13:40:00.000+0000,1312057.1486032,1312057.1486032,999999.9999999999
2025-03-19T13:50:00.000+0000,1312057.1486032,1312057.1486032,999999.9999999999
2025-03-19T14:00:00.000+0000,1312057.1486032,1312057.1486032,999999.9999999999
2025-03-19T14:10:00.000+0000,1312057.1486032,1312057.1486032,999999.9999999999
2025-03-19T14:20:00.000+0000,1312057.1486032,1312057.1486032,999999.9999999999
2025-03-19T14:30:00.000+0000,1312057.1486032,1312057.1486032,999999.9999999999
2025-03-19T14:40:00.000+0000,1312057.1486032,1312057.1486032,999999.9999999999
2025-03-19T14:50:00.000+0000,1312057.1486032,1312057.1486032,999999.9999999999
2025-03-19T15:00:00.000+0000,1312057.1486032,1312057.1486032,999999.9999999999
2025-03-19T15:10:00.000+0000,1312057.1486032,1312057.1486032,999999.9999999999
2025-03-19T15:20:00.000+0000,1312057.1486032,1312057.1486032,999999.9999999999
2025-03-19T15:30:00.000+0000,1312057.1486032,1312057.1486032,999999.9999999999
2025-03-19T15:40:00.000+0000,1312057.1486032,1312057.1486032,999999.9999999999
2025-03-19T15:50:00.000+0000,1312057.1486032,1312057.1486032,999999.9999999999
2025-03-19T16:00:00.000+0000,1312057.1486032,1312057.1486032,999999.9999999999
2025-03-19T16:10:00.000+0000,1312057.1486032,1312057.1486032,999999.9999999999
2025-03-19T16:20:00.000+0000,1312057.1486032,1312057.1486032,999999.9999999999
2025-03-19T16:30:00.000+0000,1312057.1486032,1312057.1486032,999999.9999999999
2025-03-19T16:40:00.000+0000,1312057.1486032,1312057.1486032,999999.9999999999
2025-03-19T16:50:00.000+0000,1312057.1486032,1312057.1486032,999999.9999999999
2025-03-19T17:00:00.000+0000,1312057.1486032,1312057.1486032,999999.9999999999
2025-03-19T17:10:00.000+0000,1312057.1486032,1312057.1486032,999999.9999999999
2025-03-19T17:20:00.000+0000,1312057.1486032,1312057.1486032,999999.9999999999
2025-03-19T17:30:00.000+0000,1312057.1486032,1312057.1486032,999999.9999999999
2025-03-19T17:40:00.000+0000,1312057.1486032,1312057.1486032,999999.9999999999
2025-03-19T17:50:00.000+0000,1312057.1486032,1312057.1486032,999999.9999999999
2025-03-19T18:00:00.000+0000,1312057.1486032,1312057.1486032,999999.9999999999
2025-03-19T18:10:00.000+0000,1312057.1486032,1312057.1486032,999999.9999999999
2025-03-19T18:20:00.000+0000,1312057.1486032,1312057.1486032,999999.9999999999
2025-03-19T18:30:00.000+0000,1312057.1486032,1312057.1486032,999999.9999999999
2025-03-19T18:40:00.000+0000,1312057.1486032,1312057.1486032,999999.9999999999
2025-03-19T18:50:00.000+0000,1312057.1486032,1312057.1486032,999999.9999999999
2025-03-19T19:00:00.000+0000,1312057.1486032,1312057.1486032,999999.9999999999
2025-03-19T19:10:00.000+0000,1312057.1486032,1312057.1486032,999999.9999999999
2025-03-19T19:20:00.000+0000,1312057.1486032,1312057.1486032,999999.9999999999
2025-03-19T19:30:00.000+0000,1312057.1486032,1312057.1486032,999999.9999999999
2025-03-19T19:40:00.000+0000,1312057.1486032,1312057.1486032,999999.9999999999
2025-03-19T19:50:00.000+0000,1312057.1486032,1312057.1486032,999999.9999999999
2025-03-19T20:00:00.000+0000,1312057.1486032,1312057.1486032,999999.9999999999
2025-03-19T20:10:00.000+0000,1312057.1486032,1312057.1486032,999999.9999999999
2025-03-19T20:20:00.000+0000,1312057.1486032,1312057.1486032,999999.9999999999
2025-03-19T20:30:00.000+0000,1312057.1486032,1312057.1486032,999999.9999999999
2025-03-19T20:40:00.000+0000,1312057.1486032,1312057.1486032,999999.9999999999
2025-03-19T20:50:00.000+0000,1312057.1486032,1312057.1486032,999999.9999999999
2025-03-19T21:00:00.000+0000,1312057.1486032,1312057.1486032,999999.9999999999
2025-03-19T21:10:00.000+0000,1312057.1486032,1312057.1486032,999999.9999999999
2025-03-19T21:20:00.000+0000,1312057.1486032,1312057.1486032,999999.9999999999
2025-03-19T21:30:00.000+0000,1312057.1486032,1312057.1486032,999999.9999999999
2025-03-19T21:40:00.000+0000,1312057.1486032,1312057.1486032,999999.9999999999
2025-03-19T21:50:00.000+0000,1312057.1486032,1312057.1486032,999999.9999999999
2025-03-19T22:00:00.000+0000,1312057.1486032,1312057.1486032,999999.9999999999
2025-03-19T22:10:00.000+0000,1312057.1486032,1312057.1486032,999999.9999999999
2025-03-19T22:20:00.000+0000,1312057.1486032,1312057.1486032,999999.9999999999
2025-03-19T22:30:00.000+0000,1312057.1486032,1312057.1486032,999999.9999999999
2025-03-19T22:40:00.000+0000,1312057.1486032,1312057.1486032,999999.9999999999
2025-03-19T22:50:00.000+0000,1312057.1486032,1312057.1486032,999999.9999999999
2025-03-19T23:00:00.000+0000,1312057.1486032,1312057.1486032,999999.9999999999
2025-03-19T23:10:00.000+0000,1312057.1486032,1312057.1486032,999999.9999999999
2025-03-19T23:20:00.000+0000,1312057.1486032,1312057.1486032,999999.9999999999
2025-03-19T23:30:00.000+0000,1312057.1486032,1312057.1486032,999999.9999999999
2025-03-19T23:40:00.000+0000,1312057.1486032,1312057.1486032,999999.9999999999
2025-03-19T23:50:00.000+0000,1312057.1486032,1312057.1486032,999999.9999999999
2025-03-20T00:00:00.000+0000,1312057.1486032,1312057.1486032,999999.9999999999
2025-03-20T00:10:00.000+0000,1312057.1486032,1312057.1486032,999999.9999999999
2025-03-20T00:20:00.000+0000,1312057.1486032,1312057.1486032,999999.9999999999
2025-03-20T00:30:00.000+0000,1312057.1486032,1312057.1486032,999999.9999999999
2025-03-20T00:40:00.000+0000,1312057.1486032,1312057.1486032,999999.9999999999
2025-03-20T00:50:00.000+0000,1312057.1486032,1312057.1486032,999999.9999999999
2025-03-20T01:00:00.000+0000,1312057.1486032,1312057.1486032,999999.9999999999
2025-03-20T01:10:00.000+0000,1312057.1486032,1312057.1486032,999999.9999999999
2025-03-20T01:20:00.000+0000,1312057.1486032,1312057.1486032,999999.9999999999
2025-03-20T01:30:00.000+0000,1312057.1486032,1312057.1486032,999999.9999999999
2025-03-20T01:40:00.000+0000,1312057.1486032,1312057.1486032,999999.9999999999
2025-03-20T01:50:00.000+0000,1312057.1486032,1312057.1486032,999999.9999999999
2025-03-20T02:00:00.000+0000,1312057.1486032,1312057.1486032,999999.9999999999
2025-03-20T02:10:00.000+0000,1312057.1486032,1312057.1486032,999999.9999999999
2025-03-20T02:20:00.000+0000,1312057.1486032,1312057.1486032,999999.9999999999
2025-03-20T02:30:00.000+0000,1312057.1486032,1312057.1486032,999999.9999999999
2025-03-20T02:40:00.000+0000,1312057.1486032,1312057.1486032,999999.9999999999
2025-03-20T02:50:00.000+0000,1312057.1486032,1312057.1486032,999999.9999999999
2025-03-20T03:00:00.000+0000,1312057.1486032,1312057.1486032,999999.9999999999
2025-03-20T03:10:00.000+0000,1312057.1486032,1312057.1486032,999999.9999999999
2025-03-20T03:20:00.000+0000,1312057.1486032,1312057.1486032,999999.9999999999
2025-03-20T03:30:00.000+0000,1312057.1486032,1312057.1486032,999999.9999999999
2025-03-20T03:40:00.000+0000,1312057.1486032,1312057.1486032,999999.9999999999
2025-03-20T03:50:00.000+0000,1312057.1486032,1312057.1486032,999999.9999999999
2025-03-20T04:00:00.000+0000,1312057.1486032,1312057.1486032,999999.9999999999
2025-03-20T04:10:00.000+0000,1312057.1486032,1312057.1486032,999999.9999999999
2025-03-20T04:20:00.000+0000,1312057.1486032,1312057.1486032,999999.9999999999
2025-03-20T04:30:00.000+0000,1312057.1486032,1312057.1486032,999999.9999999999
2025-03-20T04:40:00.000+0000,1312057.1486032,1312057.1486032,999999.9999999999
2025-03-20T04:50:00.000+0000,1312057.1486032,1312057.1486032,999999.9999999999
2025-03-20T05:00:00.000+0000,1312057.1486032,1312057.1486032,999999.9999999999
2025-03-20T05:10:00.000+0000,1312057.1486032,1312057.1486032,999999.9999999999
2025-03-20T05:20:00.000+0000,1312057.1486032,1312057.1486032,999999.9999999999
2025-03-20T05:30:00.000+0000,1312057.1486032,1312057.1486032,999999.9999999999
2025-03-20T05:40:00.000+0000,1312057.1486032,1312057.1486032,999999.9999999999
2025-03-20T05:50:00.000+0000,1312057.1486032,1312057.1486032,999999.9999999999
2025-03-20T06:00:00.000+0000,1312057.1486032,1312057.1486032,999999.9999999999
2025-03-20T06:10:00.000+0000,1312057.1486032,1312057.1486032,999999.9999999999
2025-03-20T06:20:00.000+0000,1312057.1486032,1312057.1486032,999999.9999999999
2025-03-20T06:30:00.000+0000,1312057.1486032,1312057.1486032,999999.9999999999
2025-03-20T06:40:00.000+0000,1312057.1486032,1312057.1486032,999999.9999999999
2025-03-20T06:50:00.000+0000,1312057.1486032,1312057.1486032,999999.9999999999
2025-03-20T07:00:00.000+0000,1312057.1486032,1312057.1486032,999999.9999999999
2025-03-20T07:10:00.000+0000,1312057.1486032,1312057.1486032,999999.9999999999
2025-03-20T07:20:00.000+0000,1312057.1486032,1312057.1486032,999999.9999999999
2025-03-20T07:30:00.000+0000,1312057.1486032,1312057.1486032,999999.9999999999
2025-03-20T07:40:00.000+0000,1312057.1486032,1312057.1486032,999999.9999999999
2025-03-20T07:50:00.000+0000,1312057.1486032,1312057.1486032,999999.9999999999
2025-03-20T08:00:00.000+0000,1312057.1486032,1312057.1486032,999999.9999999999
2025-03-20T08:10:00.000+0000,1312057.1486032,1312057.1486032,999999.9999999999
2025-03-20T08:20:00.000+0000,1312057.1486032,1312057.1486032,999999.9999999999
2025-03-20T08:30:00.000+0000,1312057.1486032,1312057.1486032,999999.9999999999
2025-03-20T08:40:00.000+0000,1312057.1486032,1312057.1486032,999999.9999999999
2025-03-20T08:50:00.000+0000,1312057.1486032,1312057.1486032,999999.9999999999
2025-03-20T09:00:00.000+0000,1312057.1486032,1312057.1486032,999999.9999999999
2025-03-20T09:10:00.000+0000,1312057.1486032,1312057.1486032,999999.9999999999
2025-03-20T09:20:00.000+0000,1312057.1486032,1312057.1486032,999999.9999999999
2025-03-20T09:30:00.000+0000,1312057.1486032,1312057.1486032,999999.9999999999
2025-03-20T09:40:00.000+0000,1312057.1486032,1312057.1486032,999999.9999999999
2025-03-20T09:50:00.000+0000,1312057.1486032,1312057.1486032,999999.9999999999
2025-03-20T10:00:00.000+0000,1312057.1486032,1312057.1486032,999999.9999999999
2025-03-20T10:10:00.000+0000,1312057.1486032,1312057.1486032,999999.9999999999
2025-03-20T10:20:00.000+0000,1312057.1486032,1312057.1486032,999999.9999999999
2025-03-20T10:30:00.000+0000,1312057.1486032,1312057.1486032,999999.9999999999
2025-03-20T10:40:00.000+0000,1312057.1486032,1312057.1486032,999999.9999999999
2025-03-20T10:50:00.000+0000,1312057.1486032,1312057.1486032,999999.9999999999
2025-03-20T11:00:00.000+0000,1312057.1486032,1312057.1486032,999999.9999999999
2025-03-20T11:10:00.000+0000,1312057.1486032,1312057.1486032,999999.9999999999
2025-03-20T11:20:00.000+0000,1312057.1486032,1312057.1486032,999999.9999999999
2025-03-20T11:30:00.000+0000,1312057.1486032,1312057.1486032,999999.9999999999
2025-03-20T11:40:00.000+0000,1312057.1486032,1312057.1486032,999999.9999999999
2025-03-20T11:50:00.000+0000,1312057.1486032,1312057.1486032,999999.9999999999
2025-03-20T12:00:00.000+0000,1312057.1486032,1312057.1486032,999999.9999999999
2025-03-20T12:10:00.000+0000,1312057.1486032,1312057.1486032,999999.9999999999
2025-03-20T12:20:00.000+0000,1312057.1486032,1312057.1486032,999999.9999999999
2025-03-20T12:30:00.000+0000,1312057.1486032,1312057.1486032,999999.9999999999
2025-03-20T12:40:00.000+0000,1312057.1486032,1312057.1486032,999999.9999999999
2025-03-20T12:50:00.000+0000,1312057.1486032,1312057.1486032,999999.9999999999
2025-03-20T13:00:00.000+0000,1312057.1486032,1312057.1486032,999999.9999999999
2025-03-20T13:10:00.000+0000,1312057.1486032,1312057.1486032,999999.9999999999
2025-03-20T13:20:00.000+0000,1312057.1486032,1312057.1486032,999999.9999999999
2025-03-20T13:30:00.000+0000,1312057.1486032,1312057.1486032,999999.9999999999
2025-03-20T13:40:00.000+0000,1312057.1486032,1312057.1486032,999999.9999999999
2025-03-20T13:50:00.000+0000,1312057.1486032,1312057.1486032,999999.9999999999
2025-03-20T14:00:00.000+0000,1312057.1486032,1312057.1486032,999999.9999999999
2025-03-20T14:10:00.000+0000,1312057.1486032,1312057.1486032,999999.9999999999
2025-03-20T14:20:00.000+0000,1312057.1486032,1312057.1486032,999999.9999999999
2025-03-20T14:30:00.000+0000,1312057.1486032,1312057.1486032,999999.9999999999
2025-03-20T14:40:00.000+0000,1312057.1486032,1312057.1486032,999999.9999999999
2025-03-20T14:50:00.000+0000,1312057.1486032,1312057.1486032,999999.9999999999
2025-03-20T15:00:00.000+0000,1312057.1486032,1312057.1486032,999999.9999999999
2025-03-20T15:10:00.000+0000,1312057.1486032,1312057.1486032,999999.9999999999
2025-03-20T15:20:00.000+0000,1312057.1486032,1312057.1486032,999999.9999999999
2025-03-20T15:30:00.000+0000,1312057.1486032,1312057.1486032,999999.9999999999
2025-03-20T15:40:00.000+0000,1312057.1486032,1312057.1486032,999999.9999999999
2025-03-20T15:50:00.000+0000,1312057.1486032,1312057.1486032,999999.9999999999
2025-03-20T16:00:00.000+0000,1312057.1486032,1312057.1486032,999999.9999999999
2025-03-20T16:10:00.000+0000,1312057.1486032,1312057.1486032,999999.9999999999
2025-03-20T16:20:00.000+0000,1312057.1486032,1312057.1486032,999999.9999999999
2025-03-20T16:30:00.000+0000,1312057.1486032,1312057.1486032,999999.9999999999
2025-03-20T16:40:00.000+0000,1312057.1486032,1312057.1486032,999999.9999999999
2025-03-20T16:50:00.000+0000,1312057.1486032,1312057.1486032,999999.9999999999
2025-03-20T17:00:00.000+0000,1312057.1486032,1312057.1486032,999999.9999999999
2025-03-20T17:10:00.000+0000,1312057.1486032,1312057.1486032,999999.9999999999
2025-03-20T17:20:00.000+0000,1312057.1486032,1312057.1486032,999999.9999999999
2025-03-20T17:30:00.000+0000,1312057.1486032,1312057.1486032,999999.9999999999
2025-03-20T17:40:00.000+0000,1312057.1486032,1312057.1486032,999999.9999999999
2025-03-20T17:50:00.000+0000,1312057.1486032,1312057.1486032,999999.9999999999
2025-03-20T18:00:00.000+0000,1312057.1486032,1312057.1486032,999999.9999999999
2025-03-20T18:10:00.000+0000,1312057.1486032,1312057.1486032,999999.9999999999
2025-03-20T18:20:00.000+0000,1312057.1486032,1312057.1486032,999999.9999999999
2025-03-20T18:30:00.000+0000,1312057.1486032,1312057.1486032,999999.9999999999
2025-03-20T18:40:00.000+0000,1312057.1486032,1312057.1486032,999999.9999999999
2025-03-20T18:50:00.000+0000,1312057.1486032,1312057.1486032,999999.9999999999
2025-03-20T19:00:00.000+0000,1312057.1486032,1312057.1486032,999999.9999999999
2025-03-20T19:10:00.000+0000,1312057.1486032,1312057.1486032,999999.9999999999
2025-03-20T19:20:00.000+0000,1312057.1486032,1312057.1486032,999999.9999999999
2025-03-20T19:30:00.000+0000,1312057.1486032,1312057.1486032,999999.9999999999
2025-03-20T19:40:00.000+0000,1312057.1486032,1312057.1486032,999999.9999999999
2025-03-20T19:50:00.000+0000,1312057.1486032,1312057.1486032,999999.9999999999
2025-03-20T20:00:00.000+0000,1312057.1486032,1312057.1486032,999999.9999999999
2025-03-20T20:10:00.000+0000,1312057.1486032,1312057.1486032,999999.9999999999
2025-03-20T20:20:00.000+0000,1312057.1486032,1312057.1486032,999999.9999999999
2025-03-20T20:30:00.000+0000,1312057.1486032,1312057.1486032,999999.9999999999
2025-03-20T20:40:00.000+0000,1312057.1486032,1312057.1486032,999999.9999999999
2025-03-20T20:50:00.000+0000,1312057.1486032,1312057.1486032,999999.9999999999
2025-03-20T21:00:00.000+0000,1312057.1486032,1312057.1486032,999999.9999999999
2025-03-20T21:10:00.000+0000,1312057.1486032,1312057.1486032,999999.9999999999
2025-03-20T21:20:00.000+0000,1312057.1486032,1312057.1486032,999999.9999999999
2025-03-20T21:30:00.000+0000,1312057.1486032,1312057.1486032,999999.9999999999
2025-03-20T21:40:00.000+0000,1312057.1486032,1312057.1486032,999999.9999999999
2025-03-20T21:50:00.000+0000,1312057.1486032,1312057.1486032,999999.9999999999
2025-03-20T22:00:00.000+0000,1312057.1486032,1312057.1486032,999999.9999999999
2025-03-20T22:10:00.000+0000,1312057.1486032,1312057.1486032,999999.9999999999
2025-03-20T22:20:00.000+0000,1312057.1486032,1312057.1486032,999999.9999999999
2025-03-20T22:30:00.000+0000,1312057.1486032,1312057.1486032,999999.9999999999
2025-03-20T22:40:00.000+0000,1312057.1486032,1312057.1486032,999999.9999999999
2025-03-20T22:50:00.000+0000,1312057.1486032,1312057.1486032,999999.9999999999
2025-03-20T23:00:00.000+0000,1312057.1486032,1312057.1486032,999999.9999999999
2025-03-20T23:10:00.000+0000,1312057.1486032,1312057.1486032,999999.9999999999
2025-03-20T23:20:00.000+0000,1312057.1486032,1312057.1486032,999999.9999999999
2025-03-20T23:30:00.000+0000,1312057.1486032,1312057.1486032,999999.9999999999
2025-03-20T23:40:00.000+0000,1312057.1486032,1312057.1486032,999999.9999999999
2025-03-20T23:50:00.000+0000,1312057.1486032,1312057.1486032,999999.9999999999
2025-03-21T00:00:00.000+0000,1312057.1486032,1312057.1486032,999999.9999999999
2025-03-21T00:10:00.000+0000,1312057.1486032,1312057.1486032,999999.9999999999
2025-03-21T00:20:00.000+0000,1312057.1486032,1312057.1486032,999999.9999999999
2025-03-21T00:30:00.000+0000,1312057.1486032,1312057.1486032,999999.9999999999
2025-03-21T00:40:00.000+0000,1312057.1486032,1312057.1486032,999999.9999999999
2025-03-21T00:50:00.000+0000,1312057.1486032,1312057.1486032,999999.9999999999
2025-03-21T01:00:00.000+0000,1312057.1486032,1312057.1486032,999999.9999999999
2025-03-21T01:10:00.000+0000,1312057.1486032,1312057.1486032,999999.9999999999
2025-03-21T01:20:00.000+0000,1312057.1486032,1312057.1486032,999999.9999999999
2025-03-21T01:30:00.000+0000,1312057.1486032,1312057.1486032,999999.9999999999
2025-03-21T01:40:00.000+0000,1312057.1486032,1312057.1486032,999999.9999999999
2025-03-21T01:50:00.000+0000,1312057.1486032,1312057.1486032,999999.9999999999
2025-03-21T02:00:00.000+0000,1312057.1486032,1312057.1486032,999999.9999999999
2025-03-21T02:10:00.000+0000,1312057.1486032,1312057.1486032,999999.9999999999
2025-03-21T02:20:00.000+0000,1312057.1486032,1312057.1486032,999999.9999999999
2025-03-21T02:30:00.000+0000,1312057.1486032,1312057.1486032,999999.9999999999
2025-03-21T02:40:00.000+0000,1312057.1486032,1312057.1486032,999999.9999999999
2025-03-21T02:50:00.000+0000,1312057.1486032,1312057.1486032,999999.9999999999
2025-03-21T03:00:00.000+0000,1312057.1486032,1312057.1486032,999999.9999999999
2025-03-21T03:10:00.000+0000,1312057.1486032,1312057.1486032,999999.9999999999
2025-03-21T03:20:00.000+0000,1312057.1486032,1312057.1486032,999999.9999999999
2025-03-21T03:30:00.000+0000,1312057.1486032,1312057.1486032,999999.9999999999
2025-03-21T03:40:00.000+0000,1312057.1486032,1312057.1486032,999999.9999999999
2025-03-21T03:50:00.000+0000,1312057.1486032,1312057.1486032,999999.9999999999
2025-03-21T04:00:00.000+0000,1312057.1486032,1312057.1486032,999999.9999999999
2025-03-21T04:10:00.000+0000,1312057.1486032,1312057.1486032,999999.9999999999
2025-03-21T04:20:00.000+0000,1312057.1486032,1312057.1486032,999999.9999999999
2025-03-21T04:30:00.000+0000,1312057.1486032,1312057.1486032,999999.9999999999
2025-03-21T04:40:00.000+0000,1312057.1486032,1312057.1486032,999999.9999999999
2025-03-21T04:50:00.000+0000,1312057.1486032,1312057.1486032,999999.9999999999
2025-03-21T05:00:00.000+0000,1312057.1486032,1312057.1486032,999999.9999999999
2025-03-21T05:10:00.000+0000,1312057.1486032,1312057.1486032,999999.9999999999
2025-03-21T05:20:00.000+0000,1312057.1486032,1312057.1486032,999999.9999999999
2025-03-21T05:30:00.000+0000,1312057.1486032,1312057.1486032,999999.9999999999
2025-03-21T05:40:00.000+0000,1312057.1486032,1312057.1486032,999999.9999999999
2025-03-21T05:50:00.000+0000,1312057.1486032,1312057.1486032,999999.9999999999
2025-03-21T06:00:00.000+0000,1312057.1486032,1312057.1486032,999999.9999999999
2025-03-21T06:10:00.000+0000,1312057.1486032,1312057.1486032,999999.9999999999
2025-03-21T06:20:00.000+0000,1312057.1486032,1312057.1486032,999999.9999999999
2025-03-21T06:30:00.000+0000,1312057.1486032,1312057.1486032,999999.9999999999
2025-03-21T06:40:00.000+0000,1312057.1486032,1312057.1486032,999999.9999999999
2025-03-21T06:50:00.000+0000,1312057.1486032,1312057.1486032,999999.9999999999
2025-03-21T07:00:00.000+0000,1312057.1486032,1312057.1486032,999999.9999999999
2025-03-21T07:10:00.000+0000,1312057.1486032,1312057.1486032,999999.9999999999
2025-03-21T07:20:00.000+0000,1312057.1486032,1312057.1486032,999999.9999999999
2025-03-21T07:30:00.000+0000,1312057.1486032,1312057.1486032,999999.9999999999
2025-03-21T07:40:00.000+0000,1312057.1486032,1312057.1486032,999999.9999999999
2025-03-21T07:50:00.000+0000,1312057.1486032,1312057.1486032,999999.9999999999
2025-03-21T08:00:00.000+0000,1312057.1486032,1312057.1486032,999999.9999999999
2025-03-21T08:10:00.000+0000,1312057.1486032,1312057.1486032,999999.9999999999
2025-03-21T08:20:00.000+0000,1312057.1486032,1312057.1486032,999999.9999999999
2025-03-21T08:30:00.000+0000,1312057.1486032,1312057.1486032,999999.9999999999
2025-03-21T08:40:00.000+0000,1312057.1486032,1312057.1486032,999999.9999999999
2025-03-21T08:50:00.000+0000,1312057.1486032,1312057.1486032,999999.9999999999
2025-03-21T09:00:00.000+0000,1312057.1486032,1312057.1486032,999999.9999999999
2025-03-21T09:10:00.000+0000,1312057.1486032,1312057.1486032,999999.9999999999
2025-03-21T09:20:00.000+0000,1312057.1486032,1312057.1486032,999999.9999999999
2025-03-21T09:30:00.000+0000,1312057.1486032,1312057.1486032,999999.9999999999
2025-03-21T09:40:00.000+0000,1312057.1486032,1312057.1486032,999999.9999999999
2025-03-21T09:50:00.000+0000,1312057.1486032,1312057.1486032,999999.9999999999
2025-03-21T10:00:00.000+0000,1312057.1486032,1312057.1486032,999999.9999999999
2025-03-21T10:10:00.000+0000,1312057.1486032,1312057.1486032,999999.9999999999
2025-03-21T10:20:00.000+0000,1312057.1486032,1312057.1486032,999999.9999999999
2025-03-21T10:30:00.000+0000,1312057.1486032,1312057.1486032,999999.9999999999
2025-03-21T10:40:00.000+0000,1312057.1486032,1312057.1486032,999999.9999999999
2025-03-21T10:50:00.000+0000,1312057.1486032,1312057.1486032,999999.9999999999
2025-03-21T11:00:00.000+0000,1312057.1486032,1312057.1486032,999999.9999999999
2025-03-21T11:10:00.000+0000,1312057.1486032,1312057.1486032,999999.9999999999
2025-03-21T11:20:00.000+0000,1312057.1486032,1312057.1486032,999999.9999999999
2025-03-21T11:30:00.000+0000,1312057.1486032,1312057.1486032,999999.9999999999
2025-03-21T11:40:00.000+0000,1312057.1486032,1312057.1486032,999999.9999999999
2025-03-21T11:50:00.000+0000,1312057.1486032,1312057.1486032,999999.9999999999
2025-03-21T12:00:00.000+0000,1312057.1486032,1312057.1486032,999999.9999999999
2025-03-21T12:10:00.000+0000,1312057.1486032,1312057.1486032,999999.9999999999
2025-03-21T12:20:00.000+0000,1312057.1486032,1312057.1486032,999999.9999999999
2025-03-21T12:30:00.000+0000,1312057.1486032,1312057.1486032,999999.9999999999
2025-03-21T12:40:00.000+0000,1312057.1486032,1312057.1486032,999999.9999999999
2025-03-21T12:50:00.000+0000,1312057.1486032,1312057.1486032,999999.9999999999
2025-03-21T13:00:00.000+0000,1312057.1486032,1312057.1486032,999999.9999999999
2025-03-21T13:10:00.000+0000,1312057.1486032,1312057.1486032,999999.9999999999
2025-03-21T13:20:00.000+0000,1312057.1486032,1312057.1486032,999999.9999999999
2025-03-21T13:30:00.000+0000,1312057.1486032,1312057.1486032,999999.9999999999
2025-03-21T13:40:00.000+0000,1312057.1486032,1312057.1486032,999999.9999999999
2025-03-21T13:50:00.000+0000,1312057.1486032,1312057.1486032,999999.9999999999
2025-03-21T14:00:00.000+0000,1312057.1486032,1312057.1486032,999999.9999999999
2025-03-21T14:10:00.000+0000,1312057.1486032,1312057.1486032,999999.9999999999
2025-03-21T14:20:00.000+0000,1312057.1486032,1312057.1486032,999999.9999999999
2025-03-21T14:30:00.000+0000,1312057.1486032,1312057.1486032,999999.9999999999
2025-03-21T14:40:00.000+0000,1312057.1486032,1312057.1486032,999999.9999999999
2025-03-21T14:50:00.000+0000,1312057.1486032,1312057.1486032,999999.9999999999
2025-03-21T15:00:00.000+0000,1312057.1486032,1312057.1486032,999999.9999999999
2025-03-21T15:10:00.000+0000,1312057.1486032,1312057.1486032,999999.9999999999
2025-03-21T15:20:00.000+0000,1312057.1486032,1312057.1486032,999999.9999999999
2025-03-21T15:30:00.000+0000,1312057.1486032,1312057.1486032,999999.9999999999
2025-03-21T15:40:00.000+0000,1312057.1486032,1312057.1486032,999999.9999999999
2025-03-21T15:50:00.000+0000,1312057.1486032,1312057.1486032,999999.9999999999
2025-03-21T16:00:00.000+0000,1312057.1486032,1312057.1486032,999999.9999999999
2025-03-21T16:10:00.000+0000,1312057.1486032,1312057.1486032,999999.9999999999
2025-03-21T16:20:00.000+0000,1312057.1486032,1312057.1486032,999999.9999999999
2025-03-21T16:30:00.000+0000,1312057.1486032,1312057.1486032,999999.9999999999
2025-03-21T16:40:00.000+0000,1312057.1486032,1312057.1486032,999999.9999999999
2025-03-21T16:50:00.000+0000,1312057.1486032,1312057.1486032,999999.9999999999
2025-03-21T17:00:00.000+0000,1312057.1486032,1312057.1486032,999999.9999999999
2025-03-21T17:10:00.000+0000,1312057.1486032,1312057.1486032,999999.9999999999
2025-03-21T17:20:00.000+0000,1312057.1486032,1312057.1486032,999999.9999999999
2025-03-21T17:30:00.000+0000,1312057.1486032,1312057.1486032,999999.9999999999
2025-03-21T17:40:00.000+0000,1312057.1486032,1312057.1486032,999999.9999999999
2025-03-21T17:50:00.000+0000,1312057.1486032,1312057.1486032,999999.9999999999
2025-03-21T18:00:00.000+0000,1312057.1486032,1312057.1486032,999999.9999999999
2025-03-21T18:10:00.000+0000,1312057.1486032,1312057.1486032,999999.9999999999
2025-03-21T18:20:00.000+0000,1312057.1486032,1312057.1486032,999999.9999999999
2025-03-21T18:30:00.000+0000,1312057.1486032,1312057.1486032,999999.9999999999
2025-03-21T18:40:00.000+0000,1312057.1486032,1312057.1486032,999999.9999999999
2025-03-21T18:50:00.000+0000,1312057.1486032,1312057.1486032,999999.9999999999
2025-03-21T19:00:00.000+0000,1312057.1486032,1312057.1486032,999999.9999999999
2025-03-21T19:10:00.000+0000,1312057.1486032,1312057.1486032,999999.9999999999
2025-03-21T19:20:00.000+0000,1312057.1486032,1312057.1486032,999999.9999999999
2025-03-21T19:30:00.000+0000,1312057.1486032,1312057.1486032,999999.9999999999
2025-03-21T19:40:00.000+0000,1312057.1486032,1312057.1486032,999999.9999999999
2025-03-21T19:50:00.000+0000,1312057.1486032,1312057.1486032,999999.9999999999
2025-03-21T20:00:00.000+0000,1312057.1486032,1312057.1486032,999999.9999999999
2025-03-21T20:10:00.000+0000,1312057.1486032,1312057.1486032,999999.9999999999
2025-03-21T20:20:00.000+0000,1312057.1486032,1312057.1486032,999999.9999999999
2025-03-21T20:30:00.000+0000,1312057.1486032,1312057.1486032,999999.9999999999
2025-03-21T20:40:00.000+0000,1312057.1486032,1312057.1486032,999999.9999999999
2025-03-21T20:50:00.000+0000,1312057.1486032,1312057.1486032,999999.9999999999
2025-03-21T21:00:00.000+0000,1312057.1486032,1312057.1486032,999999.9999999999
2025-03-21T21:10:00.000+0000,1312057.1486032,1312057.1486032,999999.9999999999
2025-03-21T21:20:00.000+0000,1312057.1486032,1312057.1486032,999999.9999999999
2025-03-21T21:30:00.000+0000,1312057.1486032,1312057.1486032,999999.9999999999
2025-03-21T21:40:00.000+0000,1312057.1486032,1312057.1486032,999999.9999999999
2025-03-21T21:50:00.000+0000,1312057.1486032,1312057.1486032,999999.9999999999
2025-03-21T22:00:00.000+0000,1312057.1486032,1312057.1486032,999999.9999999999
2025-03-21T22:10:00.000+0000,1312057.1486032,1312057.1486032,999999.9999999999
2025-03-21T22:20:00.000+0000,1312057.1486032,1312057.1486032,999999.9999999999
2025-03-21T22:30:00.000+0000,1312057.1486032,1312057.1486032,999999.9999999999
2025-03-21T22:40:00.000+0000,1312057.1486032,1312057.1486032,999999.9999999999
2025-03-21T22:50:00.000+0000,1312057.1486032,1312057.1486032,999999.9999999999
2025-03-21T23:00:00.000+0000,1312057.1486032,1312057.1486032,999999.9999999999
2025-03-21T23:10:00.000+0000,1312057.1486032,1312057.1486032,999999.9999999999
2025-03-21T23:20:00.000+0000,1312057.1486032,1312057.1486032,999999.9999999999
2025-03-21T23:30:00.000+0000,1312057.1486032,1312057.1486032,999999.9999999999
2025-03-21T23:40:00.000+0000,1312057.1486032,1312057.1486032,999999.9999999999
2025-03-21T23:50:00.000+0000,1312057.1486032,1312057.1486032,999999.9999999999
2025-03-22T00:00:00.000+0000,1312057.1486032,1312057.1486032,999999.9999999999
2025-03-22T00:10:00.000+0000,1312057.1486032,1312057.1486032,999999.9999999999
2025-03-22T00:20:00.000+0000,1312057.1486032,1312057.1486032,999999.9999999999
2025-03-22T00:30:00.000+0000,1312057.1486032,1312057.1486032,999999.9999999999
2025-03-22T00:40:00.000+0000,1312057.1486032,1312057.1486032,999999.9999999999
2025-03-22T00:50:00.000+0000,1312057.1486032,1312057.1486032,999999.9999999999
2025-03-22T01:00:00.000+0000,1312057.1486032,1312057.1486032,999999.9999999999
2025-03-22T01:10:00.000+0000,1312057.1486032,1312057.1486032,999999.9999999999
2025-03-22T01:20:00.000+0000,1312057.1486032,1312057.1486032,999999.9999999999
2025-03-22T01:30:00.000+0000,1312057.1486032,1312057.1486032,999999.9999999999
2025-03-22T01:40:00.000+0000,1312057.1486032,1312057.1486032,999999.9999999999
2025-03-22T01:50:00.000+0000,1312057.1486032,1312057.1486032,999999.9999999999
2025-03-22T02:00:00.000+0000,1312057.1486032,1312057.1486032,999999.9999999999
2025-03-22T02:10:00.000+0000,1312057.1486032,1312057.1486032,999999.9999999999
2025-03-22T02:20:00.000+0000,1312057.1486032,1312057.1486032,999999.9999999999
2025-03-22T02:30:00.000+0000,1312057.1486032,1312057.1486032,999999.9999999999
2025-03-22T02:40:00.000+0000,1312057.1486032,1312057.1486032,999999.9999999999
2025-03-22T02:50:00.000+0000,1312057.1486032,1312057.1486032,999999.9999999999
2025-03-22T03:00:00.000+0000,1312057.1486032,1312057.1486032,999999.9999999999
2025-03-22T03:10:00.000+0000,1312057.1486032,1312057.1486032,999999.9999999999
2025-03-22T03:20:00.000+0000,1312057.1486032,1312057.1486032,999999.9999999999
2025-03-22T03:30:00.000+0000,1312057.1486032,1312057.1486032,999999.9999999999
2025-03-22T03:40:00.000+0000,1312057.1486032,1312057.1486032,999999.9999999999
2025-03-22T03:50:00.000+0000,1312057.1486032,1312057.1486032,999999.9999999999
2025-03-22T04:00:00.000+0000,1312057.1486032,1312057.1486032,999999.9999999999
2025-03-22T04:10:00.000+0000,1312057.1486032,1312057.1486032,999999.9999999999
2025-03-22T04:20:00.000+0000,1312057.1486032,1312057.1486032,999999.9999999999
2025-03-22T04:30:00.000+0000,1312057.1486032,1312057.1486032,999999.9999999999
2025-03-22T04:40:00.000+0000,1312057.1486032,1312057.1486032,999999.9999999999
2025-03-22T04:50:00.000+0000,1312057.1486032,1312057.1486032,999999.9999999999
2025-03-22T05:00:00.000+0000,1312057.1486032,1312057.1486032,999999.9999999999
2025-03-22T05:10:00.000+0000,1312057.1486032,1312057.1486032,999999.9999999999
2025-03-22T05:20:00.000+0000,1312057.1486032,1312057.1486032,999999.9999999999
2025-03-22T05:30:00.000+0000,1312057.1486032,1312057.1486032,999999.9999999999
2025-03-22T05:40:00.000+0000,1312057.1486032,1312057.1486032,999999.9999999999
2025-03-22T05:50:00.000+0000,1312057.1486032,1312057.1486032,999999.9999999999
2025-03-22T06:00:00.000+0000,1312057.1486032,1312057.1486032,999999.9999999999
2025-03-22T06:10:00.000+0000,1312057.1486032,1312057.1486032,999999.9999999999
2025-03-22T06:20:00.000+0000,1312057.1486032,1312057.1486032,999999.9999999999
2025-03-22T06:30:00.000+0000,1312057.1486032,1312057.1486032,999999.9999999999
2025-03-22T06:40:00.000+0000,1312057.1486032,1312057.1486032,999999.9999999999
2025-03-22T06:50:00.000+0000,1312057.1486032,1312057.1486032,999999.9999999999
2025-03-22T07:00:00.000+0000,1312057.1486032,1312057.1486032,999999.9999999999
2025-03-22T07:10:00.000+0000,1312057.1486032,1312057.1486032,999999.9999999999
2025-03-22T07:20:00.000+0000,1312057.1486032,1312057.1486032,999999.9999999999
2025-03-22T07:30:00.000+0000,1312057.1486032,1312057.1486032,999999.9999999999
2025-03-22T07:40:00.000+0000,1312057.1486032,1312057.1486032,999999.9999999999
2025-03-22T07:50:00.000+0000,1312057.1486032,1312057.1486032,999999.9999999999
2025-03-22T08:00:00.000+0000,1312057.1486032,1312057.1486032,999999.9999999999
2025-03-22T08:10:00.000+0000,1312057.1486032,1312057.1486032,999999.9999999999
2025-03-22T08:20:00.000+0000,1312057.1486032,1312057.1486032,999999.9999999999
2025-03-22T08:30:00.000+0000,1312057.1486032,1312057.1486032,999999.9999999999
2025-03-22T08:40:00.000+0000,1312057.1486032,1312057.1486032,999999.9999999999
2025-03-22T08:50:00.000+0000,1312057.1486032,1312057.1486032,999999.9999999999
2025-03-22T09:00:00.000+0000,1312057.1486032,1312057.1486032,999999.9999999999
2025-03-22T09:10:00.000+0000,1312057.1486032,1312057.1486032,999999.9999999999
2025-03-22T09:20:00.000+0000,1312057.1486032,1312057.1486032,999999.9999999999
2025-03-22T09:30:00.000+0000,1312057.1486032,1312057.1486032,999999.9999999999
2025-03-22T09:40:00.000+0000,1312057.1486032,1312057.1486032,999999.9999999999
2025-03-22T09:50:00.000+0000,1312057.1486032,1312057.1486032,999999.9999999999
2025-03-22T10:00:00.000+0000,1312057.1486032,1312057.1486032,999999.9999999999
2025-03-22T10:10:00.000+0000,1312057.1486032,1312057.1486032,999999.9999999999
2025-03-22T10:20:00.000+0000,1312057.1486032,1312057.1486032,999999.9999999999
2025-03-22T10:30:00.000+0000,1312057.1486032,1312057.1486032,999999.9999999999
2025-03-22T10:40:00.000+0000,1312057.1486032,1312057.1486032,999999.9999999999
2025-03-22T10:50:00.000+0000,1312057.1486032,1312057.1486032,999999.9999999999
2025-03-22T11:00:00.000+0000,1312057.1486032,1312057.1486032,999999.9999999999
2025-03-22T11:10:00.000+0000,1312057.1486032,1312057.1486032,999999.9999999999
2025-03-22T11:20:00.000+0000,1312057.1486032,1312057.1486032,999999.9999999999
2025-03-22T11:30:00.000+0000,1312057.1486032,1312057.1486032,999999.9999999999
2025-03-22T11:40:00.000+0000,1312057.1486032,1312057.1486032,999999.9999999999
2025-03-22T11:50:00.000+0000,1312057.1486032,1312057.1486032,999999.9999999999
2025-03-22T12:00:00.000+0000,1312057.1486032,1312057.1486032,999999.9999999999
2025-03-22T12:10:00.000+0000,1312057.1486032,1312057.1486032,999999.9999999999
2025-03-22T12:20:00.000+0000,1312057.1486032,1312057.1486032,999999.9999999999
2025-03-22T12:30:00.000+0000,1312057.1486032,1312057.1486032,999999.9999999999
2025-03-22T12:40:00.000+0000,1312057.1486032,1312057.1486032,999999.9999999999
2025-03-22T12:50:00.000+0000,1312057.1486032,1312057.1486032,999999.9999999999
2025-03-22T13:00:00.000+0000,1312057.1486032,1312057.1486032,999999.9999999999
2025-03-22T13:10:00.000+0000,1312057.1486032,1312057.1486032,999999.9999999999
2025-03-22T13:20:00.000+0000,1312057.1486032,1312057.1486032,999999.9999999999
2025-03-22T13:30:00.000+0000,1312057.1486032,1312057.1486032,999999.9999999999
2025-03-22T13:40:00.000+0000,1312057.1486032,1312057.1486032,999999.9999999999
2025-03-22T13:50:00.000+0000,1312057.1486032,1312057.1486032,999999.9999999999
2025-03-22T14:00:00.000+0000,1312057.1486032,1312057.1486032,999999.9999999999
2025-03-22T14:10:00.000+0000,1312057.1486032,1312057.1486032,999999.9999999999
2025-03-22T14:20:00.000+0000,1312057.1486032,1312057.1486032,999999.9999999999
2025-03-22T14:30:00.000+0000,1312057.1486032,1312057.1486032,999999.9999999999
2025-03-22T14:40:00.000+0000,1312057.1486032,1312057.1486032,999999.9999999999
2025-03-22T14:50:00.000+0000,1312057.1486032,1312057.1486032,999999.9999999999
2025-03-22T15:00:00.000+0000,1312057.1486032,1312057.1486032,999999.9999999999
2025-03-22T15:10:00.000+0000,1312057.1486032,1312057.1486032,999999.9999999999
2025-03-22T15:20:00.000+0000,1312057.1486032,1312057.1486032,999999.9999999999
2025-03-22T15:30:00.000+0000,1312057.1486032,1312057.1486032,999999.9999999999
2025-03-22T15:40:00.000+0000,1312057.1486032,1312057.1486032,999999.9999999999
2025-03-22T15:50:00.000+0000,1312057.1486032,1312057.1486032,999999.9999999999
2025-03-22T16:00:00.000+0000,1312057.1486032,1312057.1486032,999999.9999999999
2025-03-22T16:10:00.000+0000,1312057.1486032,1312057.1486032,999999.9999999999
2025-03-22T16:20:00.000+0000,1312057.1486032,1312057.1486032,999999.9999999999
2025-03-22T16:30:00.000+0000,1312057.1486032,1312057.1486032,999999.9999999999
2025-03-22T16:40:00.000+0000,1312057.1486032,1312057.1486032,999999.9999999999
2025-03-22T16:50:00.000+0000,1312057.1486032,1312057.1486032,999999.9999999999
2025-03-22T17:00:00.000+0000,1312057.1486032,1312057.1486032,999999.9999999999
2025-03-22T17:10:00.000+0000,1312057.1486032,1312057.1486032,999999.9999999999
2025-03-22T17:20:00.000+0000,1312057.1486032,1312057.1486032,999999.9999999999
2025-03-22T17:30:00.000+0000,1312057.1486032,1312057.1486032,999999.9999999999
2025-03-22T17:40:00.000+0000,1312057.1486032,1312057.1486032,999999.9999999999
2025-03-22T17:50:00.000+0000,1312057.1486032,1312057.1486032,999999.9999999999
2025-03-22T18:00:00.000+0000,1312057.1486032,1312057.1486032,999999.9999999999
2025-03-22T18:10:00.000+0000,1312057.1486032,1312057.1486032,999999.9999999999
2025-03-22T18:20:00.000+0000,1312057.1486032,1312057.1486032,999999.9999999999
2025-03-22T18:30:00.000+0000,1312057.1486032,1312057.1486032,999999.9999999999
2025-03-22T18:40:00.000+0000,1312057.1486032,1312057.1486032,999999.9999999999
2025-03-22T18:50:00.000+0000,1312057.1486032,1312057.1486032,999999.9999999999
2025-03-22T19:00:00.000+0000,1312057.1486032,1312057.1486032,999999.9999999999
2025-03-22T19:10:00.000+0000,1312057.1486032,1312057.1486032,999999.9999999999
2025-03-22T19:20:00.000+0000,1312057.1486032,1312057.1486032,999999.9999999999
2025-03-22T19:30:00.000+0000,1312057.1486032,1312057.1486032,999999.9999999999
2025-03-22T19:40:00.000+0000,1312057.1486032,1312057.1486032,999999.9999999999
2025-03-22T19:50:00.000+0000,1312057.1486032,1312057.1486032,999999.9999999999
2025-03-22T20:00:00.000+0000,1312057.1486032,1312057.1486032,999999.9999999999
2025-03-22T20:10:00.000+0000,1312057.1486032,1312057.1486032,999999.9999999999
2025-03-22T20:20:00.000+0000,1312057.1486032,1312057.1486032,999999.9999999999
2025-03-22T20:30:00.000+0000,1312057.1486032,1312057.1486032,999999.9999999999
2025-03-22T20:40:00.000+0000,1312057.1486032,1312057.1486032,999999.9999999999
2025-03-22T20:50:00.000+0000,1312057.1486032,1312057.1486032,999999.9999999999
2025-03-22T21:00:00.000+0000,1312057.1486032,1312057.1486032,999999.9999999999
2025-03-22T21:10:00.000+0000,1312057.1486032,1312057.1486032,999999.9999999999
2025-03-22T21:20:00.000+0000,1312057.1486032,1312057.1486032,999999.9999999999
2025-03-22T21:30:00.000+0000,1312057.1486032,1312057.1486032,999999.9999999999
2025-03-22T21:40:00.000+0000,1312057.1486032,1312057.1486032,999999.9999999999
2025-03-22T21:50:00.000+0000,1312057.1486032,1312057.1486032,999999.9999999999
2025-03-22T22:00:00.000+0000,1312057.1486032,1312057.1486032,999999.9999999999
2025-03-22T22:10:00.000+0000,1312057.1486032,1312057.1486032,999999.9999999999
2025-03-22T22:20:00.000+0000,1312057.1486032,1312057.1486032,999999.9999999999
2025-03-22T22:30:00.000+0000,1312057.1486032,1312057.1486032,999999.9999999999
2025-03-22T22:40:00.000+0000,1312057.1486032,1312057.1486032,999999.9999999999
2025-03-22T22:50:00.000+0000,1312057.1486032,1312057.1486032,999999.9999999999
2025-03-22T23:00:00.000+0000,1312057.1486032,1312057.1486032,999999.9999999999
2025-03-22T23:10:00.000+0000,1312057.1486032,1312057.1486032,999999.9999999999
2025-03-22T23:20:00.000+0000,1312057.1486032,1312057.1486032,999999.9999999999
2025-03-22T23:30:00.000+0000,1312057.1486032,1312057.1486032,999999.9999999999
2025-03-22T23:40:00.000+0000,1312057.1486032,1312057.1486032,999999.9999999999
2025-03-22T23:50:00.000+0000,1312057.1486032,1312057.1486032,999999.9999999999
2025-03-23T00:00:00.000+0000,1312057.1486032,1312057.1486032,999999.9999999999
2025-03-23T00:10:00.000+0000,1312057.1486032,1312057.1486032,999999.9999999999
2025-03-23T00:20:00.000+0000,1312057.1486032,1312057.1486032,999999.9999999999
2025-03-23T00:30:00.000+0000,1312057.1486032,1312057.1486032,999999.9999999999
2025-03-23T00:40:00.000+0000,1312057.1486032,1312057.1486032,999999.9999999999
2025-03-23T00:50:00.000+0000,1312057.1486032,1312057.1486032,999999.9999999999
2025-03-23T01:00:00.000+0000,1312057.1486032,1312057.1486032,999999.9999999999
2025-03-23T01:10:00.000+0000,1312057.1486032,1312057.1486032,999999.9999999999
2025-03-23T01:20:00.000+0000,1312057.1486032,1312057.1486032,999999.9999999999
2025-03-23T01:30:00.000+0000,1312057.1486032,1312057.1486032,999999.9999999999
2025-03-23T01:40:00.000+0000,1312057.1486032,1312057.1486032,999999.9999999999
2025-03-23T01:50:00.000+0000,1312057.1486032,1312057.1486032,999999.9999999999
2025-03-23T02:00:00.000+0000,1312057.1486032,1312057.1486032,999999.9999999999
2025-03-23T02:10:00.000+0000,1312057.1486032,1312057.1486032,999999.9999999999
2025-03-23T02:20:00.000+0000,1312057.1486032,1312057.1486032,999999.9999999999
2025-03-23T02:30:00.000+0000,1312057.1486032,1312057.1486032,999999.9999999999
2025-03-23T02:40:00.000+0000,1312057.1486032,1312057.1486032,999999.9999999999
2025-03-23T02:50:00.000+0000,1312057.1486032,1312057.1486032,999999.9999999999
2025-03-23T03:00:00.000+0000,1312057.1486032,1312057.1486032,999999.9999999999
2025-03-23T03:10:00.000+0000,1312057.1486032,1312057.1486032,999999.9999999999
2025-03-23T03:20:00.000+0000,1312057.1486032,1312057.1486032,999999.9999999999
2025-03-23T03:30:00.000+0000,1312057.1486032,1312057.1486032,999999.9999999999
2025-03-23T03:40:00.000+0000,1312057.1486032,1312057.1486032,999999.9999999999
2025-03-23T03:50:00.000+0000,1312057.1486032,1312057.1486032,999999.9999999999
2025-03-23T04:00:00.000+0000,1312057.1486032,1312057.1486032,999999.9999999999
2025-03-23T04:10:00.000+0000,1312057.1486032,1312057.1486032,999999.9999999999
2025-03-23T04:20:00.000+0000,1312057.1486032,1312057.1486032,999999.9999999999
2025-03-23T04:30:00.000+0000,1312057.1486032,1312057.1486032,999999.9999999999
2025-03-23T04:40:00.000+0000,1312057.1486032,1312057.1486032,999999.9999999999
2025-03-23T04:50:00.000+0000,1312057.1486032,1312057.1486032,999999.9999999999
2025-03-23T05:00:00.000+0000,1312057.1486032,1312057.1486032,999999.9999999999
2025-03-23T05:10:00.000+0000,1312057.1486032,1312057.1486032,999999.9999999999
2025-03-23T05:20:00.000+0000,1312057.1486032,1312057.1486032,999999.9999999999
2025-03-23T05:30:00.000+0000,1312057.1486032,1312057.1486032,999999.9999999999
2025-03-23T05:40:00.000+0000,1312057.1486032,1312057.1486032,999999.9999999999
2025-03-23T05:50:00.000+0000,1312057.1486032,1312057.1486032,999999.9999999999
2025-03-23T06:00:00.000+0000,1312057.1486032,1312057.1486032,999999.9999999999
2025-03-23T06:10:00.000+0000,1312057.1486032,1312057.1486032,999999.9999999999
2025-03-23T06:20:00.000+0000,1312057.1486032,1312057.1486032,999999.9999999999
2025-03-23T06:30:00.000+0000,1312057.1486032,1312057.1486032,999999.9999999999
2025-03-23T06:40:00.000+0000,1312057.1486032,1312057.1486032,999999.9999999999
2025-03-23T06:50:00.000+0000,1312057.1486032,1312057.1486032,999999.9999999999
2025-03-23T07:00:00.000+0000,1312057.1486032,1312057.1486032,999999.9999999999
2025-03-23T07:10:00.000+0000,1312057.1486032,1312057.1486032,999999.9999999999
2025-03-23T07:20:00.000+0000,1312057.1486032,1312057.1486032,999999.9999999999
2025-03-23T07:30:00.000+0000,1312057.1486032,1312057.1486032,999999.9999999999
2025-03-23T07:40:00.000+0000,1312057.1486032,1312057.1486032,999999.9999999999
2025-03-23T07:50:00.000+0000,1312057.1486032,1312057.1486032,999999.9999999999
2025-03-23T08:00:00.000+0000,1312057.1486032,1312057.1486032,999999.9999999999
2025-03-23T08:10:00.000+0000,1312057.1486032,1312057.1486032,999999.9999999999
2025-03-23T08:20:00.000+0000,1312057.1486032,1312057.1486032,999999.9999999999
2025-03-23T08:30:00.000+0000,1312057.1486032,1312057.1486032,999999.9999999999
2025-03-23T08:40:00.000+0000,1312057.1486032,1312057.1486032,999999.9999999999
2025-03-23T08:50:00.000+0000,1312057.1486032,1312057.1486032,999999.9999999999
2025-03-23T09:00:00.000+0000,1312057.1486032,1312057.1486032,999999.9999999999
2025-03-23T09:10:00.000+0000,1312057.1486032,1312057.1486032,999999.9999999999
2025-03-23T09:20:00.000+0000,1312057.1486032,1312057.1486032,999999.9999999999
2025-03-23T09:30:00.000+0000,1312057.1486032,1312057.1486032,999999.9999999999
2025-03-23T09:40:00.000+0000,1312057.1486032,1312057.1486032,999999.9999999999
2025-03-23T09:50:00.000+0000,1312057.1486032,1312057.1486032,999999.9999999999
2025-03-23T10:00:00.000+0000,1312057.1486032,1312057.1486032,999999.9999999999
2025-03-23T10:10:00.000+0000,1312057.1486032,1312057.1486032,999999.9999999999
2025-03-23T10:20:00.000+0000,1312057.1486032,1312057.1486032,999999.9999999999
2025-03-23T10:30:00.000+0000,1312057.1486032,1312057.1486032,999999.9999999999
2025-03-23T10:40:00.000+0000,1312057.1486032,1312057.1486032,999999.9999999999
2025-03-23T10:50:00.000+0000,1312057.1486032,1312057.1486032,999999.9999999999
2025-03-23T11:00:00.000+0000,1312057.1486032,1312057.1486032,999999.9999999999
2025-03-23T11:10:00.000+0000,1312057.1486032,1312057.1486032,999999.9999999999
2025-03-23T11:20:00.000+0000,1312057.1486032,1312057.1486032,999999.9999999999
2025-03-23T11:30:00.000+0000,1312057.1486032,1312057.1486032,999999.9999999999
2025-03-23T11:40:00.000+0000,1312057.1486032,1312057.1486032,999999.9999999999
2025-03-23T11:50:00.000+0000,1312057.1486032,1312057.1486032,999999.9999999999
2025-03-23T12:00:00.000+0000,1312057.1486032,1312057.1486032,999999.9999999999
2025-03-23T12:10:00.000+0000,1312057.1486032,1312057.1486032,999999.9999999999
2025-03-23T12:20:00.000+0000,1312057.1486032,1312057.1486032,999999.9999999999
2025-03-23T12:30:00.000+0000,1312057.1486032,1312057.1486032,999999.9999999999
2025-03-23T12:40:00.000+0000,1312057.1486032,1312057.1486032,999999.9999999999
2025-03-23T12:50:00.000+0000,1312057.1486032,1312057.1486032,999999.9999999999
2025-03-23T13:00:00.000+0000,1312057.1486032,1312057.1486032,999999.9999999999
2025-03-23T13:10:00.000+0000,1312057.1486032,1312057.1486032,999999.9999999999
2025-03-23T13:20:00.000+0000,1312057.1486032,1312057.1486032,999999.9999999999
2025-03-23T13:30:00.000+0000,1312057.1486032,1312057.1486032,999999.9999999999
2025-03-23T13:40:00.000+0000,1312057.1486032,1312057.1486032,999999.9999999999
2025-03-23T13:50:00.000+0000,1312057.1486032,1312057.1486032,999999.9999999999
2025-03-23T14:00:00.000+0000,1312057.1486032,1312057.1486032,999999.9999999999
2025-03-23T14:10:00.000+0000,1312057.1486032,1312057.1486032,999999.9999999999
2025-03-23T14:20:00.000+0000,1312057.1486032,1312057.1486032,999999.9999999999
2025-03-23T14:30:00.000+0000,1312057.1486032,1312057.1486032,999999.9999999999
2025-03-23T14:40:00.000+0000,1312057.1486032,1312057.1486032,999999.9999999999
2025-03-23T14:50:00.000+0000,1312057.1486032,1312057.1486032,999999.9999999999
2025-03-23T15:00:00.000+0000,1312057.1486032,1312057.1486032,999999.9999999999
2025-03-23T15:10:00.000+0000,1312057.1486032,1312057.1486032,999999.9999999999
2025-03-23T15:20:00.000+0000,1312057.1486032,1312057.1486032,999999.9999999999
2025-03-23T15:30:00.000+0000,1312057.1486032,1312057.1486032,999999.9999999999
2025-03-23T15:40:00.000+0000,1312057.1486032,1312057.1486032,999999.9999999999
2025-03-23T15:50:00.000+0000,1312057.1486032,1312057.1486032,999999.9999999999
2025-03-23T16:00:00.000+0000,1312057.1486032,1312057.1486032,999999.9999999999
2025-03-23T16:10:00.000+0000,1312057.1486032,1312057.1486032,999999.9999999999
2025-03-23T16:20:00.000+0000,1312057.1486032,1312057.1486032,999999.9999999999
2025-03-23T16:30:00.000+0000,1312057.1486032,1312057.1486032,999999.9999999999
2025-03-23T16:40:00.000+0000,1312057.1486032,1312057.1486032,999999.9999999999
2025-03-23T16:50:00.000+0000,1312057.1486032,1312057.1486032,999999.9999999999
2025-03-23T17:00:00.000+0000,1312057.1486032,1312057.1486032,999999.9999999999
2025-03-23T17:10:00.000+0000,1312057.1486032,1312057.1486032,999999.9999999999
2025-03-23T17:20:00.000+0000,1312057.1486032,1312057.1486032,999999.9999999999
2025-03-23T17:30:00.000+0000,1312057.1486032,1312057.1486032,999999.9999999999
2025-03-23T17:40:00.000+0000,1312057.1486032,1312057.1486032,999999.9999999999
2025-03-23T17:50:00.000+0000,1312057.1486032,1312057.1486032,999999.9999999999
2025-03-23T18:00:00.000+0000,1312057.1486032,1312057.1486032,999999.9999999999
2025-03-23T18:10:00.000+0000,1312057.1486032,1312057.1486032,999999.9999999999
2025-03-23T18:20:00.000+0000,1312057.1486032,1312057.1486032,999999.9999999999
2025-03-23T18:30:00.000+0000,1312057.1486032,1312057.1486032,999999.9999999999
2025-03-23T18:40:00.000+0000,1312057.1486032,1312057.1486032,999999.9999999999
2025-03-23T18:50:00.000+0000,1312057.1486032,1312057.1486032,999999.9999999999
2025-03-23T19:00:00.000+0000,1312057.1486032,1312057.1486032,999999.9999999999
2025-03-23T19:10:00.000+0000,1312057.1486032,1312057.1486032,999999.9999999999
2025-03-23T19:20:00.000+0000,1312057.1486032,1312057.1486032,999999.9999999999
2025-03-23T19:30:00.000+0000,1312057.1486032,1312057.1486032,999999.9999999999
2025-03-23T19:40:00.000+0000,1312057.1486032,1312057.1486032,999999.9999999999
2025-03-23T19:50:00.000+0000,1312057.1486032,1312057.1486032,999999.9999999999
2025-03-23T20:00:00.000+0000,1312057.1486032,1312057.1486032,999999.9999999999
2025-03-23T20:10:00.000+0000,1312057.1486032,1312057.1486032,999999.9999999999
2025-03-23T20:20:00.000+0000,1312057.1486032,1312057.1486032,999999.9999999999
2025-03-23T20:30:00.000+0000,1312057.1486032,1312057.1486032,999999.9999999999
2025-03-23T20:40:00.000+0000,1312057.1486032,1312057.1486032,999999.9999999999
2025-03-23T20:50:00.000+0000,1312057.1486032,1312057.1486032,999999.9999999999
2025-03-23T21:00:00.000+0000,1312057.1486032,1312057.1486032,999999.9999999999
2025-03-23T21:10:00.000+0000,1312057.1486032,1312057.1486032,999999.9999999999
2025-03-23T21:20:00.000+0000,1312057.1486032,1312057.1486032,999999.9999999999
2025-03-23T21:30:00.000+0000,1312057.1486032,1312057.1486032,999999.9999999999
2025-03-23T21:40:00.000+0000,1312057.1486032,1312057.1486032,999999.9999999999
2025-03-23T21:50:00.000+0000,1312057.1486032,1312057.1486032,999999.9999999999
2025-03-23T22:00:00.000+0000,1312057.1486032,1312057.1486032,999999.9999999999
2025-03-23T22:10:00.000+0000,1312057.1486032,1312057.1486032,999999.9999999999
2025-03-23T22:20:00.000+0000,1312057.1486032,1312057.1486032,999999.9999999999
2025-03-23T22:30:00.000+0000,1312057.1486032,1312057.1486032,999999.9999999999
2025-03-23T22:40:00.000+0000,1312057.1486032,1312057.1486032,999999.9999999999
2025-03-23T22:50:00.000+0000,1312057.1486032,1312057.1486032,999999.9999999999
2025-03-23T23:00:00.000+0000,1312057.1486032,1312057.1486032,999999.9999999999
2025-03-23T23:10:00.000+0000,1312057.1486032,1312057.1486032,999999.9999999999
2025-03-23T23:20:00.000+0000,1312057.1486032,1312057.1486032,999999.9999999999
2025-03-23T23:30:00.000+0000,1312057.1486032,1312057.1486032,999999.9999999999
2025-03-23T23:40:00.000+0000,1312057.1486032,1312057.1486032,999999.9999999999
2025-03-23T23:50:00.000+0000,1312057.1486032,1312057.1486032,999999.9999999999
2025-03-24T00:00:00.000+0000,1312057.1486032,1312057.1486032,999999.9999999999
2025-03-24T00:10:00.000+0000,1312057.1486032,1312057.1486032,999999.9999999999
2025-03-24T00:20:00.000+0000,1312057.1486032,1312057.1486032,999999.9999999999
2025-03-24T00:30:00.000+0000,1312057.1486032,1312057.1486032,999999.9999999999
2025-03-24T00:40:00.000+0000,1312057.1486032,1312057.1486032,999999.9999999999
2025-03-24T00:50:00.000+0000,1312057.1486032,1312057.1486032,999999.9999999999
2025-03-24T01:00:00.000+0000,1312057.1486032,1312057.1486032,999999.9999999999
2025-03-24T01:10:00.000+0000,1312057.1486032,1312057.1486032,999999.9999999999
2025-03-24T01:20:00.000+0000,1312057.1486032,1312057.1486032,999999.9999999999
2025-03-24T01:30:00.000+0000,1312057.1486032,1312057.1486032,999999.9999999999
2025-03-24T01:40:00.000+0000,1312057.1486032,1312057.1486032,999999.9999999999
2025-03-24T01:50:00.000+0000,1312057.1486032,1312057.1486032,999999.9999999999
2025-03-24T02:00:00.000+0000,1312057.1486032,1312057.1486032,999999.9999999999
2025-03-24T02:10:00.000+0000,1312057.1486032,1312057.1486032,999999.9999999999
2025-03-24T02:20:00.000+0000,1312057.1486032,1312057.1486032,999999.9999999999
2025-03-24T02:30:00.000+0000,1312057.1486032,1312057.1486032,999999.9999999999
2025-03-24T02:40:00.000+0000,1312057.1486032,1312057.1486032,999999.9999999999
2025-03-24T02:50:00.000+0000,1312057.1486032,1312057.1486032,999999.9999999999
2025-03-24T03:00:00.000+0000,1312057.1486032,1312057.1486032,999999.9999999999
2025-03-24T03:10:00.000+0000,1312057.1486032,1312057.1486032,999999.9999999999
2025-03-24T03:20:00.000+0000,1312057.1486032,1312057.1486032,999999.9999999999
2025-03-24T03:30:00.000+0000,1312057.1486032,1312057.1486032,999999.9999999999
2025-03-24T03:40:00.000+0000,1312057.1486032,1312057.1486032,999999.9999999999
2025-03-24T03:50:00.000+0000,1312057.1486032,1312057.1486032,999999.9999999999
2025-03-24T04:00:00.000+0000,1312057.1486032,1312057.1486032,999999.9999999999
2025-03-24T04:10:00.000+0000,1312057.1486032,1312057.1486032,999999.9999999999
2025-03-24T04:20:00.000+0000,1312057.1486032,1312057.1486032,999999.9999999999
2025-03-24T04:30:00.000+0000,1312057.1486032,1312057.1486032,999999.9999999999
2025-03-24T04:40:00.000+0000,1312057.1486032,1312057.1486032,999999.9999999999
2025-03-24T04:50:00.000+0000,1312057.1486032,1312057.1486032,999999.9999999999
2025-03-24T05:00:00.000+0000,1312057.1486032,1312057.1486032,999999.9999999999
2025-03-24T05:10:00.000+0000,1312057.1486032,1312057.1486032,999999.9999999999
2025-03-24T05:20:00.000+0000,1312057.1486032,1312057.1486032,999999.9999999999
2025-03-24T05:30:00.000+0000,1312057.1486032,1312057.1486032,999999.9999999999
2025-03-24T05:40:00.000+0000,1312057.1486032,1312057.1486032,999999.9999999999
2025-03-24T05:50:00.000+0000,1312057.1486032,1312057.1486032,999999.9999999999
2025-03-24T06:00:00.000+0000,1312057.1486032,1312057.1486032,999999.9999999999
2025-03-24T06:10:00.000+0000,1312057.1486032,1312057.1486032,999999.9999999999
2025-03-24T06:20:00.000+0000,1312057.1486032,1312057.1486032,999999.9999999999
2025-03-24T06:30:00.000+0000,1312057.1486032,1312057.1486032,999999.9999999999
2025-03-24T06:40:00.000+0000,1312057.1486032,1312057.1486032,999999.9999999999
2025-03-24T06:50:00.000+0000,1312057.1486032,1312057.1486032,999999.9999999999
2025-03-24T07:00:00.000+0000,1312057.1486032,1312057.1486032,999999.9999999999
2025-03-24T07:10:00.000+0000,1312057.1486032,1312057.1486032,999999.9999999999
2025-03-24T07:20:00.000+0000,1312057.1486032,1312057.1486032,999999.9999999999
2025-03-24T07:30:00.000+0000,1312057.1486032,1312057.1486032,999999.9999999999
2025-03-24T07:40:00.000+0000,1312057.1486032,1312057.1486032,999999.9999999999
2025-03-24T07:50:00.000+0000,1312057.1486032,1312057.1486032,999999.9999999999
2025-03-24T08:00:00.000+0000,1312057.1486032,1312057.1486032,999999.9999999999
2025-03-24T08:10:00.000+0000,1312057.1486032,1312057.1486032,999999.9999999999
2025-03-24T08:20:00.000+0000,1312057.1486032,1312057.1486032,999999.9999999999
2025-03-24T08:30:00.000+0000,1312057.1486032,1312057.1486032,999999.9999999999
2025-03-24T08:40:00.000+0000,1312057.1486032,1312057.1486032,999999.9999999999
2025-03-24T08:50:00.000+0000,1312057.1486032,1312057.1486032,999999.9999999999
2025-03-24T09:00:00.000+0000,1312057.1486032,1312057.1486032,999999.9999999999
2025-03-24T09:10:00.000+0000,1312057.1486032,1312057.1486032,999999.9999999999
2025-03-24T09:20:00.000+0000,1312057.1486032,1312057.1486032,999999.9999999999
2025-03-24T09:30:00.000+0000,1312057.1486032,1312057.1486032,999999.9999999999
2025-03-24T09:40:00.000+0000,1312057.1486032,1312057.1486032,999999.9999999999
2025-03-24T09:50:00.000+0000,1312057.1486032,1312057.1486032,999999.9999999999
2025-03-24T10:00:00.000+0000,1312057.1486032,1312057.1486032,999999.9999999999
2025-03-24T10:10:00.000+0000,1312057.1486032,1312057.1486032,999999.9999999999
2025-03-24T10:20:00.000+0000,1312057.1486032,1312057.1486032,999999.9999999999
2025-03-24T10:30:00.000+0000,1312057.1486032,1312057.1486032,999999.9999999999
2025-03-24T10:40:00.000+0000,1312057.1486032,1312057.1486032,999999.9999999999
2025-03-24T10:50:00.000+0000,1312057.1486032,1312057.1486032,999999.9999999999
2025-03-24T11:00:00.000+0000,1312057.1486032,1312057.1486032,999999.9999999999
2025-03-24T11:10:00.000+0000,1312057.1486032,1312057.1486032,999999.9999999999
2025-03-24T11:20:00.000+0000,1312057.1486032,1312057.1486032,999999.9999999999
2025-03-24T11:30:00.000+0000,1312057.1486032,1312057.1486032,999999.9999999999
2025-03-24T11:40:00.000+0000,1312057.1486032,1312057.1486032,999999.9999999999
2025-03-24T11:50:00.000+0000,1312057.1486032,1312057.1486032,999999.9999999999
2025-03-24T12:00:00.000+0000,1312057.1486032,1312057.1486032,999999.9999999999
2025-03-24T12:10:00.000+0000,1312057.1486032,1312057.1486032,999999.9999999999
2025-03-24T12:20:00.000+0000,1312057.1486032,1312057.1486032,999999.9999999999
2025-03-24T12:30:00.000+0000,1312057.1486032,1312057.1486032,999999.9999999999
2025-03-24T12:40:00.000+0000,1312057.1486032,1312057.1486032,999999.9999999999
2025-03-24T12:50:00.000+0000,1312057.1486032,1312057.1486032,999999.9999999999
2025-03-24T13:00:00.000+0000,1312057.1486032,1312057.1486032,999999.9999999999
2025-03-24T13:10:00.000+0000,1312057.1486032,1312057.1486032,999999.9999999999
2025-03-24T13:20:00.000+0000,1312057.1486032,1312057.1486032,999999.9999999999
2025-03-24T13:30:00.000+0000,1312057.1486032,1312057.1486032,999999.9999999999
2025-03-24T13:40:00.000+0000,1312057.1486032,1312057.1486032,999999.9999999999
2025-03-24T13:50:00.000+0000,1312057.1486032,1312057.1486032,999999.9999999999
2025-03-24T14:00:00.000+0000,1312057.1486032,1312057.1486032,999999.9999999999
2025-03-24T14:10:00.000+0000,1312057.1486032,1312057.1486032,999999.9999999999
2025-03-24T14:20:00.000+0000,1312057.1486032,1312057.1486032,999999.9999999999
2025-03-24T14:30:00.000+0000,1312057.1486032,1312057.1486032,999999.9999999999
2025-03-24T14:40:00.000+0000,1312057.1486032,1312057.1486032,999999.9999999999
2025-03-24T14:50:00.000+0000,1312057.1486032,1312057.1486032,999999.9999999999
2025-03-24T15:00:00.000+0000,1312057.1486032,1312057.1486032,999999.9999999999
2025-03-24T15:10:00.000+0000,1312057.1486032,1312057.1486032,999999.9999999999
2025-03-24T15:20:00.000+0000,1312057.1486032,1312057.1486032,999999.9999999999
2025-03-24T15:30:00.000+0000,1312057.1486032,1312057.1486032,999999.9999999999
2025-03-24T15:40:00.000+0000,1312057.1486032,1312057.1486032,999999.9999999999
2025-03-24T15:50:00.000+0000,1312057.1486032,1312057.1486032,999999.9999999999
2025-03-24T16:00:00.000+0000,1312057.1486032,1312057.1486032,999999.9999999999
2025-03-24T16:10:00.000+0000,1312057.1486032,1312057.1486032,999999.9999999999
2025-03-24T16:20:00.000+0000,1312057.1486032,1312057.1486032,999999.9999999999
2025-03-24T16:30:00.000+0000,1312057.1486032,1312057.1486032,999999.9999999999
2025-03-24T16:40:00.000+0000,1312057.1486032,1312057.1486032,999999.9999999999
2025-03-24T16:50:00.000+0000,1312057.1486032,1312057.1486032,999999.9999999999
2025-03-24T17:00:00.000+0000,1312057.1486032,1312057.1486032,999999.9999999999
2025-03-24T17:10:00.000+0000,1312057.1486032,1312057.1486032,999999.9999999999
2025-03-24T17:20:00.000+0000,1312057.1486032,1312057.1486032,999999.9999999999
2025-03-24T17:30:00.000+0000,1312057.1486032,1312057.1486032,999999.9999999999
2025-03-24T17:40:00.000+0000,1312057.1486032,1312057.1486032,999999.9999999999
2025-03-24T17:50:00.000+0000,1312057.1486032,1312057.1486032,999999.9999999999
2025-03-24T18:00:00.000+0000,1312057.1486032,1312057.1486032,999999.9999999999
2025-03-24T18:10:00.000+0000,1312057.1486032,1312057.1486032,999999.9999999999
2025-03-24T18:20:00.000+0000,1312057.1486032,1312057.1486032,999999.9999999999
2025-03-24T18:30:00.000+0000,1312057.1486032,1312057.1486032,999999.9999999999
2025-03-24T18:40:00.000+0000,1312057.1486032,1312057.1486032,999999.9999999999
2025-03-24T18:50:00.000+0000,1312057.1486032,1312057.1486032,999999.9999999999
2025-03-24T19:00:00.000+0000,1312057.1486032,1312057.1486032,999999.9999999999
2025-03-24T19:10:00.000+0000,1312057.1486032,1312057.1486032,999999.9999999999
2025-03-24T19:20:00.000+0000,1312057.1486032,1312057.1486032,999999.9999999999
2025-03-24T19:30:00.000+0000,1312057.1486032,1312057.1486032,999999.9999999999
2025-03-24T19:40:00.000+0000,1312057.1486032,1312057.1486032,999999.9999999999
2025-03-24T19:50:00.000+0000,1312057.1486032,1312057.1486032,999999.9999999999
2025-03-24T20:00:00.000+0000,1312057.1486032,1312057.1486032,999999.9999999999
2025-03-24T20:10:00.000+0000,1312057.1486032,1312057.1486032,999999.9999999999
2025-03-24T20:20:00.000+0000,1312057.1486032,1312057.1486032,999999.9999999999
2025-03-24T20:30:00.000+0000,1312057.1486032,1312057.1486032,999999.9999999999
2025-03-24T20:40:00.000+0000,1312057.1486032,1312057.1486032,999999.9999999999
2025-03-24T20:50:00.000+0000,1312057.1486032,1312057.1486032,999999.9999999999
2025-03-24T21:00:00.000+0000,1312057.1486032,1312057.1486032,999999.9999999999
2025-03-24T21:10:00.000+0000,1312057.1486032,1312057.1486032,999999.9999999999
2025-03-24T21:20:00.000+0000,1312057.1486032,1312057.1486032,999999.9999999999
2025-03-24T21:30:00.000+0000,1312057.1486032,1312057.1486032,999999.9999999999
2025-03-24T21:40:00.000+0000,1312057.1486032,1312057.1486032,999999.9999999999
2025-03-24T21:50:00.000+0000,1312057.1486032,1312057.1486032,999999.9999999999
2025-03-24T22:00:00.000+0000,1312057.1486032,1312057.1486032,999999.9999999999
2025-03-24T22:10:00.000+0000,1312057.1486032,1312057.1486032,999999.9999999999
2025-03-24T22:20:00.000+0000,1312057.1486032,1312057.1486032,999999.9999999999
2025-03-24T22:30:00.000+0000,1312057.1486032,1312057.1486032,999999.9999999999
2025-03-24T22:40:00.000+0000,1312057.1486032,1312057.1486032,999999.9999999999
2025-03-24T22:50:00.000+0000,1312057.1486032,1312057.1486032,999999.9999999999
2025-03-24T23:00:00.000+0000,1312057.1486032,1312057.1486032,999999.9999999999
2025-03-24T23:10:00.000+0000,1312057.1486032,1312057.1486032,999999.9999999999
2025-03-24T23:20:00.000+0000,1312057.1486032,1312057.1486032,999999.9999999999
2025-03-24T23:30:00.000+0000,1312057.1486032,1312057.1486032,999999.9999999999
2025-03-24T23:40:00.000+0000,1312057.1486032,1312057.1486032,999999.9999999999
2025-03-24T23:50:00.000+0000,1312057.1486032,1312057.1486032,999999.9999999999
2025-03-25T00:00:00.000+0000,1312057.1486032,1312057.1486032,999999.9999999999
2025-03-25T00:10:00.000+0000,1312057.1486032,1312057.1486032,999999.9999999999
2025-03-25T00:20:00.000+0000,1312057.1486032,1312057.1486032,999999.9999999999
2025-03-25T00:30:00.000+0000,1312057.1486032,1312057.1486032,999999.9999999999
2025-03-25T00:40:00.000+0000,1312057.1486032,1312057.1486032,999999.9999999999
2025-03-25T00:50:00.000+0000,1312057.1486032,1312057.1486032,999999.9999999999
2025-03-25T01:00:00.000+0000,1312057.1486032,1312057.1486032,999999.9999999999
2025-03-25T01:10:00.000+0000,1312057.1486032,1312057.1486032,999999.9999999999
2025-03-25T01:20:00.000+0000,1312057.1486032,1312057.1486032,999999.9999999999
2025-03-25T01:30:00.000+0000,1312057.1486032,1312057.1486032,999999.9999999999
2025-03-25T01:40:00.000+0000,1312057.1486032,1312057.1486032,999999.9999999999
2025-03-25T01:50:00.000+0000,1312057.1486032,1312057.1486032,999999.9999999999
2025-03-25T02:00:00.000+0000,1312057.1486032,1312057.1486032,999999.9999999999
2025-03-25T02:10:00.000+0000,1312057.1486032,1312057.1486032,999999.9999999999
2025-03-25T02:20:00.000+0000,1312057.1486032,1312057.1486032,999999.9999999999
2025-03-25T02:30:00.000+0000,1312057.1486032,1312057.1486032,999999.9999999999
2025-03-25T02:40:00.000+0000,1312057.1486032,1312057.1486032,999999.9999999999
2025-03-25T02:50:00.000+0000,1312057.1486032,1312057.1486032,999999.9999999999
2025-03-25T03:00:00.000+0000,1312057.1486032,1312057.1486032,999999.9999999999
2025-03-25T03:10:00.000+0000,1312057.1486032,1312057.1486032,999999.9999999999
2025-03-25T03:20:00.000+0000,1312057.1486032,1312057.1486032,999999.9999999999
2025-03-25T03:30:00.000+0000,1312057.1486032,1312057.1486032,999999.9999999999
2025-03-25T03:40:00.000+0000,1312057.1486032,1312057.1486032,999999.9999999999
2025-03-25T03:50:00.000+0000,1312057.1486032,1312057.1486032,999999.9999999999
2025-03-25T04:00:00.000+0000,1312057.1486032,1312057.1486032,999999.9999999999
2025-03-25T04:10:00.000+0000,1312057.1486032,1312057.1486032,999999.9999999999
2025-03-25T04:20:00.000+0000,1312057.1486032,1312057.1486032,999999.9999999999
2025-03-25T04:30:00.000+0000,1312057.1486032,1312057.1486032,999999.9999999999
2025-03-25T04:40:00.000+0000,1312057.1486032,1312057.1486032,999999.9999999999
2025-03-25T04:50:00.000+0000,1312057.1486032,1312057.1486032,999999.9999999999
2025-03-25T05:00:00.000+0000,1312057.1486032,1312057.1486032,999999.9999999999
2025-03-25T05:10:00.000+0000,1312057.1486032,1312057.1486032,999999.9999999999
2025-03-25T05:20:00.000+0000,1312057.1486032,1312057.1486032,999999.9999999999
2025-03-25T05:30:00.000+0000,1312057.1486032,1312057.1486032,999999.9999999999
2025-03-25T05:40:00.000+0000,1312057.1486032,1312057.1486032,999999.9999999999
2025-03-25T05:50:00.000+0000,1312057.1486032,1312057.1486032,999999.9999999999
2025-03-25T06:00:00.000+0000,1312057.1486032,1312057.1486032,999999.9999999999
2025-03-25T06:10:00.000+0000,1312057.1486032,1312057.1486032,999999.9999999999
2025-03-25T06:20:00.000+0000,1312057.1486032,1312057.1486032,999999.9999999999
2025-03-25T06:30:00.000+0000,1312057.1486032,1312057.1486032,999999.9999999999
2025-03-25T06:40:00.000+0000,1312057.1486032,1312057.1486032,999999.9999999999
2025-03-25T06:50:00.000+0000,1312057.1486032,1312057.1486032,999999.9999999999
2025-03-25T07:00:00.000+0000,1312057.1486032,1312057.1486032,999999.9999999999
2025-03-25T07:10:00.000+0000,1312057.1486032,1312057.1486032,999999.9999999999
2025-03-25T07:20:00.000+0000,1312057.1486032,1312057.1486032,999999.9999999999
2025-03-25T07:30:00.000+0000,1312057.1486032,1312057.1486032,999999.9999999999
2025-03-25T07:40:00.000+0000,1312057.1486032,1312057.1486032,999999.9999999999
2025-03-25T07:50:00.000+0000,1312057.1486032,1312057.1486032,999999.9999999999
2025-03-25T08:00:00.000+0000,1312057.1486032,1312057.1486032,999999.9999999999
2025-03-25T08:10:00.000+0000,1312057.1486032,1312057.1486032,999999.9999999999
2025-03-25T08:20:00.000+0000,1312057.1486032,1312057.1486032,999999.9999999999
2025-03-25T08:30:00.000+0000,1312057.1486032,1312057.1486032,999999.9999999999
2025-03-25T08:40:00.000+0000,1312057.1486032,1312057.1486032,999999.9999999999
2025-03-25T08:50:00.000+0000,1312057.1486032,1312057.1486032,999999.9999999999
2025-03-25T09:00:00.000+0000,1312057.1486032,1312057.1486032,999999.9999999999
2025-03-25T09:10:00.000+0000,1312057.1486032,1312057.1486032,999999.9999999999
2025-03-25T09:20:00.000+0000,1312057.1486032,1312057.1486032,999999.9999999999
2025-03-25T09:30:00.000+0000,1312057.1486032,1312057.1486032,999999.9999999999
2025-03-25T09:40:00.000+0000,1312057.1486032,1312057.1486032,999999.9999999999
2025-03-25T09:50:00.000+0000,1312057.1486032,1312057.1486032,999999.9999999999
2025-03-25T10:00:00.000+0000,1312057.1486032,1312057.1486032,999999.9999999999
2025-03-25T10:10:00.000+0000,1312057.1486032,1312057.1486032,999999.9999999999
2025-03-25T10:20:00.000+0000,1312057.1486032,1312057.1486032,999999.9999999999
2025-03-25T10:30:00.000+0000,1312057.1486032,1312057.1486032,999999.9999999999
2025-03-25T10:40:00.000+0000,1312057.1486032,1312057.1486032,999999.9999999999
2025-03-25T10:50:00.000+0000,1312057.1486032,1312057.1486032,999999.9999999999
2025-03-25T11:00:00.000+0000,1312057.1486032,1312057.1486032,999999.9999999999
2025-03-25T11:10:00.000+0000,1312057.1486032,1312057.1486032,999999.9999999999
2025-03-25T11:20:00.000+0000,1312057.1486032,1312057.1486032,999999.9999999999
2025-03-25T11:30:00.000+0000,1312057.1486032,1312057.1486032,999999.9999999999
2025-03-25T11:40:00.000+0000,1312057.1486032,1312057.1486032,999999.9999999999
2025-03-25T11:50:00.000+0000,1312057.1486032,1312057.1486032,999999.9999999999
2025-03-25T12:00:00.000+0000,1312057.1486032,1312057.1486032,999999.9999999999
2025-03-25T12:10:00.000+0000,1312057.1486032,1312057.1486032,999999.9999999999
2025-03-25T12:20:00.000+0000,1312057.1486032,1312057.1486032,999999.9999999999
2025-03-25T12:30:00.000+0000,1312057.1486032,1312057.1486032,999999.9999999999
2025-03-25T12:40:00.000+0000,1312057.1486032,1312057.1486032,999999.9999999999
2025-03-25T12:50:00.000+0000,1312057.1486032,1312057.1486032,999999.9999999999
2025-03-25T13:00:00.000+0000,1312057.1486032,1312057.1486032,999999.9999999999
2025-03-25T13:10:00.000+0000,1312057.1486032,1312057.1486032,999999.9999999999
2025-03-25T13:20:00.000+0000,1312057.1486032,1312057.1486032,999999.9999999999
2025-03-25T13:30:00.000+0000,1312057.1486032,1312057.1486032,999999.9999999999
2025-03-25T13:40:00.000+0000,1312057.1486032,1312057.1486032,999999.9999999999
2025-03-25T13:50:00.000+0000,1312057.1486032,1312057.1486032,999999.9999999999
2025-03-25T14:00:00.000+0000,1312057.1486032,1312057.1486032,999999.9999999999
2025-03-25T14:10:00.000+0000,1312057.1486032,1312057.1486032,999999.9999999999
2025-03-25T14:20:00.000+0000,1312057.1486032,1312057.1486032,999999.9999999999
2025-03-25T14:30:00.000+0000,1312057.1486032,1312057.1486032,999999.9999999999
2025-03-25T14:40:00.000+0000,1312057.1486032,1312057.1486032,999999.9999999999
2025-03-25T14:50:00.000+0000,1312057.1486032,1312057.1486032,999999.9999999999
2025-03-25T15:00:00.000+0000,1312057.1486032,1312057.1486032,999999.9999999999
2025-03-25T15:10:00.000+0000,1312057.1486032,1312057.1486032,999999.9999999999
2025-03-25T15:20:00.000+0000,1312057.1486032,1312057.1486032,999999.9999999999
2025-03-25T15:30:00.000+0000,1312057.1486032,1312057.1486032,999999.9999999999
2025-03-25T15:40:00.000+0000,1312057.1486032,1312057.1486032,999999.9999999999
2025-03-25T15:50:00.000+0000,1312057.1486032,1312057.1486032,999999.9999999999
2025-03-25T16:00:00.000+0000,1312057.1486032,1312057.1486032,999999.9999999999
2025-03-25T16:10:00.000+0000,1312057.1486032,1312057.1486032,999999.9999999999
2025-03-25T16:20:00.000+0000,1312057.1486032,1312057.1486032,999999.9999999999
2025-03-25T16:30:00.000+0000,1312057.1486032,1312057.1486032,999999.9999999999
2025-03-25T16:40:00.000+0000,1312057.1486032,1312057.1486032,999999.9999999999
2025-03-25T16:50:00.000+0000,1312057.1486032,1312057.1486032,999999.9999999999
2025-03-25T17:00:00.000+0000,1312057.1486032,1312057.1486032,999999.9999999999
2025-03-25T17:10:00.000+0000,1312057.1486032,1312057.1486032,999999.9999999999
2025-03-25T17:20:00.000+0000,1312057.1486032,1312057.1486032,999999.9999999999
2025-03-25T17:30:00.000+0000,1312057.1486032,1312057.1486032,999999.9999999999
2025-03-25T17:40:00.000+0000,1312057.1486032,1312057.1486032,999999.9999999999
2025-03-25T17:50:00.000+0000,1312057.1486032,1312057.1486032,999999.9999999999
2025-03-25T18:00:00.000+0000,1312057.1486032,1312057.1486032,999999.9999999999
2025-03-25T18:10:00.000+0000,1312057.1486032,1312057.1486032,999999.9999999999
2025-03-25T18:20:00.000+0000,1312057.1486032,1312057.1486032,999999.9999999999
2025-03-25T18:30:00.000+0000,1312057.1486032,1312057.1486032,999999.9999999999
2025-03-25T18:40:00.000+0000,1312057.1486032,1312057.1486032,999999.9999999999
2025-03-25T18:50:00.000+0000,1312057.1486032,1312057.1486032,999999.9999999999
2025-03-25T19:00:00.000+0000,1312057.1486032,1312057.1486032,999999.9999999999
2025-03-25T19:10:00.000+0000,1312057.1486032,1312057.1486032,999999.9999999999
2025-03-25T19:20:00.000+0000,1312057.1486032,1312057.1486032,999999.9999999999
2025-03-25T19:30:00.000+0000,1312057.1486032,1312057.1486032,999999.9999999999
2025-03-25T19:40:00.000+0000,1312057.1486032,1312057.1486032,999999.9999999999
2025-03-25T19:50:00.000+0000,1312057.1486032,1312057.1486032,999999.9999999999
2025-03-25T20:00:00.000+0000,1312057.1486032,1312057.1486032,999999.9999999999
2025-03-25T20:10:00.000+0000,1312057.1486032,1312057.1486032,999999.9999999999
2025-03-25T20:20:00.000+0000,1312057.1486032,1312057.1486032,999999.9999999999
2025-03-25T20:30:00.000+0000,1312057.1486032,1312057.1486032,999999.9999999999
2025-03-25T20:40:00.000+0000,1312057.1486032,1312057.1486032,999999.9999999999
2025-03-25T20:50:00.000+0000,1312057.1486032,1312057.1486032,999999.9999999999
2025-03-25T21:00:00.000+0000,1312057.1486032,1312057.1486032,999999.9999999999
2025-03-25T21:10:00.000+0000,1312057.1486032,1312057.1486032,999999.9999999999
2025-03-25T21:20:00.000+0000,1312057.1486032,1312057.1486032,999999.9999999999
2025-03-25T21:30:00.000+0000,1312057.1486032,1312057.1486032,999999.9999999999
2025-03-25T21:40:00.000+0000,1312057.1486032,1312057.1486032,999999.9999999999
2025-03-25T21:50:00.000+0000,1312057.1486032,1312057.1486032,999999.9999999999
2025-03-25T22:00:00.000+0000,1312057.1486032,1312057.1486032,999999.9999999999
2025-03-25T22:10:00.000+0000,1312057.1486032,1312057.1486032,999999.9999999999
2025-03-25T22:20:00.000+0000,1312057.1486032,1312057.1486032,999999.9999999999
2025-03-25T22:30:00.000+0000,1312057.1486032,1312057.1486032,999999.9999999999
2025-03-25T22:40:00.000+0000,1312057.1486032,1312057.1486032,999999.9999999999
2025-03-25T22:50:00.000+0000,1312057.1486032,1312057.1486032,999999.9999999999
2025-03-25T23:00:00.000+0000,1312057.1486032,1312057.1486032,999999.9999999999
2025-03-25T23:10:00.000+0000,1312057.1486032,1312057.1486032,999999.9999999999
2025-03-25T23:20:00.000+0000,1312057.1486032,1312057.1486032,999999.9999999999
2025-03-25T23:30:00.000+0000,1312057.1486032,1312057.1486032,999999.9999999999
2025-03-25T23:40:00.000+0000,1312057.1486032,1312057.1486032,999999.9999999999
2025-03-25T23:50:00.000+0000,1312057.1486032,1312057.1486032,999999.9999999999
2025-03-26T00:00:00.000+0000,1312057.1486032,1312057.1486032,999999.9999999999
2025-03-26T00:10:00.000+0000,1312057.1486032,1312057.1486032,999999.9999999999
2025-03-26T00:20:00.000+0000,1312057.1486032,1312057.1486032,999999.9999999999
2025-03-26T00:30:00.000+0000,1312057.1486032,1312057.1486032,999999.9999999999
2025-03-26T00:40:00.000+0000,1312057.1486032,1312057.1486032,999999.9999999999
2025-03-26T00:50:00.000+0000,1312057.1486032,1312057.1486032,999999.9999999999
2025-03-26T01:00:00.000+0000,1312057.1486032,1312057.1486032,999999.9999999999
2025-03-26T01:10:00.000+0000,1312057.1486032,1312057.1486032,999999.9999999999
2025-03-26T01:20:00.000+0000,1312057.1486032,1312057.1486032,999999.9999999999
2025-03-26T01:30:00.000+0000,1312057.1486032,1312057.1486032,999999.9999999999
2025-03-26T01:40:00.000+0000,1312057.1486032,1312057.1486032,999999.9999999999
2025-03-26T01:50:00.000+0000,1312057.1486032,1312057.1486032,999999.9999999999
2025-03-26T02:00:00.000+0000,1312057.1486032,1312057.1486032,999999.9999999999
2025-03-26T02:10:00.000+0000,1312057.1486032,1312057.1486032,999999.9999999999
2025-03-26T02:20:00.000+0000,1312057.1486032,1312057.1486032,999999.9999999999
2025-03-26T02:30:00.000+0000,1312057.1486032,1312057.1486032,999999.9999999999
2025-03-26T02:40:00.000+0000,1312057.1486032,1312057.1486032,999999.9999999999
2025-03-26T02:50:00.000+0000,1312057.1486032,1312057.1486032,999999.9999999999
2025-03-26T03:00:00.000+0000,1312057.1486032,1312057.1486032,999999.9999999999
2025-03-26T03:10:00.000+0000,1312057.1486032,1312057.1486032,999999.9999999999
2025-03-26T03:20:00.000+0000,1312057.1486032,1312057.1486032,999999.9999999999
2025-03-26T03:30:00.000+0000,1312057.1486032,1312057.1486032,999999.9999999999
2025-03-26T03:40:00.000+0000,1312057.1486032,1312057.1486032,999999.9999999999
2025-03-26T03:50:00.000+0000,1312057.1486032,1312057.1486032,999999.9999999999
2025-03-26T04:00:00.000+0000,1312057.1486032,1312057.1486032,999999.9999999999
2025-03-26T04:10:00.000+0000,1312057.1486032,1312057.1486032,999999.9999999999
2025-03-26T04:20:00.000+0000,1312057.1486032,1312057.1486032,999999.9999999999
2025-03-26T04:30:00.000+0000,1312057.1486032,1312057.1486032,999999.9999999999
2025-03-26T04:40:00.000+0000,1312057.1486032,1312057.1486032,999999.9999999999
2025-03-26T04:50:00.000+0000,1312057.1486032,1312057.1486032,999999.9999999999
2025-03-26T05:00:00.000+0000,1312057.1486032,1312057.1486032,999999.9999999999
2025-03-26T05:10:00.000+0000,1312057.1486032,1312057.1486032,999999.9999999999
2025-03-26T05:20:00.000+0000,1312057.1486032,1312057.1486032,999999.9999999999
2025-03-26T05:30:00.000+0000,1312057.1486032,1312057.1486032,999999.9999999999
2025-03-26T05:40:00.000+0000,1312057.1486032,1312057.1486032,999999.9999999999
2025-03-26T05:50:00.000+0000,1312057.1486032,1312057.1486032,999999.9999999999
2025-03-26T06:00:00.000+0000,1312057.1486032,1312057.1486032,999999.9999999999
2025-03-26T06:10:00.000+0000,1312057.1486032,1312057.1486032,999999.9999999999
2025-03-26T06:20:00.000+0000,1312057.1486032,1312057.1486032,999999.9999999999
2025-03-26T06:30:00.000+0000,1312057.1486032,1312057.1486032,999999.9999999999
2025-03-26T06:40:00.000+0000,1312057.1486032,1312057.1486032,999999.9999999999
2025-03-26T06:50:00.000+0000,1312057.1486032,1312057.1486032,999999.9999999999
2025-03-26T07:00:00.000+0000,1312057.1486032,1312057.1486032,999999.9999999999
2025-03-26T07:10:00.000+0000,1312057.1486032,1312057.1486032,999999.9999999999
2025-03-26T07:20:00.000+0000,1312057.1486032,1312057.1486032,999999.9999999999
2025-03-26T07:30:00.000+0000,1312057.1486032,1312057.1486032,999999.9999999999
2025-03-26T07:40:00.000+0000,1312057.1486032,1312057.1486032,999999.9999999999
2025-03-26T07:50:00.000+0000,1312057.1486032,1312057.1486032,999999.9999999999
2025-03-26T08:00:00.000+0000,1312057.1486032,1312057.1486032,999999.9999999999
2025-03-26T08:10:00.000+0000,1312057.1486032,1312057.1486032,999999.9999999999
2025-03-26T08:20:00.000+0000,1312057.1486032,1312057.1486032,999999.9999999999
2025-03-26T08:30:00.000+0000,1312057.1486032,1312057.1486032,999999.9999999999
2025-03-26T08:40:00.000+0000,1312057.1486032,1312057.1486032,999999.9999999999
2025-03-26T08:50:00.000+0000,1312057.1486032,1312057.1486032,999999.9999999999
2025-03-26T09:00:00.000+0000,1312057.1486032,1312057.1486032,999999.9999999999
2025-03-26T09:10:00.000+0000,1312057.1486032,1312057.1486032,999999.9999999999
2025-03-26T09:20:00.000+0000,1312057.1486032,1312057.1486032,999999.9999999999
2025-03-26T09:30:00.000+0000,1312057.1486032,1312057.1486032,999999.9999999999
2025-03-26T09:40:00.000+0000,1312057.1486032,1312057.1486032,999999.9999999999
2025-03-26T09:50:00.000+0000,1312057.1486032,1312057.1486032,999999.9999999999
2025-03-26T10:00:00.000+0000,1312057.1486032,1312057.1486032,999999.9999999999
2025-03-26T10:10:00.000+0000,1312057.1486032,1312057.1486032,999999.9999999999
2025-03-26T10:20:00.000+0000,1312057.1486032,1312057.1486032,999999.9999999999
2025-03-26T10:30:00.000+0000,1312057.1486032,1312057.1486032,999999.9999999999
2025-03-26T10:40:00.000+0000,1312057.1486032,1312057.1486032,999999.9999999999
2025-03-26T10:50:00.000+0000,1312057.1486032,1312057.1486032,999999.9999999999
2025-03-26T11:00:00.000+0000,1312057.1486032,1312057.1486032,999999.9999999999
2025-03-26T11:10:00.000+0000,1312057.1486032,1312057.1486032,999999.9999999999
2025-03-26T11:20:00.000+0000,1312057.1486032,1312057.1486032,999999.9999999999
2025-03-26T11:30:00.000+0000,1312057.1486032,1312057.1486032,999999.9999999999
2025-03-26T11:40:00.000+0000,1312057.1486032,1312057.1486032,999999.9999999999
2025-03-26T11:50:00.000+0000,1312057.1486032,1312057.1486032,999999.9999999999
2025-03-26T12:00:00.000+0000,1312057.1486032,1312057.1486032,999999.9999999999
2025-03-26T12:10:00.000+0000,1312057.1486032,1312057.1486032,999999.9999999999
2025-03-26T12:20:00.000+0000,1312057.1486032,1312057.1486032,999999.9999999999
2025-03-26T12:30:00.000+0000,1312057.1486032,1312057.1486032,999999.9999999999
2025-03-26T12:40:00.000+0000,1312057.1486032,1312057.1486032,999999.9999999999
2025-03-26T12:50:00.000+0000,1312057.1486032,1312057.1486032,999999.9999999999
2025-03-26T13:00:00.000+0000,1312057.1486032,1312057.1486032,999999.9999999999
2025-03-26T13:10:00.000+0000,1312057.1486032,1312057.1486032,999999.9999999999
2025-03-26T13:20:00.000+0000,1312057.1486032,1312057.1486032,999999.9999999999
2025-03-26T13:30:00.000+0000,1312057.1486032,1312057.1486032,999999.9999999999
2025-03-26T13:40:00.000+0000,1312057.1486032,1312057.1486032,999999.9999999999
2025-03-26T13:50:00.000+0000,1312057.1486032,1312057.1486032,999999.9999999999
2025-03-26T14:00:00.000+0000,1312057.1486032,1312057.1486032,999999.9999999999
2025-03-26T14:10:00.000+0000,1312057.1486032,1312057.1486032,999999.9999999999
2025-03-26T14:20:00.000+0000,1312057.1486032,1312057.1486032,999999.9999999999
2025-03-26T14:30:00.000+0000,1312057.1486032,1312057.1486032,999999.9999999999
2025-03-26T14:40:00.000+0000,1312057.1486032,1312057.1486032,999999.9999999999
2025-03-26T14:50:00.000+0000,1312057.1486032,1312057.1486032,999999.9999999999
2025-03-26T15:00:00.000+0000,1312057.1486032,1312057.1486032,999999.9999999999
2025-03-26T15:10:00.000+0000,1312057.1486032,1312057.1486032,999999.9999999999
2025-03-26T15:20:00.000+0000,1312057.1486032,1312057.1486032,999999.9999999999
2025-03-26T15:30:00.000+0000,1312057.1486032,1312057.1486032,999999.9999999999
2025-03-26T15:40:00.000+0000,1312057.1486032,1312057.1486032,999999.9999999999
2025-03-26T15:50:00.000+0000,1312057.1486032,1312057.1486032,999999.9999999999
2025-03-26T16:00:00.000+0000,1312057.1486032,1312057.1486032,999999.9999999999
2025-03-26T16:10:00.000+0000,1312057.1486032,1312057.1486032,999999.9999999999
2025-03-26T16:20:00.000+0000,1312057.1486032,1312057.1486032,999999.9999999999
2025-03-26T16:30:00.000+0000,1312057.1486032,1312057.1486032,999999.9999999999
2025-03-26T16:40:00.000+0000,1312057.1486032,1312057.1486032,999999.9999999999
2025-03-26T16:50:00.000+0000,1312057.1486032,1312057.1486032,999999.9999999999
2025-03-26T17:00:00.000+0000,1312057.1486032,1312057.1486032,999999.9999999999
2025-03-26T17:10:00.000+0000,1312057.1486032,1312057.1486032,999999.9999999999
2025-03-26T17:20:00.000+0000,1312057.1486032,1312057.1486032,999999.9999999999
2025-03-26T17:30:00.000+0000,1312057.1486032,1312057.1486032,999999.9999999999
2025-03-26T17:40:00.000+0000,1312057.1486032,1312057.1486032,999999.9999999999
2025-03-26T17:50:00.000+0000,1312057.1486032,1312057.1486032,999999.9999999999
2025-03-26T18:00:00.000+0000,1312057.1486032,1312057.1486032,999999.9999999999
2025-03-26T18:10:00.000+0000,1312057.1486032,1312057.1486032,999999.9999999999
2025-03-26T18:20:00.000+0000,1312057.1486032,1312057.1486032,999999.9999999999
2025-03-26T18:30:00.000+0000,1312057.1486032,1312057.1486032,999999.9999999999
2025-03-26T18:40:00.000+0000,1312057.1486032,1312057.1486032,999999.9999999999
2025-03-26T18:50:00.000+0000,1312057.1486032,1312057.1486032,999999.9999999999
2025-03-26T19:00:00.000+0000,1312057.1486032,1312057.1486032,999999.9999999999
2025-03-26T19:10:00.000+0000,1312057.1486032,1312057.1486032,999999.9999999999
2025-03-26T19:20:00.000+0000,1312057.1486032,1312057.1486032,999999.9999999999
2025-03-26T19:30:00.000+0000,1312057.1486032,1312057.1486032,999999.9999999999
2025-03-26T19:40:00.000+0000,1312057.1486032,1312057.1486032,999999.9999999999
2025-03-26T19:50:00.000+0000,1312057.1486032,1312057.1486032,999999.9999999999
2025-03-26T20:00:00.000+0000,1312057.1486032,1312057.1486032,999999.9999999999
2025-03-26T20:10:00.000+0000,1312057.1486032,1312057.1486032,999999.9999999999
2025-03-26T20:20:00.000+0000,1312057.1486032,1312057.1486032,999999.9999999999
2025-03-26T20:30:00.000+0000,1312057.1486032,1312057.1486032,999999.9999999999
2025-03-26T20:40:00.000+0000,1312057.1486032,1312057.1486032,999999.9999999999
2025-03-26T20:50:00.000+0000,1312057.1486032,1312057.1486032,999999.9999999999
2025-03-26T21:00:00.000+0000,1312057.1486032,1312057.1486032,999999.9999999999
2025-03-26T21:10:00.000+0000,1312057.1486032,1312057.1486032,999999.9999999999
2025-03-26T21:20:00.000+0000,1312057.1486032,1312057.1486032,999999.9999999999
2025-03-26T21:30:00.000+0000,1312057.1486032,1312057.1486032,999999.9999999999
2025-03-26T21:40:00.000+0000,1312057.1486032,1312057.1486032,999999.9999999999
2025-03-26T21:50:00.000+0000,1312057.1486032,1312057.1486032,999999.9999999999
2025-03-26T22:00:00.000+0000,1312057.1486032,1312057.1486032,999999.9999999999
2025-03-26T22:10:00.000+0000,1312057.1486032,1312057.1486032,999999.9999999999
2025-03-26T22:20:00.000+0000,1312057.1486032,1312057.1486032,999999.9999999999
2025-03-26T22:30:00.000+0000,1312057.1486032,1312057.1486032,999999.9999999999
2025-03-26T22:40:00.000+0000,1312057.1486032,1312057.1486032,999999.9999999999
2025-03-26T22:50:00.000+0000,1312057.1486032,1312057.1486032,999999.9999999999
2025-03-26T23:00:00.000+0000,1312057.1486032,1312057.1486032,999999.9999999999
2025-03-26T23:10:00.000+0000,1312057.1486032,1312057.1486032,999999.9999999999
2025-03-26T23:20:00.000+0000,1312057.1486032,1312057.1486032,999999.9999999999
2025-03-26T23:30:00.000+0000,1312057.1486032,1312057.1486032,999999.9999999999
2025-03-26T23:40:00.000+0000,1312057.1486032,1312057.1486032,999999.9999999999
2025-03-26T23:50:00.000+0000,1312057.1486032,1312057.1486032,999999.9999999999
2025-03-27T00:00:00.000+0000,1312057.1486032,1312057.1486032,999999.9999999999
2025-03-27T00:10:00.000+0000,1312057.1486032,1312057.1486032,999999.9999999999
2025-03-27T00:20:00.000+0000,1312057.1486032,1312057.1486032,999999.9999999999
2025-03-27T00:30:00.000+0000,1312057.1486032,1312057.1486032,999999.9999999999
2025-03-27T00:40:00.000+0000,1312057.1486032,1312057.1486032,999999.9999999999
2025-03-27T00:50:00.000+0000,1312057.1486032,1312057.1486032,999999.9999999999
2025-03-27T01:00:00.000+0000,1312057.1486032,1312057.1486032,999999.9999999999
2025-03-27T01:10:00.000+0000,1312057.1486032,1312057.1486032,999999.9999999999
2025-03-27T01:20:00.000+0000,1312057.1486032,1312057.1486032,999999.9999999999
2025-03-27T01:30:00.000+0000,1312057.1486032,1312057.1486032,999999.9999999999
2025-03-27T01:40:00.000+0000,1312057.1486032,1312057.1486032,999999.9999999999
2025-03-27T01:50:00.000+0000,1312057.1486032,1312057.1486032,999999.9999999999
2025-03-27T02:00:00.000+0000,1312057.1486032,1312057.1486032,999999.9999999999
2025-03-27T02:10:00.000+0000,1312057.1486032,1312057.1486032,999999.9999999999
2025-03-27T02:20:00.000+0000,1312057.1486032,1312057.1486032,999999.9999999999
2025-03-27T02:30:00.000+0000,1312057.1486032,1312057.1486032,999999.9999999999
2025-03-27T02:40:00.000+0000,1312057.1486032,1312057.1486032,999999.9999999999
2025-03-27T02:50:00.000+0000,1312057.1486032,1312057.1486032,999999.9999999999
2025-03-27T03:00:00.000+0000,1312057.1486032,1312057.1486032,999999.9999999999
2025-03-27T03:10:00.000+0000,1312057.1486032,1312057.1486032,999999.9999999999
2025-03-27T03:20:00.000+0000,1312057.1486032,1312057.1486032,999999.9999999999
2025-03-27T03:30:00.000+0000,1312057.1486032,1312057.1486032,999999.9999999999
2025-03-27T03:40:00.000+0000,1310201.9316629758,56971.2686232001,999999.9999999999
2025-03-27T03:50:00.000+0000,1309521.0130739838,56971.2686232001,999999.9999999999
2025-03-27T04:00:00.000+0000,1311223.309546464,56971.2686232001,999999.9999999999
2025-03-27T04:10:00.000+0000,1306712.223894392,56971.2686232001,999999.9999999999
2025-03-27T04:20:00.000+0000,1301009.5307115836,56971.2686232001,999999.9999999999
2025-03-27T04:30:00.000+0000,1310882.8502519678,56971.2686232001,999999.9999999999
2025-03-27T04:40:00.000+0000,1314968.3617859199,56971.2686232001,999999.9999999999
2025-03-27T04:50:00.000+0000,1317351.576847392,56971.2686232001,999999.9999999999
2025-03-27T05:00:00.000+0000,1324416.1072081837,56971.2686232001,999999.9999999999
2025-03-27T05:10:00.000+0000,1326714.2074460315,56971.2686232001,999999.9999999999
2025-03-27T05:20:00.000+0000,1328671.8483893836,56971.2686232001,999999.9999999999
2025-03-27T05:30:00.000+0000,1330289.0300382401,56971.2686232001,999999.9999999999
2025-03-27T05:40:00.000+0000,1335225.6898084318,56971.2686232001,999999.9999999999
2025-03-27T05:50:00.000+0000,1335736.3787501757,56971.2686232001,999999.9999999999
2025-03-27T06:00:00.000+0000,1329778.3410964962,56971.2686232001,999999.9999999999
2025-03-27T06:10:00.000+0000,1323650.073795568,56971.2686232001,999999.9999999999
2025-03-27T06:20:00.000+0000,1318202.725083632,56971.2686232001,999999.9999999999
2025-03-27T06:30:00.000+0000,1318032.4954363839,56971.2686232001,999999.9999999999
2025-03-27T06:40:00.000+0000,1320926.3994395998,56971.2686232001,999999.9999999999
2025-03-27T06:50:00.000+0000,1325863.059209792,56971.2686232001,999999.9999999999
2025-03-27T07:00:00.000+0000,1316159.969316656,56971.2686232001,999999.9999999999
2025-03-27T07:10:00.000+0000,1322032.8921467117,56971.2686232001,999999.9999999999
2025-03-27T07:20:00.000+0000,1329352.7669783758,56971.2686232001,999999.9999999999
2025-03-27T07:30:00.000+0000,1333438.2785123277,56971.2686232001,999999.9999999999
2025-03-27T07:40:00.000+0000,1335395.9194556798,56971.2686232001,999999.9999999999
2025-03-27T07:50:00.000+0000,1333693.6229831998,56971.2686232001,999999.9999999999
2025-03-27T08:00:00.000+0000,1333182.9340414556,56971.2686232001,999999.9999999999
2025-03-27T08:10:00.000+0000,1339140.9716951358,56971.2686232001,999999.9999999999
2025-03-27T08:20:00.000+0000,1337353.5603990317,56971.2686232001,999999.9999999999
2025-03-27T08:30:00.000+0000,1329437.8818019996,56971.2686232001,999999.9999999999
2025-03-27T08:40:00.000+0000,1328586.7335657598,56971.2686232001,999999.9999999999
2025-03-27T08:50:00.000+0000,1331821.0968634721,56971.2686232001,999999.9999999999
2025-03-27T09:00:00.000+0000,1325863.059209792,56971.2686232001,999999.9999999999
2025-03-27T09:10:00.000+0000,1328076.044624016,56971.2686232001,999999.9999999999
2025-03-27T09:20:00.000+0000,1324756.5665026798,56971.2686232001,999999.9999999999
2025-03-27T09:30:00.000+0000,1329693.2262728715,56971.2686232001,999999.9999999999
2025-03-27T09:40:00.000+0000,1333268.0488650799,56971.2686232001,999999.9999999999
2025-03-27T09:50:00.000+0000,1329437.8818019996,56971.2686232001,999999.9999999999
2025-03-27T10:00:00.000+0000,1307733.60177788,56971.2686232001,999999.9999999999
2025-03-27T10:10:00.000+0000,1313946.983902432,56971.2686232001,999999.9999999999
2025-03-27T10:20:00.000+0000,1317521.8064946397,56971.2686232001,999999.9999999999
2025-03-27T10:30:00.000+0000,1319905.0215561115,56971.2686232001,999999.9999999999
2025-03-27T10:40:00.000+0000,1322543.5810884556,56971.2686232001,999999.9999999999
2025-03-27T10:50:00.000+0000,1326799.3222696558,56971.2686232001,999999.9999999999
2025-03-27T11:00:00.000+0000,1319990.136379736,56971.2686232001,999999.9999999999
2025-03-27T11:10:00.000+0000,1325097.025797176,56971.2686232001,999999.9999999999
2025-03-27T11:20:00.000+0000,1333778.7378068238,56971.2686232001,999999.9999999999
2025-03-27T11:30:00.000+0000,1333097.8192178318,56971.2686232001,999999.9999999999
2025-03-27T11:40:00.000+0000,1330374.144861864,56971.2686232001,999999.9999999999
2025-03-27T11:50:00.000+0000,1332076.441334344,56971.2686232001,999999.9999999999
2025-03-27T12:00:00.000+0000,1333608.508159576,56971.2686232001,999999.9999999999
2025-03-27T12:10:00.000+0000,1331565.7523925998,56971.2686232001,999999.9999999999
2025-03-27T12:20:00.000+0000,1328756.9632130077,56971.2686232001,999999.9999999999
2025-03-27T12:30:00.000+0000,1322373.3514412078,56971.2686232001,999999.9999999999
2025-03-27T12:40:00.000+0000,1323139.3848538236,56971.2686232001,999999.9999999999
2025-03-27T12:50:00.000+0000,1325863.059209792,56971.2686232001,999999.9999999999
2025-03-27T13:00:00.000+0000,1328416.5039185118,56971.2686232001,999999.9999999999
2025-03-27T13:10:00.000+0000,1335481.034279304,56971.2686232001,999999.9999999999
2025-03-27T13:20:00.000+0000,1349099.4060591436,56971.2686232001,999999.9999999999
2025-03-27T13:30:00.000+0000,1356674.6253616798,56971.2686232001,999999.9999999999
2025-03-27T13:40:00.000+0000,1358972.7255995278,56971.2686232001,999999.9999999999
2025-03-27T13:50:00.000+0000,1349354.7505300161,56971.2686232001,999999.9999999999
2025-03-27T14:00:00.000+0000,1344077.6314653277,56971.2686232001,999999.9999999999
2025-03-27T14:10:00.000+0000,1344928.779701568,56971.2686232001,999999.9999999999
2025-03-27T14:20:00.000+0000,1348163.1429992795,56971.2686232001,999999.9999999999
2025-03-27T14:30:00.000+0000,1335736.3787501757,56971.2686232001,999999.9999999999
2025-03-27T14:40:00.000+0000,1330629.4893327358,56971.2686232001,999999.9999999999
2025-03-27T14:50:00.000+0000,1318032.4954363839,56971.2686232001,999999.9999999999
2025-03-27T15:00:00.000+0000,1325522.5999152958,56971.2686232001,999999.9999999999
2025-03-27T15:10:00.000+0000,1318798.5288489996,56971.2686232001,999999.9999999999
2025-03-27T15:20:00.000+0000,1330544.3745091117,56971.2686232001,999999.9999999999
2025-03-27T15:30:00.000+0000,1334885.230513936,56971.2686232001,999999.9999999999
2025-03-27T15:40:00.000+0000,1334289.426748568,56971.2686232001,999999.9999999999
2025-03-27T15:50:00.000+0000,1332246.670981592,56971.2686232001,999999.9999999999
2025-03-27T16:00:00.000+0000,1335055.4601611837,56971.2686232001,999999.9999999999
2025-03-27T16:10:00.000+0000,1327395.1260350242,56971.2686232001,999999.9999999999
2025-03-27T16:20:00.000+0000,1327224.8963877754,56971.2686232001,999999.9999999999
2025-03-27T16:30:00.000+0000,1331055.0634508557,56971.2686232001,999999.9999999999
2025-03-27T16:40:00.000+0000,1335225.6898084318,56971.2686232001,999999.9999999999
2025-03-27T16:50:00.000+0000,1339992.1199313758,56971.2686232001,999999.9999999999
2025-03-27T17:00:00.000+0000,1339481.430989632,56971.2686232001,999999.9999999999
2025-03-27T17:10:00.000+0000,1341524.1867566078,56971.2686232001,999999.9999999999
2025-03-27T17:20:00.000+0000,1341949.7608747277,56971.2686232001,999999.9999999999
2025-03-27T17:30:00.000+0000,1340332.5792258717,56971.2686232001,999999.9999999999
2025-03-27T17:40:00.000+0000,1336842.8714572878,56971.2686232001,999999.9999999999
2025-03-27T17:50:00.000+0000,1340162.349578624,56971.2686232001,999999.9999999999
2025-03-27T18:00:00.000+0000,1340417.6940494962,56971.2686232001,999999.9999999999
2025-03-27T18:10:00.000+0000,1326884.43709328,56971.2686232001,999999.9999999999
2025-03-27T18:20:00.000+0000,1327480.240858648,56971.2686232001,999999.9999999999
2025-03-27T18:30:00.000+0000,1324671.4516790558,56971.2686232001,999999.9999999999
2025-03-27T18:40:00.000+0000,1325352.3702680478,56971.2686232001,999999.9999999999
2025-03-27T18:50:00.000+0000,1325267.255444424,56971.2686232001,999999.9999999999
2025-03-27T19:00:00.000+0000,1329608.111449248,56971.2686232001,999999.9999999999
2025-03-27T19:10:00.000+0000,1331991.3265107202,56971.2686232001,999999.9999999999
2025-03-27T19:20:00.000+0000,1325352.3702680478,56971.2686232001,999999.9999999999
2025-03-27T19:30:00.000+0000,1330799.718979984,56971.2686232001,999999.9999999999
2025-03-27T19:40:00.000+0000,1331906.2116870957,56971.2686232001,999999.9999999999
2025-03-27T19:50:00.000+0000,1332927.5895705835,56971.2686232001,999999.9999999999
2025-03-27T20:00:00.000+0000,1336502.412162792,56971.2686232001,999999.9999999999
2025-03-27T20:10:00.000+0000,1334970.34533756,56971.2686232001,999999.9999999999
2025-03-27T20:20:00.000+0000,1331906.2116870957,56971.2686232001,999999.9999999999
2025-03-27T20:30:00.000+0000,1328161.1594476397,56971.2686232001,999999.9999999999
2025-03-27T20:40:00.000+0000,1317692.0361418878,56971.2686232001,999999.9999999999
2025-03-27T20:50:00.000+0000,1302201.13824232,56971.2686232001,999999.9999999999
2025-03-27T21:00:00.000+0000,1297604.9377666241,56971.2686232001,999999.9999999999
2025-03-27T21:10:00.000+0000,1304158.779185672,56971.2686232001,999999.9999999999
2025-03-27T21:20:00.000+0000,1295221.722705152,56971.2686232001,999999.9999999999
2025-03-27T21:30:00.000+0000,1290965.9815239517,56971.2686232001,999999.9999999999
2025-03-27T21:40:00.000+0000,1284241.9104576558,56971.2686232001,999999.9999999999
2025-03-27T21:50:00.000+0000,1278368.9876275999,56971.2686232001,999999.9999999999
2025-03-27T22:00:00.000+0000,1275304.853977136,56971.2686232001,999999.9999999999
2025-03-27T22:10:00.000+0000,1286880.46999,56971.2686232001,999999.9999999999
2025-03-27T22:20:00.000+0000,1285944.2069301358,56971.2686232001,999999.9999999999
2025-03-27T22:30:00.000+0000,1283305.647397792,56971.2686232001,999999.9999999999
2025-03-27T22:40:00.000+0000,1287391.1589317438,56971.2686232001,999999.9999999999
2025-03-27T22:50:00.000+0000,1293945.000350792,56971.2686232001,999999.9999999999
2025-03-27T23:00:00.000+0000,1304754.58295104,56971.2686232001,999999.9999999999
2025-03-27T23:10:00.000+0000,1302201.13824232,56971.2686232001,999999.9999999999
2025-03-27T23:20:00.000+0000,1302030.9085950719,56971.2686232001,999999.9999999999
2025-03-27T23:30:00.000+0000,1291476.6704656957,56971.2686232001,999999.9999999999
2025-03-27T23:40:00.000+0000,1300498.8417698396,56971.2686232001,999999.9999999999
2025-03-27T23:50:00.000+0000,1312840.49119532,56971.2686232001,999999.9999999999
2025-03-28T00:00:00.000+0000,1319819.9067324877,56971.2686232001,999999.9999999999
2025-03-28T00:10:00.000+0000,1318968.7584962482,56971.2686232001,999999.9999999999
2025-03-28T00:20:00.000+0000,1320756.169792352,56971.2686232001,999999.9999999999
2025-03-28T00:30:00.000+0000,1314627.9024914238,56971.2686232001,999999.9999999999
2025-03-28T00:40:00.000+0000,1305605.7311872798,56971.2686232001,999999.9999999999
2025-03-28T00:50:00.000+0000,1300924.41588796,56971.2686232001,999999.9999999999
2025-03-28T01:00:00.000+0000,1303903.4347148,56971.2686232001,999999.9999999999
2025-03-28T01:10:00.000+0000,1302541.5975368158,56971.2686232001,999999.9999999999
2025-03-28T01:20:00.000+0000,1300498.8417698396,56971.2686232001,999999.9999999999
2025-03-28T01:30:00.000+0000,1304243.894009296,56971.2686232001,999999.9999999999
2025-03-28T01:40:00.000+0000,1298796.5452973598,56971.2686232001,999999.9999999999
2025-03-28T01:50:00.000+0000,1302541.5975368158,56971.2686232001,999999.9999999999
2025-03-28T02:00:00.000+0000,1300583.9565934641,56971.2686232001,999999.9999999999
2025-03-28T02:10:00.000+0000,1295051.4930579036,56971.2686232001,999999.9999999999
2025-03-28T02:20:00.000+0000,1295477.067176024,56971.2686232001,999999.9999999999
2025-03-28T02:30:00.000+0000,1303137.4013021842,56971.2686232001,999999.9999999999
2025-03-28T02:40:00.000+0000,1309265.668603112,56971.2686232001,999999.9999999999
2025-03-28T02:50:00.000+0000,1316500.4286111519,56971.2686232001,999999.9999999999
2025-03-28T03:00:00.000+0000,1324586.336855432,56971.2686232001,999999.9999999999
2025-03-28T03:10:00.000+0000,1329608.111449248,56971.2686232001,999999.9999999999
2025-03-28T03:20:00.000+0000,1328416.5039185118,56971.2686232001,999999.9999999999
2025-03-28T03:30:00.000+0000,1327395.1260350242,56971.2686232001,999999.9999999999
2025-03-28T03:40:00.000+0000,1328416.5039185118,56971.2686232001,999999.9999999999
2025-03-28T03:50:00.000+0000,1335991.7232210478,56971.2686232001,999999.9999999999
2025-03-28T04:00:00.000+0000,1332927.5895705835,56971.2686232001,999999.9999999999
2025-03-28T04:10:00.000+0000,1332502.015452464,56971.2686232001,999999.9999999999
2025-03-28T04:20:00.000+0000,1336672.64181004,56971.2686232001,999999.9999999999
2025-03-28T04:30:00.000+0000,1340332.5792258717,56971.2686232001,999999.9999999999
2025-03-28T04:40:00.000+0000,1350546.3580607518,56971.2686232001,999999.9999999999
2025-03-28T04:50:00.000+0000,1352844.4582985996,56971.2686232001,999999.9999999999
2025-03-28T05:00:00.000+0000,1355823.4771254398,56971.2686232001,999999.9999999999
2025-03-28T05:10:00.000+0000,1365015.8780768318,56971.2686232001,999999.9999999999
2025-03-28T05:20:00.000+0000,1364675.418782336,56971.2686232001,999999.9999999999
2025-03-28T05:30:00.000+0000,1362547.548191736,56971.2686232001,999999.9999999999
2025-03-28T05:40:00.000+0000,1373272.0159683598,56971.2686232001,999999.9999999999
2025-03-28T05:50:00.000+0000,1369101.3896107837,56971.2686232001,999999.9999999999
2025-03-28T06:00:00.000+0000,1367399.0931383038,56971.2686232001,999999.9999999999
2025-03-28T06:10:00.000+0000,1369526.9637289038,56971.2686232001,999999.9999999999
2025-03-28T06:20:00.000+0000,1371569.71949588,56971.2686232001,999999.9999999999
2025-03-28T06:30:00.000+0000,1374633.853146344,56971.2686232001,999999.9999999999
2025-03-28T06:40:00.000+0000,1378123.5609149279,56971.2686232001,999999.9999999999
2025-03-28T06:50:00.000+0000,1392167.506812888,56971.2686232001,999999.9999999999
2025-03-28T07:00:00.000+0000,1387145.7322190716,56971.2686232001,999999.9999999999
2025-03-28T07:10:00.000+0000,1386975.502571824,56971.2686232001,999999.9999999999
2025-03-28T07:20:00.000+0000,1387911.765631688,56971.2686232001,999999.9999999999
2025-03-28T07:30:00.000+0000,1394125.14775624,56971.2686232001,999999.9999999999
2025-03-28T07:40:00.000+0000,1404594.271061992,56971.2686232001,999999.9999999999
2025-03-28T07:50:00.000+0000,1402211.0560005198,56971.2686232001,999999.9999999999
2025-03-28T08:00:00.000+0000,1390039.636222288,56971.2686232001,999999.9999999999
2025-03-28T08:10:00.000+0000,1396423.2479940879,56971.2686232001,999999.9999999999
2025-03-28T08:20:00.000+0000,1404764.50070924,56971.2686232001,999999.9999999999
2025-03-28T08:30:00.000+0000,1402636.63011864,56971.2686232001,999999.9999999999
2025-03-28T08:40:00.000+0000,1393444.229167248,56971.2686232001,999999.9999999999
2025-03-28T08:50:00.000+0000,1398721.3482319359,56971.2686232001,999999.9999999999
2025-03-28T09:00:00.000+0000,1405104.960003736,56971.2686232001,999999.9999999999
2025-03-28T09:10:00.000+0000,1409275.586361312,56971.2686232001,999999.9999999999
2025-03-28T09:20:00.000+0000,1407232.830594336,56971.2686232001,999999.9999999999
2025-03-28T09:30:00.000+0000,1402125.9411768958,56971.2686232001,999999.9999999999
2025-03-28T09:40:00.000+0000,1407232.830594336,56971.2686232001,999999.9999999999
2025-03-28T09:50:00.000+0000,1402296.1708241438,56971.2686232001,999999.9999999999
2025-03-28T10:00:00.000+0000,1401785.4818823996,56971.2686232001,999999.9999999999
2025-03-28T10:10:00.000+0000,1399572.496468176,56971.2686232001,999999.9999999999
2025-03-28T10:20:00.000+0000,1390805.6696349038,56971.2686232001,999999.9999999999
2025-03-28T10:30:00.000+0000,1390124.751045912,56971.2686232001,999999.9999999999
2025-03-28T10:40:00.000+0000,1395486.9849342236,56971.2686232001,999999.9999999999
2025-03-28T10:50:00.000+0000,1402040.8263532722,56971.2686232001,999999.9999999999
2025-03-28T11:00:00.000+0000,1406381.6823580957,56971.2686232001,999999.9999999999
2025-03-28T11:10:00.000+0000,1399572.496468176,56971.2686232001,999999.9999999999
2025-03-28T11:20:00.000+0000,1390805.6696349038,56971.2686232001,999999.9999999999
2025-03-28T11:30:00.000+0000,1389273.602809672,56971.2686232001,999999.9999999999
2025-03-28T11:40:00.000+0000,1386890.3877481995,56971.2686232001,999999.9999999999
2025-03-28T11:50:00.000+0000,1377187.297855064,56971.2686232001,999999.9999999999
2025-03-28T12:00:00.000+0000,1373016.671497488,56971.2686232001,999999.9999999999
2025-03-28T12:10:00.000+0000,1381272.8093890157,56971.2686232001,999999.9999999999
2025-03-28T12:20:00.000+0000,1384251.8282158559,56971.2686232001,999999.9999999999
2025-03-28T12:30:00.000+0000,1386379.6988064556,56971.2686232001,999999.9999999999
2025-03-28T12:40:00.000+0000,1388252.2249261837,56971.2686232001,999999.9999999999
2025-03-28T12:50:00.000+0000,1391827.0475183919,56971.2686232001,999999.9999999999
2025-03-28T13:00:00.000+0000,1391571.7030475195,56971.2686232001,999999.9999999999
2025-03-28T13:10:00.000+0000,1380166.3166819038,56971.2686232001,999999.9999999999
2025-03-28T13:20:00.000+0000,1383656.024450488,56971.2686232001,999999.9999999999
2025-03-28T13:30:00.000+0000,1383656.024450488,56971.2686232001,999999.9999999999
2025-03-28T13:40:00.000+0000,1386124.354335584,56971.2686232001,999999.9999999999
2025-03-28T13:50:00.000+0000,1394635.836697984,56971.2686232001,999999.9999999999
2025-03-28T14:00:00.000+0000,1394380.492227112,56971.2686232001,999999.9999999999
2025-03-28T14:10:00.000+0000,1405785.8785927277,56971.2686232001,999999.9999999999
2025-03-28T14:20:00.000+0000,1395146.525639728,56971.2686232001,999999.9999999999
2025-03-28T14:30:00.000+0000,1402211.0560005198,56971.2686232001,999999.9999999999
2025-03-28T14:40:00.000+0000,1403232.433884008,56971.2686232001,999999.9999999999
2025-03-28T14:50:00.000+0000,1400508.7595280402,56971.2686232001,999999.9999999999
2025-03-28T15:00:00.000+0000,1400678.9891752878,56971.2686232001,999999.9999999999
2025-03-28T15:10:00.000+0000,1395146.525639728,56971.2686232001,999999.9999999999
2025-03-28T15:20:00.000+0000,1393784.6884617435,56971.2686232001,999999.9999999999
2025-03-28T15:30:00.000+0000,1389018.2583388,56971.2686232001,999999.9999999999
2025-03-28T15:40:00.000+0000,1382889.9910378717,56971.2686232001,999999.9999999999
2025-03-28T15:50:00.000+0000,1388422.454573432,56971.2686232001,999999.9999999999
2025-03-28T16:00:00.000+0000,1392763.3105782557,56971.2686232001,999999.9999999999
2025-03-28T16:10:00.000+0000,1395572.0997578478,56971.2686232001,999999.9999999999
2025-03-28T16:20:00.000+0000,1399146.922350056,56971.2686232001,999999.9999999999
2025-03-28T16:30:00.000+0000,1396082.788699592,56971.2686232001,999999.9999999999
2025-03-28T16:40:00.000+0000,1397359.5110539517,56971.2686232001,999999.9999999999
2025-03-28T16:50:00.000+0000,1405956.1082399758,56971.2686232001,999999.9999999999
2025-03-28T17:00:00.000+0000,1409275.586361312,56971.2686232001,999999.9999999999
2025-03-28T17:10:00.000+0000,1403828.2376493758,56971.2686232001,999999.9999999999
2025-03-28T17:20:00.000+0000,1405190.07482736,56971.2686232001,999999.9999999999
2025-03-28T17:30:00.000+0000,1411488.5717755356,56971.2686232001,999999.9999999999
2025-03-28T17:40:00.000+0000,1413531.327542512,56971.2686232001,999999.9999999999
2025-03-28T17:50:00.000+0000,1411062.9976574162,56971.2686232001,999999.9999999999
2025-03-28T18:00:00.000+0000,1401955.711529648,56971.2686232001,999999.9999999999
2025-03-28T18:10:00.000+0000,1402636.63011864,56971.2686232001,999999.9999999999
2025-03-28T18:20:00.000+0000,1404849.615532864,56971.2686232001,999999.9999999999
2025-03-28T18:30:00.000+0000,1408509.5529486956,56971.2686232001,999999.9999999999
2025-03-28T18:40:00.000+0000,1402466.4004713919,56971.2686232001,999999.9999999999
2025-03-28T18:50:00.000+0000,1396763.7072885837,56971.2686232001,999999.9999999999
2025-03-28T19:00:00.000+0000,1409786.2753030558,56971.2686232001,999999.9999999999
2025-03-28T19:10:00.000+0000,1417446.6094292158,56971.2686232001,999999.9999999999
2025-03-28T19:20:00.000+0000,1429192.4550893279,56971.2686232001,999999.9999999999
2025-03-28T19:30:00.000+0000,1434980.26309576,56971.2686232001,999999.9999999999
2025-03-28T19:40:00.000+0000,1442640.5972219198,56971.2686232001,999999.9999999999
2025-03-28T19:50:00.000+0000,1445960.075343256,1445960.075343256,999999.9999999999
2025-03-28T20:00:00.000+0000,1445960.075343256,1445960.075343256,999999.9999999999
2025-03-28T20:10:00.000+0000,1445960.075343256,1445960.075343256,999999.9999999999
2025-03-28T20:20:00.000+0000,1445960.075343256,1445960.075343256,999999.9999999999
2025-03-28T20:30:00.000+0000,1445960.075343256,1445960.075343256,999999.9999999999
2025-03-28T20:40:00.000+0000,1445960.075343256,1445960.075343256,999999.9999999999
2025-03-28T20:50:00.000+0000,1445960.075343256,1445960.075343256,999999.9999999999
2025-03-28T21:00:00.000+0000,1445960.075343256,1445960.075343256,999999.9999999999
2025-03-28T21:10:00.000+0000,1445960.075343256,1445960.075343256,999999.9999999999
2025-03-28T21:20:00.000+0000,1445960.075343256,1445960.075343256,999999.9999999999
2025-03-28T21:30:00.000+0000,1445960.075343256,1445960.075343256,999999.9999999999
2025-03-28T21:40:00.000+0000,1445960.075343256,1445960.075343256,999999.9999999999
2025-03-28T21:50:00.000+0000,1445960.075343256,1445960.075343256,999999.9999999999
2025-03-28T22:00:00.000+0000,1445960.075343256,1445960.075343256,999999.9999999999
2025-03-28T22:10:00.000+0000,1445960.075343256,1445960.075343256,999999.9999999999
2025-03-28T22:20:00.000+0000,1445960.075343256,1445960.075343256,999999.9999999999
2025-03-28T22:30:00.000+0000,1445960.075343256,1445960.075343256,999999.9999999999
2025-03-28T22:40:00.000+0000,1445960.075343256,1445960.075343256,999999.9999999999
2025-03-28T22:50:00.000+0000,1445960.075343256,1445960.075343256,999999.9999999999
2025-03-28T23:00:00.000+0000,1445960.075343256,1445960.075343256,999999.9999999999
2025-03-28T23:10:00.000+0000,1445960.075343256,1445960.075343256,999999.9999999999
2025-03-28T23:20:00.000+0000,1445960.075343256,1445960.075343256,999999.9999999999
2025-03-28T23:30:00.000+0000,1445960.075343256,1445960.075343256,999999.9999999999
2025-03-28T23:40:00.000+0000,1445960.075343256,1445960.075343256,999999.9999999999
2025-03-28T23:50:00.000+0000,1445960.075343256,1445960.075343256,999999.9999999999
2025-03-29T00:00:00.000+0000,1445960.075343256,1445960.075343256,999999.9999999999
2025-03-29T00:10:00.000+0000,1445960.075343256,1445960.075343256,999999.9999999999
2025-03-29T00:20:00.000+0000,1445960.075343256,1445960.075343256,999999.9999999999
2025-03-29T00:30:00.000+0000,1445960.075343256,1445960.075343256,999999.9999999999
2025-03-29T00:40:00.000+0000,1445960.075343256,1445960.075343256,999999.9999999999
2025-03-29T00:50:00.000+0000,1445960.075343256,1445960.075343256,999999.9999999999
2025-03-29T01:00:00.000+0000,1445960.075343256,1445960.075343256,999999.9999999999
2025-03-29T01:10:00.000+0000,1445960.075343256,1445960.075343256,999999.9999999999
2025-03-29T01:20:00.000+0000,1445960.075343256,1445960.075343256,999999.9999999999
2025-03-29T01:30:00.000+0000,1445960.075343256,1445960.075343256,999999.9999999999
2025-03-29T01:40:00.000+0000,1445960.075343256,1445960.075343256,999999.9999999999
2025-03-29T01:50:00.000+0000,1445960.075343256,1445960.075343256,999999.9999999999
2025-03-29T02:00:00.000+0000,1445960.075343256,1445960.075343256,999999.9999999999
2025-03-29T02:10:00.000+0000,1445960.075343256,1445960.075343256,999999.9999999999
2025-03-29T02:20:00.000+0000,1445960.075343256,1445960.075343256,999999.9999999999
2025-03-29T02:30:00.000+0000,1445960.075343256,1445960.075343256,999999.9999999999
2025-03-29T02:40:00.000+0000,1445960.075343256,1445960.075343256,999999.9999999999
2025-03-29T02:50:00.000+0000,1445960.075343256,1445960.075343256,999999.9999999999
2025-03-29T03:00:00.000+0000,1445960.075343256,1445960.075343256,999999.9999999999
2025-03-29T03:10:00.000+0000,1445960.075343256,1445960.075343256,999999.9999999999
2025-03-29T03:20:00.000+0000,1445960.075343256,1445960.075343256,999999.9999999999
2025-03-29T03:30:00.000+0000,1445960.075343256,1445960.075343256,999999.9999999999
2025-03-29T03:40:00.000+0000,1445960.075343256,1445960.075343256,999999.9999999999
2025-03-29T03:50:00.000+0000,1445960.075343256,1445960.075343256,999999.9999999999
2025-03-29T04:00:00.000+0000,1445960.075343256,1445960.075343256,999999.9999999999
2025-03-29T04:10:00.000+0000,1445960.075343256,1445960.075343256,999999.9999999999
2025-03-29T04:20:00.000+0000,1445960.075343256,1445960.075343256,999999.9999999999
2025-03-29T04:30:00.000+0000,1445960.075343256,1445960.075343256,999999.9999999999
2025-03-29T04:40:00.000+0000,1445960.075343256,1445960.075343256,999999.9999999999
2025-03-29T04:50:00.000+0000,1445960.075343256,1445960.075343256,999999.9999999999
2025-03-29T05:00:00.000+0000,1445960.075343256,1445960.075343256,999999.9999999999
2025-03-29T05:10:00.000+0000,1445960.075343256,1445960.075343256,999999.9999999999
2025-03-29T05:20:00.000+0000,1445960.075343256,1445960.075343256,999999.9999999999
2025-03-29T05:30:00.000+0000,1445960.075343256,1445960.075343256,999999.9999999999
2025-03-29T05:40:00.000+0000,1445960.075343256,1445960.075343256,999999.9999999999
2025-03-29T05:50:00.000+0000,1445960.075343256,1445960.075343256,999999.9999999999
2025-03-29T06:00:00.000+0000,1445960.075343256,1445960.075343256,999999.9999999999
2025-03-29T06:10:00.000+0000,1445960.075343256,1445960.075343256,999999.9999999999
2025-03-29T06:20:00.000+0000,1445960.075343256,1445960.075343256,999999.9999999999
2025-03-29T06:30:00.000+0000,1445960.075343256,1445960.075343256,999999.9999999999
2025-03-29T06:40:00.000+0000,1445960.075343256,1445960.075343256,999999.9999999999
2025-03-29T06:50:00.000+0000,1445960.075343256,1445960.075343256,999999.9999999999
2025-03-29T07:00:00.000+0000,1445960.075343256,1445960.075343256,999999.9999999999
2025-03-29T07:10:00.000+0000,1445960.075343256,1445960.075343256,999999.9999999999
2025-03-29T07:20:00.000+0000,1445960.075343256,1445960.075343256,999999.9999999999
2025-03-29T07:30:00.000+0000,1445960.075343256,1445960.075343256,999999.9999999999
2025-03-29T07:40:00.000+0000,1445960.075343256,1445960.075343256,999999.9999999999
2025-03-29T07:50:00.000+0000,1445960.075343256,1445960.075343256,999999.9999999999
2025-03-29T08:00:00.000+0000,1445960.075343256,1445960.075343256,999999.9999999999
2025-03-29T08:10:00.000+0000,1445960.075343256,1445960.075343256,999999.9999999999
2025-03-29T08:20:00.000+0000,1445960.075343256,1445960.075343256,999999.9999999999
2025-03-29T08:30:00.000+0000,1445960.075343256,1445960.075343256,999999.9999999999
2025-03-29T08:40:00.000+0000,1445960.075343256,1445960.075343256,999999.9999999999
2025-03-29T08:50:00.000+0000,1445960.075343256,1445960.075343256,999999.9999999999
2025-03-29T09:00:00.000+0000,1445960.075343256,1445960.075343256,999999.9999999999
2025-03-29T09:10:00.000+0000,1445960.075343256,1445960.075343256,999999.9999999999
2025-03-29T09:20:00.000+0000,1445960.075343256,1445960.075343256,999999.9999999999
2025-03-29T09:30:00.000+0000,1445960.075343256,1445960.075343256,999999.9999999999
2025-03-29T09:40:00.000+0000,1445960.075343256,1445960.075343256,999999.9999999999
2025-03-29T09:50:00.000+0000,1445960.075343256,1445960.075343256,999999.9999999999
2025-03-29T10:00:00.000+0000,1445960.075343256,1445960.075343256,999999.9999999999
2025-03-29T10:10:00.000+0000,1445960.075343256,1445960.075343256,999999.9999999999
2025-03-29T10:20:00.000+0000,1445960.075343256,1445960.075343256,999999.9999999999
2025-03-29T10:30:00.000+0000,1445960.075343256,1445960.075343256,999999.9999999999
2025-03-29T10:40:00.000+0000,1445960.075343256,1445960.075343256,999999.9999999999
2025-03-29T10:50:00.000+0000,1445960.075343256,1445960.075343256,999999.9999999999
2025-03-29T11:00:00.000+0000,1445960.075343256,1445960.075343256,999999.9999999999
2025-03-29T11:10:00.000+0000,1445960.075343256,1445960.075343256,999999.9999999999
2025-03-29T11:20:00.000+0000,1445960.075343256,1445960.075343256,999999.9999999999
2025-03-29T11:30:00.000+0000,1445960.075343256,1445960.075343256,999999.9999999999
2025-03-29T11:40:00.000+0000,1445960.075343256,1445960.075343256,999999.9999999999
2025-03-29T11:50:00.000+0000,1445960.075343256,1445960.075343256,999999.9999999999
2025-03-29T12:00:00.000+0000,1445960.075343256,1445960.075343256,999999.9999999999
2025-03-29T12:10:00.000+0000,1445960.075343256,1445960.075343256,999999.9999999999
2025-03-29T12:20:00.000+0000,1445960.075343256,1445960.075343256,999999.9999999999
2025-03-29T12:30:00.000+0000,1445960.075343256,1445960.075343256,999999.9999999999
2025-03-29T12:40:00.000+0000,1445960.075343256,1445960.075343256,999999.9999999999
2025-03-29T12:50:00.000+0000,1445960.075343256,1445960.075343256,999999.9999999999
2025-03-29T13:00:00.000+0000,1445960.075343256,1445960.075343256,999999.9999999999
2025-03-29T13:10:00.000+0000,1445960.075343256,1445960.075343256,999999.9999999999
2025-03-29T13:20:00.000+0000,1445960.075343256,1445960.075343256,999999.9999999999
2025-03-29T13:30:00.000+0000,1445960.075343256,1445960.075343256,999999.9999999999
2025-03-29T13:40:00.000+0000,1445960.075343256,1445960.075343256,999999.9999999999
2025-03-29T13:50:00.000+0000,1445960.075343256,1445960.075343256,999999.9999999999
2025-03-29T14:00:00.000+0000,1445960.075343256,1445960.075343256,999999.9999999999
2025-03-29T14:10:00.000+0000,1445960.075343256,1445960.075343256,999999.9999999999
2025-03-29T14:20:00.000+0000,1445960.075343256,1445960.075343256,999999.9999999999
2025-03-29T14:30:00.000+0000,1445960.075343256,1445960.075343256,999999.9999999999
2025-03-29T14:40:00.000+0000,1445960.075343256,1445960.075343256,999999.9999999999
2025-03-29T14:50:00.000+0000,1445960.075343256,1445960.075343256,999999.9999999999
2025-03-29T15:00:00.000+0000,1445960.075343256,1445960.075343256,999999.9999999999
2025-03-29T15:10:00.000+0000,1445960.075343256,1445960.075343256,999999.9999999999
2025-03-29T15:20:00.000+0000,1445960.075343256,1445960.075343256,999999.9999999999
2025-03-29T15:30:00.000+0000,1445960.075343256,1445960.075343256,999999.9999999999
2025-03-29T15:40:00.000+0000,1445960.075343256,1445960.075343256,999999.9999999999
2025-03-29T15:50:00.000+0000,1445960.075343256,1445960.075343256,999999.9999999999
2025-03-29T16:00:00.000+0000,1445960.075343256,1445960.075343256,999999.9999999999
2025-03-29T16:10:00.000+0000,1445960.075343256,1445960.075343256,999999.9999999999
2025-03-29T16:20:00.000+0000,1445960.075343256,1445960.075343256,999999.9999999999
2025-03-29T16:30:00.000+0000,1445960.075343256,1445960.075343256,999999.9999999999
2025-03-29T16:40:00.000+0000,1445960.075343256,1445960.075343256,999999.9999999999
2025-03-29T16:50:00.000+0000,1445960.075343256,1445960.075343256,999999.9999999999
2025-03-29T17:00:00.000+0000,1445960.075343256,1445960.075343256,999999.9999999999
2025-03-29T17:10:00.000+0000,1445960.075343256,1445960.075343256,999999.9999999999
2025-03-29T17:20:00.000+0000,1445960.075343256,1445960.075343256,999999.9999999999
2025-03-29T17:30:00.000+0000,1445960.075343256,1445960.075343256,999999.9999999999
2025-03-29T17:40:00.000+0000,1445960.075343256,1445960.075343256,999999.9999999999
2025-03-29T17:50:00.000+0000,1445960.075343256,1445960.075343256,999999.9999999999
2025-03-29T18:00:00.000+0000,1445960.075343256,1445960.075343256,999999.9999999999
2025-03-29T18:10:00.000+0000,1445960.075343256,1445960.075343256,999999.9999999999
2025-03-29T18:20:00.000+0000,1445960.075343256,1445960.075343256,999999.9999999999
2025-03-29T18:30:00.000+0000,1445960.075343256,1445960.075343256,999999.9999999999
2025-03-29T18:40:00.000+0000,1445960.075343256,1445960.075343256,999999.9999999999
2025-03-29T18:50:00.000+0000,1445960.075343256,1445960.075343256,999999.9999999999
2025-03-29T19:00:00.000+0000,1445960.075343256,1445960.075343256,999999.9999999999
2025-03-29T19:10:00.000+0000,1445960.075343256,1445960.075343256,999999.9999999999
2025-03-29T19:20:00.000+0000,1445960.075343256,1445960.075343256,999999.9999999999
2025-03-29T19:30:00.000+0000,1445960.075343256,1445960.075343256,999999.9999999999
2025-03-29T19:40:00.000+0000,1445960.075343256,1445960.075343256,999999.9999999999
2025-03-29T19:50:00.000+0000,1445960.075343256,1445960.075343256,999999.9999999999
2025-03-29T20:00:00.000+0000,1445960.075343256,1445960.075343256,999999.9999999999
2025-03-29T20:10:00.000+0000,1445960.075343256,1445960.075343256,999999.9999999999
2025-03-29T20:20:00.000+0000,1445960.075343256,1445960.075343256,999999.9999999999
2025-03-29T20:30:00.000+0000,1445960.075343256,1445960.075343256,999999.9999999999
2025-03-29T20:40:00.000+0000,1445960.075343256,1445960.075343256,999999.9999999999
2025-03-29T20:50:00.000+0000,1445960.075343256,1445960.075343256,999999.9999999999
2025-03-29T21:00:00.000+0000,1445960.075343256,1445960.075343256,999999.9999999999
2025-03-29T21:10:00.000+0000,1445960.075343256,1445960.075343256,999999.9999999999
2025-03-29T21:20:00.000+0000,1445960.075343256,1445960.075343256,999999.9999999999
2025-03-29T21:30:00.000+0000,1445960.075343256,1445960.075343256,999999.9999999999
2025-03-29T21:40:00.000+0000,1445960.075343256,1445960.075343256,999999.9999999999
2025-03-29T21:50:00.000+0000,1445960.075343256,1445960.075343256,999999.9999999999
2025-03-29T22:00:00.000+0000,1445960.075343256,1445960.075343256,999999.9999999999
2025-03-29T22:10:00.000+0000,1445960.075343256,1445960.075343256,999999.9999999999
2025-03-29T22:20:00.000+0000,1445960.075343256,1445960.075343256,999999.9999999999
2025-03-29T22:30:00.000+0000,1445960.075343256,1445960.075343256,999999.9999999999
2025-03-29T22:40:00.000+0000,1445960.075343256,1445960.075343256,999999.9999999999
2025-03-29T22:50:00.000+0000,1445960.075343256,1445960.075343256,999999.9999999999
2025-03-29T23:00:00.000+0000,1445960.075343256,1445960.075343256,999999.9999999999
2025-03-29T23:10:00.000+0000,1445960.075343256,1445960.075343256,999999.9999999999
2025-03-29T23:20:00.000+0000,1445960.075343256,1445960.075343256,999999.9999999999
2025-03-29T23:30:00.000+0000,1445960.075343256,1445960.075343256,999999.9999999999
2025-03-29T23:40:00.000+0000,1445960.075343256,1445960.075343256,999999.9999999999
2025-03-29T23:50:00.000+0000,1445960.075343256,1445960.075343256,999999.9999999999
2025-03-30T00:00:00.000+0000,1445960.075343256,1445960.075343256,999999.9999999999
2025-03-30T00:10:00.000+0000,1445960.075343256,1445960.075343256,999999.9999999999
2025-03-30T00:20:00.000+0000,1445960.075343256,1445960.075343256,999999.9999999999
2025-03-30T00:30:00.000+0000,1445960.075343256,1445960.075343256,999999.9999999999
2025-03-30T00:40:00.000+0000,1445960.075343256,1445960.075343256,999999.9999999999
2025-03-30T00:50:00.000+0000,1445960.075343256,1445960.075343256,999999.9999999999
2025-03-30T01:00:00.000+0000,1445960.075343256,1445960.075343256,999999.9999999999
2025-03-30T01:10:00.000+0000,1445960.075343256,1445960.075343256,999999.9999999999
2025-03-30T01:20:00.000+0000,1445960.075343256,1445960.075343256,999999.9999999999
2025-03-30T01:30:00.000+0000,1445960.075343256,1445960.075343256,999999.9999999999
2025-03-30T01:40:00.000+0000,1445960.075343256,1445960.075343256,999999.9999999999
2025-03-30T01:50:00.000+0000,1445960.075343256,1445960.075343256,999999.9999999999
2025-03-30T02:00:00.000+0000,1445960.075343256,1445960.075343256,999999.9999999999
2025-03-30T02:10:00.000+0000,1445960.075343256,1445960.075343256,999999.9999999999
2025-03-30T02:20:00.000+0000,1445960.075343256,1445960.075343256,999999.9999999999
2025-03-30T02:30:00.000+0000,1445960.075343256,1445960.075343256,999999.9999999999
2025-03-30T02:40:00.000+0000,1445960.075343256,1445960.075343256,999999.9999999999
2025-03-30T02:50:00.000+0000,1445960.075343256,1445960.075343256,999999.9999999999
2025-03-30T03:00:00.000+0000,1445960.075343256,1445960.075343256,999999.9999999999
2025-03-30T03:10:00.000+0000,1445960.075343256,1445960.075343256,999999.9999999999
2025-03-30T03:20:00.000+0000,1445960.075343256,1445960.075343256,999999.9999999999
2025-03-30T03:30:00.000+0000,1445960.075343256,1445960.075343256,999999.9999999999
2025-03-30T03:40:00.000+0000,1445960.075343256,1445960.075343256,999999.9999999999
2025-03-30T03:50:00.000+0000,1445960.075343256,1445960.075343256,999999.9999999999
2025-03-30T04:00:00.000+0000,1445960.075343256,1445960.075343256,999999.9999999999
2025-03-30T04:10:00.000+0000,1445960.075343256,1445960.075343256,999999.9999999999
2025-03-30T04:20:00.000+0000,1445960.075343256,1445960.075343256,999999.9999999999
2025-03-30T04:30:00.000+0000,1445960.075343256,1445960.075343256,999999.9999999999
2025-03-30T04:40:00.000+0000,1445960.075343256,1445960.075343256,999999.9999999999
2025-03-30T04:50:00.000+0000,1445960.075343256,1445960.075343256,999999.9999999999
2025-03-30T05:00:00.000+0000,1445960.075343256,1445960.075343256,999999.9999999999
2025-03-30T05:10:00.000+0000,1445960.075343256,1445960.075343256,999999.9999999999
2025-03-30T05:20:00.000+0000,1445960.075343256,1445960.075343256,999999.9999999999
2025-03-30T05:30:00.000+0000,1445960.075343256,1445960.075343256,999999.9999999999
2025-03-30T05:40:00.000+0000,1445960.075343256,1445960.075343256,999999.9999999999
2025-03-30T05:50:00.000+0000,1445960.075343256,1445960.075343256,999999.9999999999
2025-03-30T06:00:00.000+0000,1445960.075343256,1445960.075343256,999999.9999999999
2025-03-30T06:10:00.000+0000,1445960.075343256,1445960.075343256,999999.9999999999
2025-03-30T06:20:00.000+0000,1445960.075343256,1445960.075343256,999999.9999999999
2025-03-30T06:30:00.000+0000,1445960.075343256,1445960.075343256,999999.9999999999
2025-03-30T06:40:00.000+0000,1445960.075343256,1445960.075343256,999999.9999999999
2025-03-30T06:50:00.000+0000,1445960.075343256,1445960.075343256,999999.9999999999
2025-03-30T07:00:00.000+0000,1445960.075343256,1445960.075343256,999999.9999999999
2025-03-30T07:10:00.000+0000,1445960.075343256,1445960.075343256,999999.9999999999
2025-03-30T07:20:00.000+0000,1445960.075343256,1445960.075343256,999999.9999999999
2025-03-30T07:30:00.000+0000,1445960.075343256,1445960.075343256,999999.9999999999
2025-03-30T07:40:00.000+0000,1445960.075343256,1445960.075343256,999999.9999999999
2025-03-30T07:50:00.000+0000,1445960.075343256,1445960.075343256,999999.9999999999
2025-03-30T08:00:00.000+0000,1445960.075343256,1445960.075343256,999999.9999999999
2025-03-30T08:10:00.000+0000,1445960.075343256,1445960.075343256,999999.9999999999
2025-03-30T08:20:00.000+0000,1445960.075343256,1445960.075343256,999999.9999999999
2025-03-30T08:30:00.000+0000,1445960.075343256,1445960.075343256,999999.9999999999
2025-03-30T08:40:00.000+0000,1445960.075343256,1445960.075343256,999999.9999999999
2025-03-30T08:50:00.000+0000,1445960.075343256,1445960.075343256,999999.9999999999
2025-03-30T09:00:00.000+0000,1445960.075343256,1445960.075343256,999999.9999999999
2025-03-30T09:10:00.000+0000,1445960.075343256,1445960.075343256,999999.9999999999
2025-03-30T09:20:00.000+0000,1445960.075343256,1445960.075343256,999999.9999999999
2025-03-30T09:30:00.000+0000,1445960.075343256,1445960.075343256,999999.9999999999
2025-03-30T09:40:00.000+0000,1445960.075343256,1445960.075343256,999999.9999999999
2025-03-30T09:50:00.000+0000,1445960.075343256,1445960.075343256,999999.9999999999
2025-03-30T10:00:00.000+0000,1445960.075343256,1445960.075343256,999999.9999999999
2025-03-30T10:10:00.000+0000,1445960.075343256,1445960.075343256,999999.9999999999
2025-03-30T10:20:00.000+0000,1445960.075343256,1445960.075343256,999999.9999999999
2025-03-30T10:30:00.000+0000,1445960.075343256,1445960.075343256,999999.9999999999
2025-03-30T10:40:00.000+0000,1445960.075343256,1445960.075343256,999999.9999999999
2025-03-30T10:50:00.000+0000,1445960.075343256,1445960.075343256,999999.9999999999
2025-03-30T11:00:00.000+0000,1445960.075343256,1445960.075343256,999999.9999999999
2025-03-30T11:10:00.000+0000,1445960.075343256,1445960.075343256,999999.9999999999
2025-03-30T11:20:00.000+0000,1445960.075343256,1445960.075343256,999999.9999999999
2025-03-30T11:30:00.000+0000,1445960.075343256,1445960.075343256,999999.9999999999
2025-03-30T11:40:00.000+0000,1445960.075343256,1445960.075343256,999999.9999999999
2025-03-30T11:50:00.000+0000,1445960.075343256,1445960.075343256,999999.9999999999
2025-03-30T12:00:00.000+0000,1445960.075343256,1445960.075343256,999999.9999999999
2025-03-30T12:10:00.000+0000,1445960.075343256,1445960.075343256,999999.9999999999
2025-03-30T12:20:00.000+0000,1445960.075343256,1445960.075343256,999999.9999999999
2025-03-30T12:30:00.000+0000,1445960.075343256,1445960.075343256,999999.9999999999
2025-03-30T12:40:00.000+0000,1445960.075343256,1445960.075343256,999999.9999999999
2025-03-30T12:50:00.000+0000,1445960.075343256,1445960.075343256,999999.9999999999
2025-03-30T13:00:00.000+0000,1445960.075343256,1445960.075343256,999999.9999999999
2025-03-30T13:10:00.000+0000,1445960.075343256,1445960.075343256,999999.9999999999
2025-03-30T13:20:00.000+0000,1445960.075343256,1445960.075343256,999999.9999999999
2025-03-30T13:30:00.000+0000,1445960.075343256,1445960.075343256,999999.9999999999
2025-03-30T13:40:00.000+0000,1445960.075343256,1445960.075343256,999999.9999999999
2025-03-30T13:50:00.000+0000,1445960.075343256,1445960.075343256,999999.9999999999
2025-03-30T14:00:00.000+0000,1445960.075343256,1445960.075343256,999999.9999999999
2025-03-30T14:10:00.000+0000,1445960.075343256,1445960.075343256,999999.9999999999
2025-03-30T14:20:00.000+0000,1445960.075343256,1445960.075343256,999999.9999999999
2025-03-30T14:30:00.000+0000,1445960.075343256,1445960.075343256,999999.9999999999
2025-03-30T14:40:00.000+0000,1445960.075343256,1445960.075343256,999999.9999999999
2025-03-30T14:50:00.000+0000,1445960.075343256,1445960.075343256,999999.9999999999
2025-03-30T15:00:00.000+0000,1445960.075343256,1445960.075343256,999999.9999999999
2025-03-30T15:10:00.000+0000,1445960.075343256,1445960.075343256,999999.9999999999
2025-03-30T15:20:00.000+0000,1445960.075343256,1445960.075343256,999999.9999999999
2025-03-30T15:30:00.000+0000,1445960.075343256,1445960.075343256,999999.9999999999
2025-03-30T15:40:00.000+0000,1445960.075343256,1445960.075343256,999999.9999999999
2025-03-30T15:50:00.000+0000,1445960.075343256,1445960.075343256,999999.9999999999
2025-03-30T16:00:00.000+0000,1445960.075343256,1445960.075343256,999999.9999999999
2025-03-30T16:10:00.000+0000,1445960.075343256,1445960.075343256,999999.9999999999
2025-03-30T16:20:00.000+0000,1445960.075343256,1445960.075343256,999999.9999999999
2025-03-30T16:30:00.000+0000,1445960.075343256,1445960.075343256,999999.9999999999
2025-03-30T16:40:00.000+0000,1445960.075343256,1445960.075343256,999999.9999999999
2025-03-30T16:50:00.000+0000,1445960.075343256,1445960.075343256,999999.9999999999
2025-03-30T17:00:00.000+0000,1445960.075343256,1445960.075343256,999999.9999999999
2025-03-30T17:10:00.000+0000,1445960.075343256,1445960.075343256,999999.9999999999
2025-03-30T17:20:00.000+0000,1445960.075343256,1445960.075343256,999999.9999999999
2025-03-30T17:30:00.000+0000,1445960.075343256,1445960.075343256,999999.9999999999
2025-03-30T17:40:00.000+0000,1445960.075343256,1445960.075343256,999999.9999999999
2025-03-30T17:50:00.000+0000,1445960.075343256,1445960.075343256,999999.9999999999
2025-03-30T18:00:00.000+0000,1445960.075343256,1445960.075343256,999999.9999999999
2025-03-30T18:10:00.000+0000,1445960.075343256,1445960.075343256,999999.9999999999
2025-03-30T18:20:00.000+0000,1445960.075343256,1445960.075343256,999999.9999999999
2025-03-30T18:30:00.000+0000,1445960.075343256,1445960.075343256,999999.9999999999
2025-03-30T18:40:00.000+0000,1445960.075343256,1445960.075343256,999999.9999999999
2025-03-30T18:50:00.000+0000,1445960.075343256,1445960.075343256,999999.9999999999
2025-03-30T19:00:00.000+0000,1445960.075343256,1445960.075343256,999999.9999999999
2025-03-30T19:10:00.000+0000,1445960.075343256,1445960.075343256,999999.9999999999
2025-03-30T19:20:00.000+0000,1445960.075343256,1445960.075343256,999999.9999999999
2025-03-30T19:30:00.000+0000,1445960.075343256,1445960.075343256,999999.9999999999
2025-03-30T19:40:00.000+0000,1445960.075343256,1445960.075343256,999999.9999999999
2025-03-30T19:50:00.000+0000,1445960.075343256,1445960.075343256,999999.9999999999
2025-03-30T20:00:00.000+0000,1445960.075343256,1445960.075343256,999999.9999999999
2025-03-30T20:10:00.000+0000,1445960.075343256,1445960.075343256,999999.9999999999
2025-03-30T20:20:00.000+0000,1445960.075343256,1445960.075343256,999999.9999999999
2025-03-30T20:30:00.000+0000,1445960.075343256,1445960.075343256,999999.9999999999
2025-03-30T20:40:00.000+0000,1445960.075343256,1445960.075343256,999999.9999999999
2025-03-30T20:50:00.000+0000,1445960.075343256,1445960.075343256,999999.9999999999
2025-03-30T21:00:00.000+0000,1445960.075343256,1445960.075343256,999999.9999999999
2025-03-30T21:10:00.000+0000,1445960.075343256,1445960.075343256,999999.9999999999
2025-03-30T21:20:00.000+0000,1445960.075343256,1445960.075343256,999999.9999999999
2025-03-30T21:30:00.000+0000,1445960.075343256,1445960.075343256,999999.9999999999
2025-03-30T21:40:00.000+0000,1445960.075343256,1445960.075343256,999999.9999999999
2025-03-30T21:50:00.000+0000,1445960.075343256,1445960.075343256,999999.9999999999
2025-03-30T22:00:00.000+0000,1445960.075343256,1445960.075343256,999999.9999999999
2025-03-30T22:10:00.000+0000,1445960.075343256,1445960.075343256,999999.9999999999
2025-03-30T22:20:00.000+0000,1445960.075343256,1445960.075343256,999999.9999999999
2025-03-30T22:30:00.000+0000,1445960.075343256,1445960.075343256,999999.9999999999
2025-03-30T22:40:00.000+0000,1445960.075343256,1445960.075343256,999999.9999999999
2025-03-30T22:50:00.000+0000,1445960.075343256,1445960.075343256,999999.9999999999
2025-03-30T23:00:00.000+0000,1445960.075343256,1445960.075343256,999999.9999999999
2025-03-30T23:10:00.000+0000,1445960.075343256,1445960.075343256,999999.9999999999
2025-03-30T23:20:00.000+0000,1445960.075343256,1445960.075343256,999999.9999999999
2025-03-30T23:30:00.000+0000,1445960.075343256,1445960.075343256,999999.9999999999
2025-03-30T23:40:00.000+0000,1445960.075343256,1445960.075343256,999999.9999999999
2025-03-30T23:50:00.000+0000,1445960.075343256,1445960.075343256,999999.9999999999
2025-03-31T00:00:00.000+0000,1445960.075343256,1445960.075343256,999999.9999999999
2025-03-31T00:10:00.000+0000,1445960.075343256,1445960.075343256,999999.9999999999
2025-03-31T00:20:00.000+0000,1445960.075343256,1445960.075343256,999999.9999999999
2025-03-31T00:30:00.000+0000,1445960.075343256,1445960.075343256,999999.9999999999
2025-03-31T00:40:00.000+0000,1445960.075343256,1445960.075343256,999999.9999999999
2025-03-31T00:50:00.000+0000,1445960.075343256,1445960.075343256,999999.9999999999
2025-03-31T01:00:00.000+0000,1445960.075343256,1445960.075343256,999999.9999999999
2025-03-31T01:10:00.000+0000,1445960.075343256,1445960.075343256,999999.9999999999
2025-03-31T01:20:00.000+0000,1445960.075343256,1445960.075343256,999999.9999999999
2025-03-31T01:30:00.000+0000,1445960.075343256,1445960.075343256,999999.9999999999
2025-03-31T01:40:00.000+0000,1445960.075343256,1445960.075343256,999999.9999999999
2025-03-31T01:50:00.000+0000,1445960.075343256,1445960.075343256,999999.9999999999
2025-03-31T02:00:00.000+0000,1445960.075343256,1445960.075343256,999999.9999999999
2025-03-31T02:10:00.000+0000,1445960.075343256,1445960.075343256,999999.9999999999
2025-03-31T02:20:00.000+0000,1445960.075343256,1445960.075343256,999999.9999999999
2025-03-31T02:30:00.000+0000,1445960.075343256,1445960.075343256,999999.9999999999
2025-03-31T02:40:00.000+0000,1445960.075343256,1445960.075343256,999999.9999999999
2025-03-31T02:50:00.000+0000,1445960.075343256,1445960.075343256,999999.9999999999
2025-03-31T03:00:00.000+0000,1445960.075343256,1445960.075343256,999999.9999999999
2025-03-31T03:10:00.000+0000,1445960.075343256,1445960.075343256,999999.9999999999
2025-03-31T03:20:00.000+0000,1445960.075343256,1445960.075343256,999999.9999999999
2025-03-31T03:30:00.000+0000,1445960.075343256,1445960.075343256,999999.9999999999
2025-03-31T03:40:00.000+0000,1445960.075343256,1445960.075343256,999999.9999999999
2025-03-31T03:50:00.000+0000,1445960.075343256,1445960.075343256,999999.9999999999
2025-03-31T04:00:00.000+0000,1445960.075343256,1445960.075343256,999999.9999999999
2025-03-31T04:10:00.000+0000,1445960.075343256,1445960.075343256,999999.9999999999
2025-03-31T04:20:00.000+0000,1445960.075343256,1445960.075343256,999999.9999999999
2025-03-31T04:30:00.000+0000,1445960.075343256,1445960.075343256,999999.9999999999
2025-03-31T04:40:00.000+0000,1445960.075343256,1445960.075343256,999999.9999999999
2025-03-31T04:50:00.000+0000,1445960.075343256,1445960.075343256,999999.9999999999
2025-03-31T05:00:00.000+0000,1445960.075343256,1445960.075343256,999999.9999999999
2025-03-31T05:10:00.000+0000,1445960.075343256,1445960.075343256,999999.9999999999
2025-03-31T05:20:00.000+0000,1445960.075343256,1445960.075343256,999999.9999999999
2025-03-31T05:30:00.000+0000,1445960.075343256,1445960.075343256,999999.9999999999
2025-03-31T05:40:00.000+0000,1445960.075343256,1445960.075343256,999999.9999999999
2025-03-31T05:50:00.000+0000,1445960.075343256,1445960.075343256,999999.9999999999
2025-03-31T06:00:00.000+0000,1445960.075343256,1445960.075343256,999999.9999999999
2025-03-31T06:10:00.000+0000,1445960.075343256,1445960.075343256,999999.9999999999
2025-03-31T06:20:00.000+0000,1445960.075343256,1445960.075343256,999999.9999999999
2025-03-31T06:30:00.000+0000,1445960.075343256,1445960.075343256,999999.9999999999
2025-03-31T06:40:00.000+0000,1445960.075343256,1445960.075343256,999999.9999999999
2025-03-31T06:50:00.000+0000,1445960.075343256,1445960.075343256,999999.9999999999
2025-03-31T07:00:00.000+0000,1445960.075343256,1445960.075343256,999999.9999999999
2025-03-31T07:10:00.000+0000,1445960.075343256,1445960.075343256,999999.9999999999
2025-03-31T07:20:00.000+0000,1445960.075343256,1445960.075343256,999999.9999999999
2025-03-31T07:30:00.000+0000,1445960.075343256,1445960.075343256,999999.9999999999
2025-03-31T07:40:00.000+0000,1445960.075343256,1445960.075343256,999999.9999999999
2025-03-31T07:50:00.000+0000,1445960.075343256,1445960.075343256,999999.9999999999
2025-03-31T08:00:00.000+0000,1445960.075343256,1445960.075343256,999999.9999999999
2025-03-31T08:10:00.000+0000,1445960.075343256,1445960.075343256,999999.9999999999
2025-03-31T08:20:00.000+0000,1445960.075343256,1445960.075343256,999999.9999999999
2025-03-31T08:30:00.000+0000,1445960.075343256,1445960.075343256,999999.9999999999
2025-03-31T08:40:00.000+0000,1445960.075343256,1445960.075343256,999999.9999999999
2025-03-31T08:50:00.000+0000,1445960.075343256,1445960.075343256,999999.9999999999
2025-03-31T09:00:00.000+0000,1445960.075343256,1445960.075343256,999999.9999999999
2025-03-31T09:10:00.000+0000,1445960.075343256,1445960.075343256,999999.9999999999
2025-03-31T09:20:00.000+0000,1445960.075343256,1445960.075343256,999999.9999999999
2025-03-31T09:30:00.000+0000,1445960.075343256,1445960.075343256,999999.9999999999
2025-03-31T09:40:00.000+0000,1445960.075343256,1445960.075343256,999999.9999999999
2025-03-31T09:50:00.000+0000,1445960.075343256,1445960.075343256,999999.9999999999
2025-03-31T10:00:00.000+0000,1445960.075343256,1445960.075343256,999999.9999999999
2025-03-31T10:10:00.000+0000,1445960.075343256,1445960.075343256,999999.9999999999
2025-03-31T10:20:00.000+0000,1445960.075343256,1445960.075343256,999999.9999999999
2025-03-31T10:30:00.000+0000,1445960.075343256,1445960.075343256,999999.9999999999
2025-03-31T10:40:00.000+0000,1445960.075343256,1445960.075343256,999999.9999999999
2025-03-31T10:50:00.000+0000,1445960.075343256,1445960.075343256,999999.9999999999
2025-03-31T11:00:00.000+0000,1445960.075343256,1445960.075343256,999999.9999999999
2025-03-31T11:10:00.000+0000,1445960.075343256,1445960.075343256,999999.9999999999
2025-03-31T11:20:00.000+0000,1445960.075343256,1445960.075343256,999999.9999999999
2025-03-31T11:30:00.000+0000,1445960.075343256,1445960.075343256,999999.9999999999
2025-03-31T11:40:00.000+0000,1445960.075343256,1445960.075343256,999999.9999999999
2025-03-31T11:50:00.000+0000,1445960.075343256,1445960.075343256,999999.9999999999
2025-03-31T12:00:00.000+0000,1445960.075343256,1445960.075343256,999999.9999999999
2025-03-31T12:10:00.000+0000,1445960.075343256,1445960.075343256,999999.9999999999
2025-03-31T12:20:00.000+0000,1445960.075343256,1445960.075343256,999999.9999999999
2025-03-31T12:30:00.000+0000,1445960.075343256,1445960.075343256,999999.9999999999
2025-03-31T12:40:00.000+0000,1445960.075343256,1445960.075343256,999999.9999999999
2025-03-31T12:50:00.000+0000,1445960.075343256,1445960.075343256,999999.9999999999
2025-03-31T13:00:00.000+0000,1445960.075343256,1445960.075343256,999999.9999999999
2025-03-31T13:10:00.000+0000,1445960.075343256,1445960.075343256,999999.9999999999
2025-03-31T13:20:00.000+0000,1445960.075343256,1445960.075343256,999999.9999999999
2025-03-31T13:30:00.000+0000,1445960.075343256,1445960.075343256,999999.9999999999
2025-03-31T13:40:00.000+0000,1445960.075343256,1445960.075343256,999999.9999999999
2025-03-31T13:50:00.000+0000,1445960.075343256,1445960.075343256,999999.9999999999
2025-03-31T14:00:00.000+0000,1445960.075343256,1445960.075343256,999999.9999999999
2025-03-31T14:10:00.000+0000,1445960.075343256,1445960.075343256,999999.9999999999
2025-03-31T14:20:00.000+0000,1445960.075343256,1445960.075343256,999999.9999999999
2025-03-31T14:30:00.000+0000,1445960.075343256,1445960.075343256,999999.9999999999
2025-03-31T14:40:00.000+0000,1445960.075343256,1445960.075343256,999999.9999999999
2025-03-31T14:50:00.000+0000,1445960.075343256,1445960.075343256,999999.9999999999
2025-03-31T15:00:00.000+0000,1445960.075343256,1445960.075343256,999999.9999999999
2025-03-31T15:10:00.000+0000,1445960.075343256,1445960.075343256,999999.9999999999
2025-03-31T15:20:00.000+0000,1445960.075343256,1445960.075343256,999999.9999999999
2025-03-31T15:30:00.000+0000,1445960.075343256,1445960.075343256,999999.9999999999
2025-03-31T15:40:00.000+0000,1445960.075343256,1445960.075343256,999999.9999999999
2025-03-31T15:50:00.000+0000,1445960.075343256,1445960.075343256,999999.9999999999
2025-03-31T16:00:00.000+0000,1445960.075343256,1445960.075343256,999999.9999999999
2025-03-31T16:10:00.000+0000,1445960.075343256,1445960.075343256,999999.9999999999
2025-03-31T16:20:00.000+0000,1445960.075343256,1445960.075343256,999999.9999999999
2025-03-31T16:30:00.000+0000,1445960.075343256,1445960.075343256,999999.9999999999
2025-03-31T16:40:00.000+0000,1445960.075343256,1445960.075343256,999999.9999999999
2025-03-31T16:50:00.000+0000,1445960.075343256,1445960.075343256,999999.9999999999
2025-03-31T17:00:00.000+0000,1445960.075343256,1445960.075343256,999999.9999999999
2025-03-31T17:10:00.000+0000,1445960.075343256,1445960.075343256,999999.9999999999
2025-03-31T17:20:00.000+0000,1445960.075343256,1445960.075343256,999999.9999999999
2025-03-31T17:30:00.000+0000,1445960.075343256,1445960.075343256,999999.9999999999
2025-03-31T17:40:00.000+0000,1445960.075343256,1445960.075343256,999999.9999999999
2025-03-31T17:50:00.000+0000,1445960.075343256,1445960.075343256,999999.9999999999
2025-03-31T18:00:00.000+0000,1445960.075343256,1445960.075343256,999999.9999999999
2025-03-31T18:10:00.000+0000,1445960.075343256,1445960.075343256,999999.9999999999
2025-03-31T18:20:00.000+0000,1445960.075343256,1445960.075343256,999999.9999999999
2025-03-31T18:30:00.000+0000,1445960.075343256,1445960.075343256,999999.9999999999
2025-03-31T18:40:00.000+0000,1445960.075343256,1445960.075343256,999999.9999999999
2025-03-31T18:50:00.000+0000,1445960.075343256,1445960.075343256,999999.9999999999
2025-03-31T19:00:00.000+0000,1445960.075343256,1445960.075343256,999999.9999999999
2025-03-31T19:10:00.000+0000,1445960.075343256,1445960.075343256,999999.9999999999
2025-03-31T19:20:00.000+0000,1445960.075343256,1445960.075343256,999999.9999999999
2025-03-31T19:30:00.000+0000,1445960.075343256,1445960.075343256,999999.9999999999
2025-03-31T19:40:00.000+0000,1445960.075343256,1445960.075343256,999999.9999999999
2025-03-31T19:50:00.000+0000,1445960.075343256,1445960.075343256,999999.9999999999
2025-03-31T20:00:00.000+0000,1445960.075343256,1445960.075343256,999999.9999999999
2025-03-31T20:10:00.000+0000,1445960.075343256,1445960.075343256,999999.9999999999
2025-03-31T20:20:00.000+0000,1445960.075343256,1445960.075343256,999999.9999999999
2025-03-31T20:30:00.000+0000,1445960.075343256,1445960.075343256,999999.9999999999
2025-03-31T20:40:00.000+0000,1445960.075343256,1445960.075343256,999999.9999999999
2025-03-31T20:50:00.000+0000,1445960.075343256,1445960.075343256,999999.9999999999
2025-03-31T21:00:00.000+0000,1445960.075343256,1445960.075343256,999999.9999999999
2025-03-31T21:10:00.000+0000,1445960.075343256,1445960.075343256,999999.9999999999
2025-03-31T21:20:00.000+0000,1445960.075343256,1445960.075343256,999999.9999999999
2025-03-31T21:30:00.000+0000,1445960.075343256,1445960.075343256,999999.9999999999
2025-03-31T21:40:00.000+0000,1445960.075343256,1445960.075343256,999999.9999999999
2025-03-31T21:50:00.000+0000,1445960.075343256,1445960.075343256,999999.9999999999
2025-03-31T22:00:00.000+0000,1445960.075343256,1445960.075343256,999999.9999999999
2025-03-31T22:10:00.000+0000,1445960.075343256,1445960.075343256,999999.9999999999
2025-03-31T22:20:00.000+0000,1445960.075343256,1445960.075343256,999999.9999999999
2025-03-31T22:30:00.000+0000,1445960.075343256,1445960.075343256,999999.9999999999
2025-03-31T22:40:00.000+0000,1445960.075343256,1445960.075343256,999999.9999999999
2025-03-31T22:50:00.000+0000,1445960.075343256,1445960.075343256,999999.9999999999
2025-03-31T23:00:00.000+0000,1445960.075343256,1445960.075343256,999999.9999999999
2025-03-31T23:10:00.000+0000,1445960.075343256,1445960.075343256,999999.9999999999
2025-03-31T23:20:00.000+0000,1445960.075343256,1445960.075343256,999999.9999999999
2025-03-31T23:30:00.000+0000,1445960.075343256,1445960.075343256,999999.9999999999
2025-03-31T23:40:00.000+0000,1445960.075343256,1445960.075343256,999999.9999999999
2025-03-31T23:50:00.000+0000,1445960.075343256,1445960.075343256,999999.9999999999
2025-04-01T00:00:00.000+0000,1445960.075343256,1445960.075343256,999999.9999999999
2025-04-01T00:10:00.000+0000,1445960.075343256,1445960.075343256,999999.9999999999
2025-04-01T00:20:00.000+0000,1445960.075343256,1445960.075343256,999999.9999999999
2025-04-01T00:30:00.000+0000,1445960.075343256,1445960.075343256,999999.9999999999
2025-04-01T00:40:00.000+0000,1445960.075343256,1445960.075343256,999999.9999999999
2025-04-01T00:50:00.000+0000,1445960.075343256,1445960.075343256,999999.9999999999
2025-04-01T01:00:00.000+0000,1445960.075343256,1445960.075343256,999999.9999999999
2025-04-01T01:10:00.000+0000,1445960.075343256,1445960.075343256,999999.9999999999
2025-04-01T01:20:00.000+0000,1445960.075343256,1445960.075343256,999999.9999999999
2025-04-01T01:30:00.000+0000,1445960.075343256,1445960.075343256,999999.9999999999
2025-04-01T01:40:00.000+0000,1445960.075343256,1445960.075343256,999999.9999999999
2025-04-01T01:50:00.000+0000,1445960.075343256,1445960.075343256,999999.9999999999
2025-04-01T02:00:00.000+0000,1445960.075343256,1445960.075343256,999999.9999999999
2025-04-01T02:10:00.000+0000,1445960.075343256,1445960.075343256,999999.9999999999
2025-04-01T02:20:00.000+0000,1445960.075343256,1445960.075343256,999999.9999999999
2025-04-01T02:30:00.000+0000,1445960.075343256,1445960.075343256,999999.9999999999
2025-04-01T02:40:00.000+0000,1445960.075343256,1445960.075343256,999999.9999999999
2025-04-01T02:50:00.000+0000,1445960.075343256,1445960.075343256,999999.9999999999
2025-04-01T03:00:00.000+0000,1445960.075343256,1445960.075343256,999999.9999999999
2025-04-01T03:10:00.000+0000,1445960.075343256,1445960.075343256,999999.9999999999
2025-04-01T03:20:00.000+0000,1445960.075343256,1445960.075343256,999999.9999999999
2025-04-01T03:30:00.000+0000,1445960.075343256,1445960.075343256,999999.9999999999
2025-04-01T03:40:00.000+0000,1445960.075343256,1445960.075343256,999999.9999999999
2025-04-01T03:50:00.000+0000,1445960.075343256,1445960.075343256,999999.9999999999
2025-04-01T04:00:00.000+0000,1445960.075343256,1445960.075343256,999999.9999999999
2025-04-01T04:10:00.000+0000,1445960.075343256,1445960.075343256,999999.9999999999
2025-04-01T04:20:00.000+0000,1445960.075343256,1445960.075343256,999999.9999999999
2025-04-01T04:30:00.000+0000,1445960.075343256,1445960.075343256,999999.9999999999
2025-04-01T04:40:00.000+0000,1445960.075343256,1445960.075343256,999999.9999999999
2025-04-01T04:50:00.000+0000,1445960.075343256,1445960.075343256,999999.9999999999
2025-04-01T05:00:00.000+0000,1445960.075343256,1445960.075343256,999999.9999999999
2025-04-01T05:10:00.000+0000,1445960.075343256,1445960.075343256,999999.9999999999
2025-04-01T05:20:00.000+0000,1445960.075343256,1445960.075343256,999999.9999999999
2025-04-01T05:30:00.000+0000,1445960.075343256,1445960.075343256,999999.9999999999
2025-04-01T05:40:00.000+0000,1445960.075343256,1445960.075343256,999999.9999999999
2025-04-01T05:50:00.000+0000,1445960.075343256,1445960.075343256,999999.9999999999
2025-04-01T06:00:00.000+0000,1445960.075343256,1445960.075343256,999999.9999999999
2025-04-01T06:10:00.000+0000,1445960.075343256,1445960.075343256,999999.9999999999
2025-04-01T06:20:00.000+0000,1445960.075343256,1445960.075343256,999999.9999999999
2025-04-01T06:30:00.000+0000,1445960.075343256,1445960.075343256,999999.9999999999
2025-04-01T06:40:00.000+0000,1445960.075343256,1445960.075343256,999999.9999999999
2025-04-01T06:50:00.000+0000,1445960.075343256,1445960.075343256,999999.9999999999
2025-04-01T07:00:00.000+0000,1445960.075343256,1445960.075343256,999999.9999999999
2025-04-01T07:10:00.000+0000,1445960.075343256,1445960.075343256,999999.9999999999
2025-04-01T07:20:00.000+0000,1445960.075343256,1445960.075343256,999999.9999999999
2025-04-01T07:30:00.000+0000,1445960.075343256,1445960.075343256,999999.9999999999
2025-04-01T07:40:00.000+0000,1445960.075343256,1445960.075343256,999999.9999999999
2025-04-01T07:50:00.000+0000,1445960.075343256,1445960.075343256,999999.9999999999
2025-04-01T08:00:00.000+0000,1445960.075343256,1445960.075343256,999999.9999999999
2025-04-01T08:10:00.000+0000,1445960.075343256,1445960.075343256,999999.9999999999
2025-04-01T08:20:00.000+0000,1445960.075343256,1445960.075343256,999999.9999999999
2025-04-01T08:30:00.000+0000,1445960.075343256,1445960.075343256,999999.9999999999
2025-04-01T08:40:00.000+0000,1445960.075343256,1445960.075343256,999999.9999999999
2025-04-01T08:50:00.000+0000,1445960.075343256,1445960.075343256,999999.9999999999
2025-04-01T09:00:00.000+0000,1445960.075343256,1445960.075343256,999999.9999999999
2025-04-01T09:10:00.000+0000,1445960.075343256,1445960.075343256,999999.9999999999
2025-04-01T09:20:00.000+0000,1445960.075343256,1445960.075343256,999999.9999999999
2025-04-01T09:30:00.000+0000,1445960.075343256,1445960.075343256,999999.9999999999
2025-04-01T09:40:00.000+0000,1445960.075343256,1445960.075343256,999999.9999999999
2025-04-01T09:50:00.000+0000,1445960.075343256,1445960.075343256,999999.9999999999
2025-04-01T10:00:00.000+0000,1445960.075343256,1445960.075343256,999999.9999999999
2025-04-01T10:10:00.000+0000,1445960.075343256,1445960.075343256,999999.9999999999
2025-04-01T10:20:00.000+0000,1445960.075343256,1445960.075343256,999999.9999999999
2025-04-01T10:30:00.000+0000,1445960.075343256,1445960.075343256,999999.9999999999
2025-04-01T10:40:00.000+0000,1445960.075343256,1445960.075343256,999999.9999999999
2025-04-01T10:50:00.000+0000,1445960.075343256,1445960.075343256,999999.9999999999
2025-04-01T11:00:00.000+0000,1445960.075343256,1445960.075343256,999999.9999999999
2025-04-01T11:10:00.000+0000,1445960.075343256,1445960.075343256,999999.9999999999
2025-04-01T11:20:00.000+0000,1445960.075343256,1445960.075343256,999999.9999999999
2025-04-01T11:30:00.000+0000,1445960.075343256,1445960.075343256,999999.9999999999
2025-04-01T11:40:00.000+0000,1445960.075343256,1445960.075343256,999999.9999999999
2025-04-01T11:50:00.000+0000,1445960.075343256,1445960.075343256,999999.9999999999
2025-04-01T12:00:00.000+0000,1445960.075343256,1445960.075343256,999999.9999999999
2025-04-01T12:10:00.000+0000,1445960.075343256,1445960.075343256,999999.9999999999
2025-04-01T12:20:00.000+0000,1445960.075343256,1445960.075343256,999999.9999999999
2025-04-01T12:30:00.000+0000,1445960.075343256,1445960.075343256,999999.9999999999
2025-04-01T12:40:00.000+0000,1445960.075343256,1445960.075343256,999999.9999999999
2025-04-01T12:50:00.000+0000,1445960.075343256,1445960.075343256,999999.9999999999
2025-04-01T13:00:00.000+0000,1445960.075343256,1445960.075343256,999999.9999999999
2025-04-01T13:10:00.000+0000,1445960.075343256,1445960.075343256,999999.9999999999
2025-04-01T13:20:00.000+0000,1445960.075343256,1445960.075343256,999999.9999999999
2025-04-01T13:30:00.000+0000,1445960.075343256,1445960.075343256,999999.9999999999
2025-04-01T13:40:00.000+0000,1445960.075343256,1445960.075343256,999999.9999999999
2025-04-01T13:50:00.000+0000,1445960.075343256,1445960.075343256,999999.9999999999
2025-04-01T14:00:00.000+0000,1445960.075343256,1445960.075343256,999999.9999999999
2025-04-01T14:10:00.000+0000,1445960.075343256,1445960.075343256,999999.9999999999
2025-04-01T14:20:00.000+0000,1445960.075343256,1445960.075343256,999999.9999999999
2025-04-01T14:30:00.000+0000,1445960.075343256,1445960.075343256,999999.9999999999
2025-04-01T14:40:00.000+0000,1445960.075343256,1445960.075343256,999999.9999999999
2025-04-01T14:50:00.000+0000,1445960.075343256,1445960.075343256,999999.9999999999
2025-04-01T15:00:00.000+0000,1445960.075343256,1445960.075343256,999999.9999999999
2025-04-01T15:10:00.000+0000,1445960.075343256,1445960.075343256,999999.9999999999
2025-04-01T15:20:00.000+0000,1445960.075343256,1445960.075343256,999999.9999999999
2025-04-01T15:30:00.000+0000,1445960.075343256,1445960.075343256,999999.9999999999
2025-04-01T15:40:00.000+0000,1445960.075343256,1445960.075343256,999999.9999999999
2025-04-01T15:50:00.000+0000,1445960.075343256,1445960.075343256,999999.9999999999
2025-04-01T16:00:00.000+0000,1445960.075343256,1445960.075343256,999999.9999999999
2025-04-01T16:10:00.000+0000,1445960.075343256,1445960.075343256,999999.9999999999
2025-04-01T16:20:00.000+0000,1445960.075343256,1445960.075343256,999999.9999999999
2025-04-01T16:30:00.000+0000,1445960.075343256,1445960.075343256,999999.9999999999
2025-04-01T16:40:00.000+0000,1445960.075343256,1445960.075343256,999999.9999999999
2025-04-01T16:50:00.000+0000,1445960.075343256,1445960.075343256,999999.9999999999
2025-04-01T17:00:00.000+0000,1445960.075343256,1445960.075343256,999999.9999999999
2025-04-01T17:10:00.000+0000,1445960.075343256,1445960.075343256,999999.9999999999
2025-04-01T17:20:00.000+0000,1445960.075343256,1445960.075343256,999999.9999999999
2025-04-01T17:30:00.000+0000,1445960.075343256,1445960.075343256,999999.9999999999
2025-04-01T17:40:00.000+0000,1445960.075343256,1445960.075343256,999999.9999999999
2025-04-01T17:50:00.000+0000,1445960.075343256,1445960.075343256,999999.9999999999
2025-04-01T18:00:00.000+0000,1445960.075343256,1445960.075343256,999999.9999999999
2025-04-01T18:10:00.000+0000,1445960.075343256,1445960.075343256,999999.9999999999
2025-04-01T18:20:00.000+0000,1445960.075343256,1445960.075343256,999999.9999999999
2025-04-01T18:30:00.000+0000,1445960.075343256,1445960.075343256,999999.9999999999
2025-04-01T18:40:00.000+0000,1445960.075343256,1445960.075343256,999999.9999999999
2025-04-01T18:50:00.000+0000,1445960.075343256,1445960.075343256,999999.9999999999
2025-04-01T19:00:00.000+0000,1445960.075343256,1445960.075343256,999999.9999999999
2025-04-01T19:10:00.000+0000,1445960.075343256,1445960.075343256,999999.9999999999
2025-04-01T19:20:00.000+0000,1445960.075343256,1445960.075343256,999999.9999999999
2025-04-01T19:30:00.000+0000,1445960.075343256,1445960.075343256,999999.9999999999
2025-04-01T19:40:00.000+0000,1445960.075343256,1445960.075343256,999999.9999999999
2025-04-01T19:50:00.000+0000,1445960.075343256,1445960.075343256,999999.9999999999
2025-04-01T20:00:00.000+0000,1445960.075343256,1445960.075343256,999999.9999999999
2025-04-01T20:10:00.000+0000,1445960.075343256,1445960.075343256,999999.9999999999
2025-04-01T20:20:00.000+0000,1445960.075343256,1445960.075343256,999999.9999999999
2025-04-01T20:30:00.000+0000,1445960.075343256,1445960.075343256,999999.9999999999
2025-04-01T20:40:00.000+0000,1445960.075343256,1445960.075343256,999999.9999999999
2025-04-01T20:50:00.000+0000,1445960.075343256,1445960.075343256,999999.9999999999
2025-04-01T21:00:00.000+0000,1445960.075343256,1445960.075343256,999999.9999999999
2025-04-01T21:10:00.000+0000,1445960.075343256,1445960.075343256,999999.9999999999
2025-04-01T21:20:00.000+0000,1445960.075343256,1445960.075343256,999999.9999999999
2025-04-01T21:30:00.000+0000,1445960.075343256,1445960.075343256,999999.9999999999
2025-04-01T21:40:00.000+0000,1445960.075343256,1445960.075343256,999999.9999999999
2025-04-01T21:50:00.000+0000,1445960.075343256,1445960.075343256,999999.9999999999
2025-04-01T22:00:00.000+0000,1445960.075343256,1445960.075343256,999999.9999999999
2025-04-01T22:10:00.000+0000,1445960.075343256,1445960.075343256,999999.9999999999
2025-04-01T22:20:00.000+0000,1445960.075343256,1445960.075343256,999999.9999999999
2025-04-01T22:30:00.000+0000,1445960.075343256,1445960.075343256,999999.9999999999
2025-04-01T22:40:00.000+0000,1445960.075343256,1445960.075343256,999999.9999999999
2025-04-01T22:50:00.000+0000,1445960.075343256,1445960.075343256,999999.9999999999
2025-04-01T23:00:00.000+0000,1445960.075343256,1445960.075343256,999999.9999999999
2025-04-01T23:10:00.000+0000,1445960.075343256,1445960.075343256,999999.9999999999
2025-04-01T23:20:00.000+0000,1445960.075343256,1445960.075343256,999999.9999999999
2025-04-01T23:30:00.000+0000,1445960.075343256,1445960.075343256,999999.9999999999
2025-04-01T23:40:00.000+0000,1445960.075343256,1445960.075343256,999999.9999999999
2025-04-01T23:50:00.000+0000,1445960.075343256,1445960.075343256,999999.9999999999
2025-04-02T00:00:00.000+0000,1445960.075343256,1445960.075343256,999999.9999999999
2025-04-02T00:10:00.000+0000,1445960.075343256,1445960.075343256,999999.9999999999
2025-04-02T00:20:00.000+0000,1445960.075343256,1445960.075343256,999999.9999999999
2025-04-02T00:30:00.000+0000,1445960.075343256,1445960.075343256,999999.9999999999
2025-04-02T00:40:00.000+0000,1445960.075343256,1445960.075343256,999999.9999999999
2025-04-02T00:50:00.000+0000,1445960.075343256,1445960.075343256,999999.9999999999
2025-04-02T01:00:00.000+0000,1445960.075343256,1445960.075343256,999999.9999999999
2025-04-02T01:10:00.000+0000,1445960.075343256,1445960.075343256,999999.9999999999
2025-04-02T01:20:00.000+0000,1445960.075343256,1445960.075343256,999999.9999999999
2025-04-02T01:30:00.000+0000,1445960.075343256,1445960.075343256,999999.9999999999
2025-04-02T01:40:00.000+0000,1445960.075343256,1445960.075343256,999999.9999999999
2025-04-02T01:50:00.000+0000,1445960.075343256,1445960.075343256,999999.9999999999
2025-04-02T02:00:00.000+0000,1445960.075343256,1445960.075343256,999999.9999999999
2025-04-02T02:10:00.000+0000,1445960.075343256,1445960.075343256,999999.9999999999
2025-04-02T02:20:00.000+0000,1445960.075343256,1445960.075343256,999999.9999999999
2025-04-02T02:30:00.000+0000,1445960.075343256,1445960.075343256,999999.9999999999
2025-04-02T02:40:00.000+0000,1445960.075343256,1445960.075343256,999999.9999999999
2025-04-02T02:50:00.000+0000,1445960.075343256,1445960.075343256,999999.9999999999
2025-04-02T03:00:00.000+0000,1445960.075343256,1445960.075343256,999999.9999999999
2025-04-02T03:10:00.000+0000,1445960.075343256,1445960.075343256,999999.9999999999
2025-04-02T03:20:00.000+0000,1445960.075343256,1445960.075343256,999999.9999999999
2025-04-02T03:30:00.000+0000,1445960.075343256,1445960.075343256,999999.9999999999
2025-04-02T03:40:00.000+0000,1445960.075343256,1445960.075343256,999999.9999999999
2025-04-02T03:50:00.000+0000,1445960.075343256,1445960.075343256,999999.9999999999
2025-04-02T04:00:00.000+0000,1445960.075343256,1445960.075343256,999999.9999999999
2025-04-02T04:10:00.000+0000,1445960.075343256,1445960.075343256,999999.9999999999
2025-04-02T04:20:00.000+0000,1445960.075343256,1445960.075343256,999999.9999999999
2025-04-02T04:30:00.000+0000,1445960.075343256,1445960.075343256,999999.9999999999
2025-04-02T04:40:00.000+0000,1445960.075343256,1445960.075343256,999999.9999999999
2025-04-02T04:50:00.000+0000,1445960.075343256,1445960.075343256,999999.9999999999
2025-04-02T05:00:00.000+0000,1445960.075343256,1445960.075343256,999999.9999999999
2025-04-02T05:10:00.000+0000,1445960.075343256,1445960.075343256,999999.9999999999
2025-04-02T05:20:00.000+0000,1445960.075343256,1445960.075343256,999999.9999999999
2025-04-02T05:30:00.000+0000,1445960.075343256,1445960.075343256,999999.9999999999
2025-04-02T05:40:00.000+0000,1445960.075343256,1445960.075343256,999999.9999999999
2025-04-02T05:50:00.000+0000,1445960.075343256,1445960.075343256,999999.9999999999
2025-04-02T06:00:00.000+0000,1445960.075343256,1445960.075343256,999999.9999999999
2025-04-02T06:10:00.000+0000,1445960.075343256,1445960.075343256,999999.9999999999
2025-04-02T06:20:00.000+0000,1445960.075343256,1445960.075343256,999999.9999999999
2025-04-02T06:30:00.000+0000,1445960.075343256,1445960.075343256,999999.9999999999
2025-04-02T06:40:00.000+0000,1445960.075343256,1445960.075343256,999999.9999999999
2025-04-02T06:50:00.000+0000,1445960.075343256,1445960.075343256,999999.9999999999
2025-04-02T07:00:00.000+0000,1445960.075343256,1445960.075343256,999999.9999999999
2025-04-02T07:10:00.000+0000,1445960.075343256,1445960.075343256,999999.9999999999
2025-04-02T07:20:00.000+0000,1445960.075343256,1445960.075343256,999999.9999999999
2025-04-02T07:30:00.000+0000,1445960.075343256,1445960.075343256,999999.9999999999
2025-04-02T07:40:00.000+0000,1445960.075343256,1445960.075343256,999999.9999999999
2025-04-02T07:50:00.000+0000,1445960.075343256,1445960.075343256,999999.9999999999
2025-04-02T08:00:00.000+0000,1445960.075343256,1445960.075343256,999999.9999999999
2025-04-02T08:10:00.000+0000,1445960.075343256,1445960.075343256,999999.9999999999
2025-04-02T08:20:00.000+0000,1445960.075343256,1445960.075343256,999999.9999999999
2025-04-02T08:30:00.000+0000,1445960.075343256,1445960.075343256,999999.9999999999
2025-04-02T08:40:00.000+0000,1445960.075343256,1445960.075343256,999999.9999999999
2025-04-02T08:50:00.000+0000,1445960.075343256,1445960.075343256,999999.9999999999
2025-04-02T09:00:00.000+0000,1445960.075343256,1445960.075343256,999999.9999999999
2025-04-02T09:10:00.000+0000,1445960.075343256,1445960.075343256,999999.9999999999
2025-04-02T09:20:00.000+0000,1445960.075343256,1445960.075343256,999999.9999999999
2025-04-02T09:30:00.000+0000,1445960.075343256,1445960.075343256,999999.9999999999
2025-04-02T09:40:00.000+0000,1445960.075343256,1445960.075343256,999999.9999999999
2025-04-02T09:50:00.000+0000,1445960.075343256,1445960.075343256,999999.9999999999
2025-04-02T10:00:00.000+0000,1445960.075343256,1445960.075343256,999999.9999999999
2025-04-02T10:10:00.000+0000,1445960.075343256,1445960.075343256,999999.9999999999
2025-04-02T10:20:00.000+0000,1445960.075343256,1445960.075343256,999999.9999999999
2025-04-02T10:30:00.000+0000,1445960.075343256,1445960.075343256,999999.9999999999
2025-04-02T10:40:00.000+0000,1445960.075343256,1445960.075343256,999999.9999999999
2025-04-02T10:50:00.000+0000,1445960.075343256,1445960.075343256,999999.9999999999
2025-04-02T11:00:00.000+0000,1445960.075343256,1445960.075343256,999999.9999999999
2025-04-02T11:10:00.000+0000,1445960.075343256,1445960.075343256,999999.9999999999
2025-04-02T11:20:00.000+0000,1445960.075343256,1445960.075343256,999999.9999999999
2025-04-02T11:30:00.000+0000,1445960.075343256,1445960.075343256,999999.9999999999
2025-04-02T11:40:00.000+0000,1445960.075343256,1445960.075343256,999999.9999999999
2025-04-02T11:50:00.000+0000,1445960.075343256,1445960.075343256,999999.9999999999
2025-04-02T12:00:00.000+0000,1445960.075343256,1445960.075343256,999999.9999999999
2025-04-02T12:10:00.000+0000,1445960.075343256,1445960.075343256,999999.9999999999
2025-04-02T12:20:00.000+0000,1445960.075343256,1445960.075343256,999999.9999999999
2025-04-02T12:30:00.000+0000,1445960.075343256,1445960.075343256,999999.9999999999
2025-04-02T12:40:00.000+0000,1445960.075343256,1445960.075343256,999999.9999999999
2025-04-02T12:50:00.000+0000,1445960.075343256,1445960.075343256,999999.9999999999
2025-04-02T13:00:00.000+0000,1445960.075343256,1445960.075343256,999999.9999999999
2025-04-02T13:10:00.000+0000,1445960.075343256,1445960.075343256,999999.9999999999
2025-04-02T13:20:00.000+0000,1445960.075343256,1445960.075343256,999999.9999999999
2025-04-02T13:30:00.000+0000,1445960.075343256,1445960.075343256,999999.9999999999
2025-04-02T13:40:00.000+0000,1445960.075343256,1445960.075343256,999999.9999999999
2025-04-02T13:50:00.000+0000,1445960.075343256,1445960.075343256,999999.9999999999
2025-04-02T14:00:00.000+0000,1445960.075343256,1445960.075343256,999999.9999999999
2025-04-02T14:10:00.000+0000,1445960.075343256,1445960.075343256,999999.9999999999
2025-04-02T14:20:00.000+0000,1445960.075343256,1445960.075343256,999999.9999999999
2025-04-02T14:30:00.000+0000,1445960.075343256,1445960.075343256,999999.9999999999
2025-04-02T14:40:00.000+0000,1445960.075343256,1445960.075343256,999999.9999999999
2025-04-02T14:50:00.000+0000,1445960.075343256,1445960.075343256,999999.9999999999
2025-04-02T15:00:00.000+0000,1445960.075343256,1445960.075343256,999999.9999999999
2025-04-02T15:10:00.000+0000,1444902.579943992,124090.82626325567,999999.9999999999
2025-04-02T15:20:00.000+0000,1449123.025084632,124090.82626325567,999999.9999999999
2025-04-02T15:30:00.000+0000,1417329.0050251437,124090.82626325567,999999.9999999999
2025-04-02T15:40:00.000+0000,1410763.868139704,124090.82626325567,999999.9999999999
2025-04-02T15:50:00.000+0000,1424269.2925897518,124090.82626325567,999999.9999999999
2025-04-02T16:00:00.000+0000,1425300.9569574639,124090.82626325567,999999.9999999999
2025-04-02T16:10:00.000+0000,1432522.607531448,124090.82626325567,999999.9999999999
2025-04-02T16:20:00.000+0000,1431397.1554939437,124090.82626325567,999999.9999999999
2025-04-02T16:30:00.000+0000,1439650.4704356398,124090.82626325567,999999.9999999999
2025-04-02T16:40:00.000+0000,1443495.7648971118,124090.82626325567,999999.9999999999
2025-04-02T16:50:00.000+0000,1441432.4361616878,124090.82626325567,999999.9999999999
2025-04-02T17:00:00.000+0000,1438993.9567470958,124090.82626325567,999999.9999999999
2025-04-02T17:10:00.000+0000,1444527.429264824,124090.82626325567,999999.9999999999
2025-04-02T17:20:00.000+0000,1453812.408574232,124090.82626325567,999999.9999999999
2025-04-02T17:30:00.000+0000,1463753.9015721842,124090.82626325567,999999.9999999999
2025-04-02T17:40:00.000+0000,1469943.8877784559,124090.82626325567,999999.9999999999
2025-04-02T17:50:00.000+0000,1467692.9837034477,124090.82626325567,999999.9999999999
2025-04-02T18:00:00.000+0000,1463941.4769117679,124090.82626325567,999999.9999999999
2025-04-02T18:10:00.000+0000,1472288.579523256,124090.82626325567,999999.9999999999
2025-04-02T18:20:00.000+0000,1464597.990600312,124090.82626325567,999999.9999999999
2025-04-02T18:30:00.000+0000,1462816.024874264,124090.82626325567,999999.9999999999
2025-04-02T18:40:00.000+0000,1462065.7235159278,124090.82626325567,999999.9999999999
2025-04-02T18:50:00.000+0000,1468255.7097221997,124090.82626325567,999999.9999999999
2025-04-02T19:00:00.000+0000,1477259.3260222317,124090.82626325567,999999.9999999999
2025-04-02T19:10:00.000+0000,1493203.229886872,124090.82626325567,999999.9999999999
2025-04-02T19:20:00.000+0000,1490389.5997931117,124090.82626325567,999999.9999999999
2025-04-02T19:30:00.000+0000,1487200.819020184,124090.82626325567,999999.9999999999
2025-04-02T19:40:00.000+0000,1480354.3191253678,124090.82626325567,999999.9999999999
2025-04-02T19:50:00.000+0000,1473601.606900344,124090.82626325567,1001463.2053029134
2025-04-02T20:00:00.000+0000,1475946.2986451439,124090.82626325567,1000958.7793212394
2025-04-02T20:10:00.000+0000,1429802.7651074799,124090.82626325567,993353.4788388573
2025-04-02T20:20:00.000+0000,1462628.44953468,124090.82626325567,993872.5162567087
2025-04-02T20:30:00.000+0000,1492640.5038681198,124090.82626325567,984967.5449864719
2025-04-02T20:40:00.000+0000,1510929.09947756,124090.82626325567,981511.091497816
2025-04-02T20:50:00.000+0000,1513555.154231736,124090.82626325567,986253.8179126799
2025-04-02T21:00:00.000+0000,1524059.37324844,124090.82626325567,973386.3322957599
2025-04-02T21:10:00.000+0000,1540284.6401224558,124090.82626325567,970312.7145460143
2025-04-02T21:20:00.000+0000,1540284.6401224558,1540284.6401224558,970597.3332766711
2025-04-02T21:30:00.000+0000,1540284.6401224558,1540284.6401224558,971617.6570077213
2025-04-02T21:40:00.000+0000,1540284.6401224558,1540284.6401224558,972084.3753174548
2025-04-02T21:50:00.000+0000,1540284.6401224558,1540284.6401224558,971211.8749612357
2025-04-02T22:00:00.000+0000,1540284.6401224558,1540284.6401224558,963377.4803449803
2025-04-02T22:10:00.000+0000,1540284.6401224558,1540284.6401224558,951625.2547867014
2025-04-02T22:20:00.000+0000,1540284.6401224558,1540284.6401224558,950040.5750163066
2025-04-02T22:30:00.000+0000,1540284.6401224558,1540284.6401224558,944669.6351687831
2025-04-02T22:40:00.000+0000,1540284.6401224558,1540284.6401224558,937923.1171490375
2025-04-02T22:50:00.000+0000,1540284.6401224558,1540284.6401224558,936726.5769144958
2025-04-02T23:00:00.000+0000,1540284.6401224558,1540284.6401224558,933103.1571837286
2025-04-02T23:10:00.000+0000,1540284.6401224558,1540284.6401224558,932498.0932778644
2025-04-02T23:20:00.000+0000,1540284.6401224558,1540284.6401224558,933348.5387049417
2025-04-02T23:30:00.000+0000,1540284.6401224558,1540284.6401224558,937188.5469894563
2025-04-02T23:40:00.000+0000,1540284.6401224558,1540284.6401224558,936001.556363288
2025-04-02T23:50:00.000+0000,1540284.6401224558,1540284.6401224558,932480.3521445044
2025-04-03T00:00:00.000+0000,1540284.6401224558,1540284.6401224558,928203.5536536102
2025-04-03T00:10:00.000+0000,1540284.6401224558,1540284.6401224558,935684.8305289027
2025-04-03T00:20:00.000+0000,1540284.6401224558,1540284.6401224558,941031.0799726079
2025-04-03T00:30:00.000+0000,1540284.6401224558,1540284.6401224558,942645.652968953
2025-04-03T00:40:00.000+0000,1540284.6401224558,1540284.6401224558,943084.8460262935
2025-04-03T00:50:00.000+0000,1540284.6401224558,1540284.6401224558,942224.5990682694
2025-04-03T01:00:00.000+0000,1540284.6401224558,1540284.6401224558,944439.3043697766
2025-04-03T01:10:00.000+0000,1540284.6401224558,1540284.6401224558,945167.9973739617
2025-04-03T01:20:00.000+0000,1540284.6401224558,1540284.6401224558,944300.9252466105
2025-04-03T01:30:00.000+0000,1540284.6401224558,1540284.6401224558,946376.9056731126
2025-04-03T01:40:00.000+0000,1540284.6401224558,1540284.6401224558,946649.6167752726
2025-04-03T01:50:00.000+0000,1540284.6401224558,1540284.6401224558,948112.4235004545
2025-04-03T02:00:00.000+0000,1540284.6401224558,1540284.6401224558,947675.118404485
2025-04-03T02:10:00.000+0000,1540284.6401224558,1540284.6401224558,945134.4054385556
2025-04-03T02:20:00.000+0000,1540284.6401224558,1540284.6401224558,944974.6663687371
2025-04-03T02:30:00.000+0000,1540284.6401224558,1540284.6401224558,946212.2808708625
2025-04-03T02:40:00.000+0000,1540284.6401224558,1540284.6401224558,948642.674673182
2025-04-03T02:50:00.000+0000,1540284.6401224558,1540284.6401224558,949832.6681946653
2025-04-03T03:00:00.000+0000,1540284.6401224558,1540284.6401224558,948965.2803458408
2025-04-03T03:10:00.000+0000,1540284.6401224558,1540284.6401224558,948451.2589768169
2025-04-03T03:20:00.000+0000,1540284.6401224558,1540284.6401224558,950261.9404491072
2025-04-03T03:30:00.000+0000,1540284.6401224558,1540284.6401224558,948492.93119603
2025-04-03T03:40:00.000+0000,1540284.6401224558,1540284.6401224558,947368.4677995713
2025-04-03T03:50:00.000+0000,1540284.6401224558,1540284.6401224558,947565.950143232
2025-04-03T04:00:00.000+0000,1540284.6401224558,1540284.6401224558,946994.1090888327
2025-04-03T04:10:00.000+0000,1540284.6401224558,1540284.6401224558,947703.2255648207
2025-04-03T04:20:00.000+0000,1540284.6401224558,1540284.6401224558,946797.8298832697
2025-04-03T04:30:00.000+0000,1540284.6401224558,1540284.6401224558,946381.8954476025
2025-04-03T04:40:00.000+0000,1540284.6401224558,1540284.6401224558,949358.5139218825
2025-04-03T04:50:00.000+0000,1540284.6401224558,1540284.6401224558,951422.6239850922
2025-04-03T05:00:00.000+0000,1540284.6401224558,1540284.6401224558,951283.7557279575
2025-04-03T05:10:00.000+0000,1540284.6401224558,1540284.6401224558,950358.4508856803
2025-04-03T05:20:00.000+0000,1540284.6401224558,1540284.6401224558,948773.6478279468
2025-04-03T05:30:00.000+0000,1540284.6401224558,1540284.6401224558,947242.227909044
2025-04-03T05:40:00.000+0000,1540284.6401224558,1540284.6401224558,946976.8316288964
2025-04-03T05:50:00.000+0000,1540284.6401224558,1540284.6401224558,944646.960252702
2025-04-03T06:00:00.000+0000,1540284.6401224558,1540284.6401224558,944745.5706429962
2025-04-03T06:10:00.000+0000,1540284.6401224558,1540284.6401224558,943428.900350616
2025-04-03T06:20:00.000+0000,1540284.6401224558,1540284.6401224558,944042.700683563
2025-04-03T06:30:00.000+0000,1540284.6401224558,1540284.6401224558,942883.1693824444
2025-04-03T06:40:00.000+0000,1540284.6401224558,1540284.6401224558,943076.2687835272
2025-04-03T06:50:00.000+0000,1540284.6401224558,1540284.6401224558,939845.6457484326
2025-04-03T07:00:00.000+0000,1540284.6401224558,1540284.6401224558,941201.9764925995
2025-04-03T07:10:00.000+0000,1540284.6401224558,1540284.6401224558,939242.9205816938
2025-04-03T07:20:00.000+0000,1540284.6401224558,1540284.6401224558,938927.6736945154
2025-04-03T07:30:00.000+0000,1540284.6401224558,1540284.6401224558,940916.0658473982
2025-04-03T07:40:00.000+0000,1540284.6401224558,1540284.6401224558,940016.4535276953
2025-04-03T07:50:00.000+0000,1540284.6401224558,1540284.6401224558,940363.9959016326
2025-04-03T08:00:00.000+0000,1540284.6401224558,1540284.6401224558,943870.0169533708
2025-04-03T08:10:00.000+0000,1540284.6401224558,1540284.6401224558,943881.3855999601
2025-04-03T08:20:00.000+0000,1540284.6401224558,1540284.6401224558,943632.590559541
2025-04-03T08:30:00.000+0000,1540284.6401224558,1540284.6401224558,943685.817992866
2025-04-03T08:40:00.000+0000,1540284.6401224558,1540284.6401224558,945250.8094573086
2025-04-03T08:50:00.000+0000,1540284.6401224558,1540284.6401224558,944416.0497099134
2025-04-03T09:00:00.000+0000,1540284.6401224558,1540284.6401224558,944194.6694945002
2025-04-03T09:10:00.000+0000,1540284.6401224558,1540284.6401224558,943370.2371406493
2025-04-03T09:20:00.000+0000,1540284.6401224558,1540284.6401224558,942844.5123462052
2025-04-03T09:30:00.000+0000,1540284.6401224558,1540284.6401224558,943786.5762800185
2025-04-03T09:40:00.000+0000,1540284.6401224558,1540284.6401224558,942410.6582761459
2025-04-03T09:50:00.000+0000,1540284.6401224558,1540284.6401224558,939918.9843456827
2025-04-03T10:00:00.000+0000,1540284.6401224558,1540284.6401224558,940321.3547599057
2025-04-03T10:10:00.000+0000,1540284.6401224558,1540284.6401224558,941012.2744420241
2025-04-03T10:20:00.000+0000,1540284.6401224558,1540284.6401224558,935275.7444696531
2025-04-03T10:30:00.000+0000,1540284.6401224558,1540284.6401224558,932768.122187567
2025-04-03T10:40:00.000+0000,1540284.6401224558,1540284.6401224558,930521.4092367103
2025-04-03T10:50:00.000+0000,1540284.6401224558,1540284.6401224558,930881.8249422061
2025-04-03T11:00:00.000+0000,1540284.6401224558,1540284.6401224558,929015.1382886532
2025-04-03T11:10:00.000+0000,1540284.6401224558,1540284.6401224558,932107.1804031652
2025-04-03T11:20:00.000+0000,1540284.6401224558,1540284.6401224558,930868.3719025833
2025-04-03T11:30:00.000+0000,1540284.6401224558,1540284.6401224558,930766.9306791007
2025-04-03T11:40:00.000+0000,1540284.6401224558,1540284.6401224558,930393.8512287363
2025-04-03T11:50:00.000+0000,1540284.6401224558,1540284.6401224558,929905.9999888127
2025-04-03T12:00:00.000+0000,1540284.6401224558,1540284.6401224558,928741.7461549654
2025-04-03T12:10:00.000+0000,1540284.6401224558,1540284.6401224558,929466.3132634006
2025-04-03T12:20:00.000+0000,1540284.6401224558,1540284.6401224558,925003.9095082604
2025-04-03T12:30:00.000+0000,1540284.6401224558,1540284.6401224558,923710.5509049452
2025-04-03T12:40:00.000+0000,1540284.6401224558,1540284.6401224558,911107.7429585059
2025-04-03T12:50:00.000+0000,1540284.6401224558,1540284.6401224558,913364.9427822994
2025-04-03T13:00:00.000+0000,1540284.6401224558,1540284.6401224558,912343.014670402
2025-04-03T13:10:00.000+0000,1540284.6401224558,1540284.6401224558,914541.9220136141
2025-04-03T13:20:00.000+0000,1540284.6401224558,1540284.6401224558,913836.3471912085
2025-04-03T13:30:00.000+0000,1540284.6401224558,1540284.6401224558,919711.6542921839
2025-04-03T13:40:00.000+0000,1540284.6401224558,1540284.6401224558,920917.1976054177
2025-04-03T13:50:00.000+0000,1540284.6401224558,1540284.6401224558,922874.9150090104
2025-04-03T14:00:00.000+0000,1540284.6401224558,1540284.6401224558,915727.1367333832
2025-04-03T14:10:00.000+0000,1540284.6401224558,1540284.6401224558,913613.9704821522
2025-04-03T14:20:00.000+0000,1540284.6401224558,1540284.6401224558,915238.3576100371
2025-04-03T14:30:00.000+0000,1540284.6401224558,1540284.6401224558,914049.9177898106
2025-04-03T14:40:00.000+0000,1540284.6401224558,1540284.6401224558,911319.6022991197
2025-04-03T14:50:00.000+0000,1540284.6401224558,1540284.6401224558,908474.1258222787
2025-04-03T15:00:00.000+0000,1540284.6401224558,1540284.6401224558,910314.5129155633
2025-04-03T15:10:00.000+0000,1540284.6401224558,1540284.6401224558,911701.02231743
2025-04-03T15:20:00.000+0000,1540284.6401224558,1540284.6401224558,915061.1031086706
2025-04-03T15:30:00.000+0000,1540284.6401224558,1540284.6401224558,917946.977096312
2025-04-03T15:40:00.000+0000,1540284.6401224558,1540284.6401224558,917977.861172934
2025-04-03T15:50:00.000+0000,1540284.6401224558,1540284.6401224558,916374.258039665
2025-04-03T16:00:00.000+0000,1540284.6401224558,1540284.6401224558,920828.1756984277
2025-04-03T16:10:00.000+0000,1540284.6401224558,1540284.6401224558,920100.4076354298
2025-04-03T16:20:00.000+0000,1540284.6401224558,1540284.6401224558,921586.0237963982
2025-04-03T16:30:00.000+0000,1540284.6401224558,1540284.6401224558,919183.5291238743
2025-04-03T16:40:00.000+0000,1540284.6401224558,1540284.6401224558,917912.2080199287
2025-04-03T16:50:00.000+0000,1540284.6401224558,1540284.6401224558,915577.967911476
2025-04-03T17:00:00.000+0000,1540284.6401224558,1540284.6401224558,916862.8047807944
2025-04-03T17:10:00.000+0000,1540284.6401224558,1540284.6401224558,916413.7675794072
2025-04-03T17:20:00.000+0000,1540284.6401224558,1540284.6401224558,915069.271578772
2025-04-03T17:30:00.000+0000,1540284.6401224558,1540284.6401224558,914910.6946615363
2025-04-03T17:40:00.000+0000,1540284.6401224558,1540284.6401224558,919169.3408764633
2025-04-03T17:50:00.000+0000,1540284.6401224558,1540284.6401224558,918705.7171628682
2025-04-03T18:00:00.000+0000,1540284.6401224558,1540284.6401224558,917662.1935026493
2025-04-03T18:10:00.000+0000,1540284.6401224558,1540284.6401224558,916755.8080435775
2025-04-03T18:20:00.000+0000,1540284.6401224558,1540284.6401224558,916794.3087663004
2025-04-03T18:30:00.000+0000,1540284.6401224558,1540284.6401224558,918514.3443746794
2025-04-03T18:40:00.000+0000,1540284.6401224558,1540284.6401224558,923958.2479046171
2025-04-03T18:50:00.000+0000,1540284.6401224558,1540284.6401224558,923038.805765917
2025-04-03T19:00:00.000+0000,1540284.6401224558,1540284.6401224558,923827.1300173549
2025-04-03T19:10:00.000+0000,1540284.6401224558,1540284.6401224558,922379.4091332825
2025-04-03T19:20:00.000+0000,1540284.6401224558,1540284.6401224558,922683.0244247138
2025-04-03T19:30:00.000+0000,1540284.6401224558,1540284.6401224558,922084.1081176009
2025-04-03T19:40:00.000+0000,1540284.6401224558,1540284.6401224558,923962.6067370179
2025-04-03T19:50:00.000+0000,1540284.6401224558,1540284.6401224558,923868.3350843333
2025-04-03T20:00:00.000+0000,1540284.6401224558,1540284.6401224558,922830.1447862829
2025-04-03T20:10:00.000+0000,1540284.6401224558,1540284.6401224558,923491.2977849599
2025-04-03T20:20:00.000+0000,1540284.6401224558,1540284.6401224558,922134.2669697667
2025-04-03T20:30:00.000+0000,1540284.6401224558,1540284.6401224558,922058.1532181622
2025-04-03T20:40:00.000+0000,1540284.6401224558,1540284.6401224558,923909.8987631027
2025-04-03T20:50:00.000+0000,1540284.6401224558,1540284.6401224558,928252.7896930317
2025-04-03T21:00:00.000+0000,1540284.6401224558,1540284.6401224558,929176.0208380666
2025-04-03T21:10:00.000+0000,1540284.6401224558,1540284.6401224558,929638.7284550399
2025-04-03T21:20:00.000+0000,1540284.6401224558,1540284.6401224558,931201.5733372746
2025-04-03T21:30:00.000+0000,1540284.6401224558,1540284.6401224558,929708.8564929457
2025-04-03T21:40:00.000+0000,1540284.6401224558,1540284.6401224558,929527.4824811583
2025-04-03T21:50:00.000+0000,1540284.6401224558,1540284.6401224558,932858.3888976153
2025-04-03T22:00:00.000+0000,1540284.6401224558,1540284.6401224558,933715.0636708336
2025-04-03T22:10:00.000+0000,1540284.6401224558,1540284.6401224558,934163.373730923
2025-04-03T22:20:00.000+0000,1540284.6401224558,1540284.6401224558,933402.1970627299
2025-04-03T22:30:00.000+0000,1540284.6401224558,1540284.6401224558,935237.2976995498
2025-04-03T22:40:00.000+0000,1540284.6401224558,1540284.6401224558,935137.7066356583
2025-04-03T22:50:00.000+0000,1540284.6401224558,1540284.6401224558,934581.1269633066
2025-04-03T23:00:00.000+0000,1540284.6401224558,1540284.6401224558,932096.9493159822
2025-04-03T23:10:00.000+0000,1540284.6401224558,1540284.6401224558,931120.8895568533
2025-04-03T23:20:00.000+0000,1540284.6401224558,1540284.6401224558,932300.2941038616
2025-04-03T23:30:00.000+0000,1540284.6401224558,1540284.6401224558,935762.7239072167
2025-04-03T23:40:00.000+0000,1540284.6401224558,1540284.6401224558,936008.5058395283
2025-04-03T23:50:00.000+0000,1540284.6401224558,1540284.6401224558,937960.9809916237
2025-04-04T00:00:00.000+0000,1540284.6401224558,1540284.6401224558,937004.2126061595
2025-04-04T00:10:00.000+0000,1540284.6401224558,1540284.6401224558,936721.4748256755
2025-04-04T00:20:00.000+0000,1540284.6401224558,1540284.6401224558,937695.842813596
2025-04-04T00:30:00.000+0000,1540284.6401224558,1540284.6401224558,938405.9316551914
2025-04-04T00:40:00.000+0000,1540284.6401224558,1540284.6401224558,935533.0218682801
2025-04-04T00:50:00.000+0000,1540284.6401224558,1540284.6401224558,933517.1540337261
2025-04-04T01:00:00.000+0000,1540284.6401224558,1540284.6401224558,933148.6212979357
2025-04-04T01:10:00.000+0000,1540284.6401224558,1540284.6401224558,934287.4015770394
2025-04-04T01:20:00.000+0000,1540284.6401224558,1540284.6401224558,934141.0697500088
2025-04-04T01:30:00.000+0000,1540284.6401224558,1540284.6401224558,932235.2755775384
2025-04-04T01:40:00.000+0000,1540284.6401224558,1540284.6401224558,932109.805441409
2025-04-04T01:50:00.000+0000,1540284.6401224558,1540284.6401224558,922991.1697254453
2025-04-04T02:00:00.000+0000,1540284.6401224558,1540284.6401224558,927330.3255302238
2025-04-04T02:10:00.000+0000,1540284.6401224558,1540284.6401224558,931302.3455218122
2025-04-04T02:20:00.000+0000,1540284.6401224558,1540284.6401224558,929655.1720308843
2025-04-04T02:30:00.000+0000,1540284.6401224558,1540284.6401224558,929669.41656514
2025-04-04T02:40:00.000+0000,1540284.6401224558,1540284.6401224558,928951.1434155385
2025-04-04T02:50:00.000+0000,1540284.6401224558,1540284.6401224558,927231.6591303023
2025-04-04T03:00:00.000+0000,1540284.6401224558,1540284.6401224558,926458.515050098
2025-04-04T03:10:00.000+0000,1540284.6401224558,1540284.6401224558,926430.4315169404
2025-04-04T03:20:00.000+0000,1540284.6401224558,1540284.6401224558,929415.2533208667
2025-04-04T03:30:00.000+0000,1540284.6401224558,1540284.6401224558,926247.4311604303
2025-04-04T03:40:00.000+0000,1540284.6401224558,1540284.6401224558,926908.0119273813
2025-04-04T03:50:00.000+0000,1540284.6401224558,1540284.6401224558,927487.1664891427
2025-04-04T04:00:00.000+0000,1540284.6401224558,1540284.6401224558,926338.6824880269
2025-04-04T04:10:00.000+0000,1540284.6401224558,1540284.6401224558,924962.7746612288
2025-04-04T04:20:00.000+0000,1540284.6401224558,1540284.6401224558,924499.4170805265
2025-04-04T04:30:00.000+0000,1540284.6401224558,1540284.6401224558,927232.8617318245
2025-04-04T04:40:00.000+0000,1540284.6401224558,1540284.6401224558,926555.3749945383
2025-04-04T04:50:00.000+0000,1540284.6401224558,1540284.6401224558,925551.0183595339
2025-04-04T05:00:00.000+0000,1540284.6401224558,1540284.6401224558,924777.8678582831
2025-04-04T05:10:00.000+0000,1540284.6401224558,1540284.6401224558,927671.6039756932
2025-04-04T05:20:00.000+0000,1540284.6401224558,1540284.6401224558,929156.7698597652
2025-04-04T05:30:00.000+0000,1540284.6401224558,1540284.6401224558,931536.0552398383
2025-04-04T05:40:00.000+0000,1540284.6401224558,1540284.6401224558,933590.1018960944
2025-04-04T05:50:00.000+0000,1540284.6401224558,1540284.6401224558,933465.2382968015
2025-04-04T06:00:00.000+0000,1540284.6401224558,1540284.6401224558,934372.528342911
2025-04-04T06:10:00.000+0000,1540284.6401224558,1540284.6401224558,934082.564445426
2025-04-04T06:20:00.000+0000,1540284.6401224558,1540284.6401224558,934976.9541075648
2025-04-04T06:30:00.000+0000,1540284.6401224558,1540284.6401224558,933386.1468332093
2025-04-04T06:40:00.000+0000,1540284.6401224558,1540284.6401224558,932801.8886086191
2025-04-04T06:50:00.000+0000,1540284.6401224558,1540284.6401224558,932460.6131053853
2025-04-04T07:00:00.000+0000,1540284.6401224558,1540284.6401224558,932463.8532120961
2025-04-04T07:10:00.000+0000,1540284.6401224558,1540284.6401224558,937169.5028971088
2025-04-04T07:20:00.000+0000,1540284.6401224558,1540284.6401224558,938863.7125006416
2025-04-04T07:30:00.000+0000,1540284.6401224558,1540284.6401224558,938999.573015423
2025-04-04T07:40:00.000+0000,1540284.6401224558,1540284.6401224558,940731.6207952152
2025-04-04T07:50:00.000+0000,1540284.6401224558,1540284.6401224558,944151.8924469823
2025-04-04T08:00:00.000+0000,1540284.6401224558,1540284.6401224558,944331.5610316761
2025-04-04T08:10:00.000+0000,1540284.6401224558,1540284.6401224558,946955.6047622875
2025-04-04T08:20:00.000+0000,1540284.6401224558,1540284.6401224558,948840.829910445
2025-04-04T08:30:00.000+0000,1540284.6401224558,1540284.6401224558,948065.4794823776
2025-04-04T08:40:00.000+0000,1540284.6401224558,1540284.6401224558,949434.7685249449
2025-04-04T08:50:00.000+0000,1540284.6401224558,1540284.6401224558,949589.3144131303
2025-04-04T09:00:00.000+0000,1540284.6401224558,1540284.6401224558,947681.0753667509
2025-04-04T09:10:00.000+0000,1540284.6401224558,1540284.6401224558,948959.4832030961
2025-04-04T09:20:00.000+0000,1540284.6401224558,1540284.6401224558,948766.2144049043
2025-04-04T09:30:00.000+0000,1540284.6401224558,1540284.6401224558,948344.8589752082
2025-04-04T09:40:00.000+0000,1540284.6401224558,1540284.6401224558,951672.8597687094
2025-04-04T09:50:00.000+0000,1540284.6401224558,1540284.6401224558,952602.4304279138
2025-04-04T10:00:00.000+0000,1540284.6401224558,1540284.6401224558,944457.9046691856
2025-04-04T10:10:00.000+0000,1540284.6401224558,1540284.6401224558,939087.1460055717
2025-04-04T10:20:00.000+0000,1540284.6401224558,1540284.6401224558,930905.8986499724
2025-04-04T10:30:00.000+0000,1540284.6401224558,1540284.6401224558,931325.3846390793
2025-04-04T10:40:00.000+0000,1540284.6401224558,1540284.6401224558,927401.964674145
2025-04-04T10:50:00.000+0000,1540284.6401224558,1540284.6401224558,923731.4924741515
2025-04-04T11:00:00.000+0000,1540284.6401224558,1540284.6401224558,922712.3107830344
2025-04-04T11:10:00.000+0000,1540284.6401224558,1540284.6401224558,921829.5832835839
2025-04-04T11:20:00.000+0000,1540284.6401224558,1540284.6401224558,915187.5528452463
2025-04-04T11:30:00.000+0000,1540284.6401224558,1540284.6401224558,915493.7387214443
2025-04-04T11:40:00.000+0000,1540284.6401224558,1540284.6401224558,916238.560447369
2025-04-04T11:50:00.000+0000,1540284.6401224558,1540284.6401224558,920713.0045173445
2025-04-04T12:00:00.000+0000,1540284.6401224558,1540284.6401224558,921878.6788652528
2025-04-04T12:10:00.000+0000,1540284.6401224558,1540284.6401224558,921500.8645587834
2025-04-04T12:20:00.000+0000,1540284.6401224558,1540284.6401224558,919500.3101183767
2025-04-04T12:30:00.000+0000,1540284.6401224558,1540284.6401224558,920549.3426638437
2025-04-04T12:40:00.000+0000,1540284.6401224558,1540284.6401224558,922229.112893326
2025-04-04T12:50:00.000+0000,1540284.6401224558,1540284.6401224558,924398.191605422
2025-04-04T13:00:00.000+0000,1540284.6401224558,1540284.6401224558,927556.010142419
2025-04-04T13:10:00.000+0000,1540284.6401224558,1540284.6401224558,926221.7032417362
2025-04-04T13:20:00.000+0000,1540284.6401224558,1540284.6401224558,924178.6586073645
2025-04-04T13:30:00.000+0000,1540284.6401224558,1540284.6401224558,920709.4658238565
2025-04-04T13:40:00.000+0000,1540284.6401224558,1540284.6401224558,919389.538012852
2025-04-04T13:50:00.000+0000,1540284.6401224558,1540284.6401224558,925682.0416394549
2025-04-04T14:00:00.000+0000,1540284.6401224558,1540284.6401224558,928444.3205566688
2025-04-04T14:10:00.000+0000,1540284.6401224558,1540284.6401224558,928120.3024185807
2025-04-04T14:20:00.000+0000,1540284.6401224558,1540284.6401224558,930259.4726391146
2025-04-04T14:30:00.000+0000,1540284.6401224558,1540284.6401224558,927779.921083811
2025-04-04T14:40:00.000+0000,1540284.6401224558,1540284.6401224558,922826.2952005002
2025-04-04T14:50:00.000+0000,1540284.6401224558,1540284.6401224558,921900.5797521913
2025-04-04T15:00:00.000+0000,1540284.6401224558,1540284.6401224558,935066.8552124827
2025-04-04T15:10:00.000+0000,1540284.6401224558,1540284.6401224558,942758.13316659
2025-04-04T15:20:00.000+0000,1540284.6401224558,1540284.6401224558,941624.6189540843
2025-04-04T15:30:00.000+0000,1540284.6401224558,1540284.6401224558,934756.8912850996
2025-04-04T15:40:00.000+0000,1540284.6401224558,1540284.6401224558,934334.0853288358
2025-04-04T15:50:00.000+0000,1540284.6401224558,1540284.6401224558,937231.5096835515
2025-04-04T16:00:00.000+0000,1540284.6401224558,1540284.6401224558,937757.7844507704
2025-04-04T16:10:00.000+0000,1540284.6401224558,1540284.6401224558,939214.734929139
2025-04-04T16:20:00.000+0000,1540284.6401224558,1540284.6401224558,934192.8552598319
2025-04-04T16:30:00.000+0000,1540284.6401224558,1540284.6401224558,935794.6650569297
2025-04-04T16:40:00.000+0000,1540284.6401224558,1540284.6401224558,938729.8359227988
2025-04-04T16:50:00.000+0000,1540284.6401224558,1540284.6401224558,943547.0816618535
2025-04-04T17:00:00.000+0000,1540284.6401224558,1540284.6401224558,943552.0349313549
2025-04-04T17:10:00.000+0000,1540284.6401224558,1540284.6401224558,940497.9518926397
2025-04-04T17:20:00.000+0000,1540284.6401224558,1540284.6401224558,944038.6213984409
2025-04-04T17:30:00.000+0000,1540284.6401224558,1540284.6401224558,947105.0897257556
2025-04-04T17:40:00.000+0000,1540284.6401224558,1540284.6401224558,954457.3126990942
2025-04-04T17:50:00.000+0000,1539318.1721979356,332199.7344724557,958212.966100578
2025-04-04T18:00:00.000+0000,1544656.3423426559,332199.7344724557,954706.5100375549
2025-04-04T18:10:00.000+0000,1550983.062514176,332199.7344724557,952171.6801472104
2025-04-04T18:20:00.000+0000,1569765.5130233755,332199.7344724557,951656.3334080423
2025-04-04T18:30:00.000+0000,1564427.3428786555,332199.7344724557,950584.4670215363
2025-04-04T18:40:00.000+0000,1556815.5076722957,332199.7344724557,951268.1128850161
2025-04-04T18:50:00.000+0000,1550587.642503456,332199.7344724557,951187.1307950346
2025-04-04T19:00:00.000+0000,1559781.1577526957,332199.7344724557,949653.4769214219
2025-04-04T19:10:00.000+0000,1569073.528004616,332199.7344724557,953845.759994601
2025-04-04T19:20:00.000+0000,1559978.8677580557,332199.7344724557,955068.7169150616
2025-04-04T19:30:00.000+0000,1557013.2176776556,332199.7344724557,955741.453253414
2025-04-04T19:40:00.000+0000,1552762.452562416,332199.7344724557,955103.8076152483
2025-04-04T19:50:00.000+0000,1545644.8923694557,332199.7344724557,953480.1176340133
2025-04-04T20:00:00.000+0000,1543470.082310496,332199.7344724557,954267.7715675731
2025-04-04T20:10:00.000+0000,1553059.0175704558,332199.7344724557,950335.9505088213
2025-04-04T20:20:00.000+0000,1558496.042717856,332199.7344724557,952005.543165794
2025-04-04T20:30:00.000+0000,1542382.6772810158,332199.7344724557,954871.5605235255
2025-04-04T20:40:00.000+0000,1533090.307029096,332199.7344724557,957585.364051792
2025-04-04T20:50:00.000+0000,1527455.5718763357,332199.7344724557,958800.4223732129
2025-04-04T21:00:00.000+0000,1529926.946943336,332199.7344724557,957611.2819632433
2025-04-04T21:10:00.000+0000,1524885.341806656,332199.7344724557,958435.8499278091
2025-04-04T21:20:00.000+0000,1521524.2717155358,332199.7344724557,957566.5945074799
2025-04-04T21:30:00.000+0000,1521820.8367235758,332199.7344724557,955962.9500936198
2025-04-04T21:40:00.000+0000,1529037.2519192158,332199.7344724557,959668.2484349161
2025-04-04T21:50:00.000+0000,1533584.5820424957,332199.7344724557,958059.4287879122
2025-04-04T22:00:00.000+0000,1531212.0619781758,332199.7344724557,957042.7999924312
2025-04-04T22:10:00.000+0000,1527554.426879016,332199.7344724557,958595.8508557754
2025-04-04T22:20:00.000+0000,1522018.5467289358,332199.7344724557,959817.0072230846
2025-04-04T22:30:00.000+0000,1529432.6719299357,332199.7344724557,958862.187619939
2025-04-04T22:40:00.000+0000,1538725.0421818558,332199.7344724557,958430.9159393059
2025-04-04T22:50:00.000+0000,1537538.7821496958,332199.7344724557,958093.336444792
2025-04-04T23:00:00.000+0000,1542382.6772810158,332199.7344724557,955418.4965167381
2025-04-04T23:10:00.000+0000,1553849.8575918959,332199.7344724557,954500.7185245405
2025-04-04T23:20:00.000+0000,1558594.8977205358,332199.7344724557,952641.3895833173
2025-04-04T23:30:00.000+0000,1560275.432766096,332199.7344724557,952152.2663178584
2025-04-04T23:40:00.000+0000,1557804.057699096,332199.7344724557,952660.5421089557
2025-04-04T23:50:00.000+0000,1564822.7628893757,332199.7344724557,955175.1889521255
2025-04-05T00:00:00.000+0000,1563636.502857216,332199.7344724557,952937.6592264371
2025-04-05T00:10:00.000+0000,1556123.522653536,332199.7344724557,953446.183219797
2025-04-05T00:20:00.000+0000,1556617.7976669357,332199.7344724557,953491.0950091453
2025-04-05T00:30:00.000+0000,1560473.142771456,332199.7344724557,952655.6770078901
2025-04-05T00:40:00.000+0000,1559188.027736616,332199.7344724557,951424.3487110429
2025-04-05T00:50:00.000+0000,1549895.6574846958,332199.7344724557,953317.2727714074
2025-04-05T01:00:00.000+0000,1550488.7875007757,332199.7344724557,955177.3888789422
2025-04-05T01:10:00.000+0000,1548808.252455216,332199.7344724557,955167.3927318417
2025-04-05T01:20:00.000+0000,1540998.7072434959,332199.7344724557,955858.5557870435
2025-04-05T01:30:00.000+0000,1538922.7521872157,332199.7344724557,956445.7279425795
2025-04-05T01:40:00.000+0000,1540405.577227416,332199.7344724557,954129.7044277112
2025-04-05T01:50:00.000+0000,1544162.0673292554,332199.7344724557,953980.1742932773
2025-04-05T02:00:00.000+0000,1539515.8822032958,332199.7344724557,952494.6722978652
2025-04-05T02:10:00.000+0000,1541690.6922622556,332199.7344724557,952207.693883782
2025-04-05T02:20:00.000+0000,1538922.7521872157,332199.7344724557,950334.8279913858
2025-04-05T02:30:00.000+0000,1549005.9624605759,332199.7344724557,950005.13073929
2025-04-05T02:40:00.000+0000,1548313.9774418157,332199.7344724557,952177.7875206629
2025-04-05T02:50:00.000+0000,1556024.6676508558,332199.7344724557,950895.6858040409
2025-04-05T03:00:00.000+0000,1565712.4579134954,332199.7344724557,949883.8537944807
2025-04-05T03:10:00.000+0000,1562351.3878223756,332199.7344724557,949828.6738406679
2025-04-05T03:20:00.000+0000,1565317.0379027757,332199.7344724557,948630.1443748679
2025-04-05T03:30:00.000+0000,1564921.6178920558,332199.7344724557,948938.7121755845
2025-04-05T03:40:00.000+0000,1569666.6580206957,332199.7344724557,949468.142100531
2025-04-05T03:50:00.000+0000,1571643.7580742957,332199.7344724557,948357.0770844361
2025-04-05T04:00:00.000+0000,1568480.3979885357,332199.7344724557,948750.05120799
2025-04-05T04:10:00.000+0000,1562450.242825056,332199.7344724557,950043.9981224353
2025-04-05T04:20:00.000+0000,1560868.5627821758,332199.7344724557,950053.9242910886
2025-04-05T04:30:00.000+0000,1560967.4177848557,332199.7344724557,950266.2550229637
2025-04-05T04:40:00.000+0000,1562845.6628357756,332199.7344724557,948780.7913659071
2025-04-05T04:50:00.000+0000,1563735.3578598958,332199.7344724557,947012.7928167926
2025-04-05T05:00:00.000+0000,1553849.8575918959,332199.7344724557,947157.7086995833
2025-04-05T05:10:00.000+0000,1553256.7275758157,332199.7344724557,948285.4164953562
2025-04-05T05:20:00.000+0000,1552564.7425570558,332199.7344724557,949906.5294707783
2025-04-05T05:30:00.000+0000,1554739.5526160158,332199.7344724557,949547.2917200519
2025-04-05T05:40:00.000+0000,1561659.402803616,332199.7344724557,949070.0876283913
2025-04-05T05:50:00.000+0000,1577377.3482297356,332199.7344724557,948300.5739067807
2025-04-05T06:00:00.000+0000,1579453.3032860158,332199.7344724557,948239.4304803615
2025-04-05T06:10:00.000+0000,1580639.563318176,332199.7344724557,949315.7647762874
2025-04-05T06:20:00.000+0000,1580738.418320856,332199.7344724557,948817.852016354
2025-04-05T06:30:00.000+0000,1577871.6232431359,332199.7344724557,947842.7472287777
2025-04-05T06:40:00.000+0000,1581529.2583422957,332199.7344724557,944798.8572875422
2025-04-05T06:50:00.000+0000,1578168.188251176,332199.7344724557,945500.7840800824
2025-04-05T07:00:00.000+0000,1577575.0582350958,332199.7344724557,946170.7659668815
2025-04-05T07:10:00.000+0000,1576784.2182136558,332199.7344724557,945578.6640975869
2025-04-05T07:20:00.000+0000,1573818.5681332557,332199.7344724557,946610.3830267809
2025-04-05T07:30:00.000+0000,1573126.5831144955,332199.7344724557,946928.7185899094
2025-04-05T07:40:00.000+0000,1569468.9480153357,332199.7344724557,947235.5327253193
2025-04-05T07:50:00.000+0000,1574213.9881439758,332199.7344724557,948880.538725456
2025-04-05T08:00:00.000+0000,1573917.4231359356,332199.7344724557,949727.9292451185
2025-04-05T08:10:00.000+0000,1576981.9282190157,332199.7344724557,948110.4316041779
2025-04-05T08:20:00.000+0000,1577476.203232416,332199.7344724557,947432.7950458571
2025-04-05T08:30:00.000+0000,1576784.2182136558,332199.7344724557,948004.6602282922
2025-04-05T08:40:00.000+0000,1576092.2331948956,332199.7344724557,949652.4488234044
2025-04-05T08:50:00.000+0000,1577377.3482297356,332199.7344724557,949591.6819751238
2025-04-05T09:00:00.000+0000,1572533.4530984159,332199.7344724557,949893.1627483653
2025-04-05T09:10:00.000+0000,1567590.7029644158,332199.7344724557,951736.8893670221
2025-04-05T09:20:00.000+0000,1564526.1978813356,332199.7344724557,951600.0240327487
2025-04-05T09:30:00.000+0000,1561758.2578062958,332199.7344724557,951126.4580532373
2025-04-05T09:40:00.000+0000,1559682.3027500156,332199.7344724557,951849.1985756829
2025-04-05T09:50:00.000+0000,1550587.642503456,332199.7344724557,952888.9495683296
2025-04-05T10:00:00.000+0000,1553948.7125945757,332199.7344724557,952806.3403198329
2025-04-05T10:10:00.000+0000,1549203.6724659356,332199.7344724557,951836.0639225519
2025-04-05T10:20:00.000+0000,1549895.6574846958,332199.7344724557,951169.7764526054
2025-04-05T10:30:00.000+0000,1549104.8174632557,332199.7344724557,950571.0231036956
2025-04-05T10:40:00.000+0000,1556024.6676508558,332199.7344724557,949499.7203815674
2025-04-05T10:50:00.000+0000,1554047.5675972558,332199.7344724557,950220.414831476
2025-04-05T11:00:00.000+0000,1547028.8624069758,332199.7344724557,949285.052225217
2025-04-05T11:10:00.000+0000,1554442.9876079757,332199.7344724557,946426.2464969498
2025-04-05T11:20:00.000+0000,1558594.8977205358,332199.7344724557,947187.3690067416
2025-04-05T11:30:00.000+0000,1556617.7976669357,332199.7344724557,945317.3974870758
2025-04-05T11:40:00.000+0000,1562450.242825056,332199.7344724557,945588.946454512
2025-04-05T11:50:00.000+0000,1558990.3177312557,332199.7344724557,946036.1678192774
2025-04-05T12:00:00.000+0000,1559484.592744656,332199.7344724557,945055.6374678515
2025-04-05T12:10:00.000+0000,1560473.142771456,332199.7344724557,945181.2300775272
2025-04-05T12:20:00.000+0000,1562054.8228143358,332199.7344724557,943747.6738315469
2025-04-05T12:30:00.000+0000,1566404.4429322558,332199.7344724557,942108.9714307429
2025-04-05T12:40:00.000+0000,1581825.8233503357,332199.7344724557,939109.515654471
2025-04-05T12:50:00.000+0000,1579947.5782994158,332199.7344724557,939172.9018801653
2025-04-05T13:00:00.000+0000,1582122.3883583758,332199.7344724557,938613.1729524159
2025-04-05T13:10:00.000+0000,1591414.758610296,332199.7344724557,935936.5083431746
2025-04-05T13:20:00.000+0000,1596159.7987389357,332199.7344724557,934461.8440789343
2025-04-05T13:30:00.000+0000,1597148.348765736,332199.7344724557,934352.5578782383
2025-04-05T13:40:00.000+0000,1608121.2540632158,332199.7344724557,931390.7754509377
2025-04-05T13:50:00.000+0000,1607528.1240471357,332199.7344724557,931911.0264433194
2025-04-05T14:00:00.000+0000,1601003.693870256,332199.7344724557,933138.2159487475
2025-04-05T14:10:00.000+0000,1603573.9239399356,332199.7344724557,932394.5534153109
2025-04-05T14:20:00.000+0000,1602091.098899736,332199.7344724557,933260.6386716593
2025-04-05T14:30:00.000+0000,1602881.9389211757,332199.7344724557,933492.0723584506
2025-04-05T14:40:00.000+0000,1598631.1738059355,332199.7344724557,935018.4081905985
2025-04-05T14:50:00.000+0000,1596950.6387603758,332199.7344724557,935516.0639215629
2025-04-05T15:00:00.000+0000,1597543.7687764557,332199.7344724557,933283.3920799596
2025-04-05T15:10:00.000+0000,1601794.5338916956,332199.7344724557,932467.0845278181
2025-04-05T15:20:00.000+0000,1605353.3139881755,332199.7344724557,931591.1374204337
2025-04-05T15:30:00.000+0000,1607626.9790498158,332199.7344724557,931312.1926795295
2025-04-05T15:40:00.000+0000,1610889.194138256,332199.7344724557,929251.7314778368
2025-04-05T15:50:00.000+0000,1604068.198953336,332199.7344724557,930418.5199816141
2025-04-05T16:00:00.000+0000,1596950.6387603758,332199.7344724557,931405.2925391324
2025-04-05T16:10:00.000+0000,1597840.3337844955,332199.7344724557,932809.5672023947
2025-04-05T16:20:00.000+0000,1598136.898792536,332199.7344724557,931901.3280870621
2025-04-05T16:30:00.000+0000,1596752.9287550158,332199.7344724557,933372.0883656187
2025-04-05T16:40:00.000+0000,1596752.9287550158,332199.7344724557,933062.4653608956
2025-04-05T16:50:00.000+0000,1599125.4488193358,332199.7344724557,931960.9003645934
2025-04-05T17:00:00.000+0000,1597741.4787818156,332199.7344724557,932007.0654171957
2025-04-05T17:10:00.000+0000,1599520.8688300557,332199.7344724557,932142.2435500814
2025-04-05T17:20:00.000+0000,1594676.973698736,332199.7344724557,933714.6388366234
2025-04-05T17:30:00.000+0000,1593886.1336772959,332199.7344724557,934691.2927913535
2025-04-05T17:40:00.000+0000,1592106.7436290556,332199.7344724557,934761.0911568243
2025-04-05T17:50:00.000+0000,1595962.0887335758,332199.7344724557,934217.171473313
2025-04-05T18:00:00.000+0000,1588943.3835432958,332199.7344724557,934729.9301979422
2025-04-05T18:10:00.000+0000,1582616.6633717758,332199.7344724557,935910.3615283177
2025-04-05T18:20:00.000+0000,1583802.923403936,332199.7344724557,936156.1166675752
2025-04-05T18:30:00.000+0000,1576388.7982029358,332199.7344724557,936051.8735502602
2025-04-05T18:40:00.000+0000,1575499.1031788157,332199.7344724557,936356.1787356434
2025-04-05T18:50:00.000+0000,1576586.508208296,332199.7344724557,937568.8723208187
2025-04-05T19:00:00.000+0000,1575004.828165416,332199.7344724557,938763.7526836023
2025-04-05T19:10:00.000+0000,1575993.3781922157,332199.7344724557,938736.03553365
2025-04-05T19:20:00.000+0000,1575004.828165416,332199.7344724557,938860.4199166908
2025-04-05T19:30:00.000+0000,1575993.3781922157,332199.7344724557,937536.9657355744
2025-04-05T19:40:00.000+0000,1576586.508208296,332199.7344724557,934714.6843587235
2025-04-05T19:50:00.000+0000,1575993.3781922157,332199.7344724557,934203.7586232712
2025-04-05T20:00:00.000+0000,1579453.3032860158,332199.7344724557,935596.8468791458
2025-04-05T20:10:00.000+0000,1574905.9731627358,332199.7344724557,936748.4736967541
2025-04-05T20:20:00.000+0000,1574016.278138616,332199.7344724557,937537.6524100738
2025-04-05T20:30:00.000+0000,1574708.2631573756,332199.7344724557,936670.4510930541
2025-04-05T20:40:00.000+0000,1573719.7131305758,332199.7344724557,932336.339981383
2025-04-05T20:50:00.000+0000,1572928.8731091355,332199.7344724557,936092.7545699165
2025-04-05T21:00:00.000+0000,1574609.4081546958,332199.7344724557,937297.6122818018
2025-04-05T21:10:00.000+0000,1572928.8731091355,332199.7344724557,937469.3812121638
2025-04-05T21:20:00.000+0000,1572731.1631037758,332199.7344724557,937647.3880738737
2025-04-05T21:30:00.000+0000,1572830.0181064557,332199.7344724557,938046.314956384
2025-04-05T21:40:00.000+0000,1573126.5831144955,332199.7344724557,937716.8728641728
2025-04-05T21:50:00.000+0000,1579453.3032860158,332199.7344724557,937396.1532659417
2025-04-05T22:00:00.000+0000,1577278.4932270555,332199.7344724557,937674.8798349489
2025-04-05T22:10:00.000+0000,1577575.0582350958,332199.7344724557,939099.4378135572
2025-04-05T22:20:00.000+0000,1578464.753259216,332199.7344724557,938520.3231820192
2025-04-05T22:30:00.000+0000,1577278.4932270555,332199.7344724557,938902.5737756749
2025-04-05T22:40:00.000+0000,1570754.0630501758,332199.7344724557,938776.5812557589
2025-04-05T22:50:00.000+0000,1569172.383007296,332199.7344724557,939617.0763861472
2025-04-05T23:00:00.000+0000,1565811.312916176,332199.7344724557,940573.4253210144
2025-04-05T23:10:00.000+0000,1566107.8779242157,332199.7344724557,941198.2678654273
2025-04-05T23:20:00.000+0000,1563735.3578598958,332199.7344724557,940896.726512738
2025-04-05T23:30:00.000+0000,1559583.4477473358,332199.7344724557,941590.5488934354
2025-04-05T23:40:00.000+0000,1557705.2026964158,332199.7344724557,942575.1804938584
2025-04-05T23:50:00.000+0000,1554146.4225999357,332199.7344724557,943615.567499273
2025-04-06T00:00:00.000+0000,1555134.972626736,332199.7344724557,945406.3231948571
2025-04-06T00:10:00.000+0000,1561857.1128089759,332199.7344724557,944236.2648133615
2025-04-06T00:20:00.000+0000,1562153.6778170157,332199.7344724557,945950.6320392415
2025-04-06T00:30:00.000+0000,1557507.4926910559,332199.7344724557,945614.1080259513
2025-04-06T00:40:00.000+0000,1553849.8575918959,332199.7344724557,946958.7216888124
2025-04-06T00:50:00.000+0000,1551576.1925302555,332199.7344724557,946266.6291226028
2025-04-06T01:00:00.000+0000,1550785.3525088157,332199.7344724557,945952.4701348147
2025-04-06T01:10:00.000+0000,1552070.4675436558,332199.7344724557,947220.1833984766
2025-04-06T01:20:00.000+0000,1549697.9474793358,332199.7344724557,948522.2092820783
2025-04-06T01:30:00.000+0000,1550192.2224927358,332199.7344724557,947297.5592579002
2025-04-06T01:40:00.000+0000,1554838.4076186956,332199.7344724557,945955.6043839591
2025-04-06T01:50:00.000+0000,1559978.8677580557,332199.7344724557,945895.0361315014
2025-04-06T02:00:00.000+0000,1562746.8078330958,332199.7344724557,947483.0401795153
2025-04-06T02:10:00.000+0000,1566404.4429322558,332199.7344724557,945243.099589952
2025-04-06T02:20:00.000+0000,1566701.007940296,332199.7344724557,944686.8477030918
2025-04-06T02:30:00.000+0000,1569073.528004616,332199.7344724557,944841.0507995323
2025-04-06T02:40:00.000+0000,1573917.4231359356,332199.7344724557,944762.0450987163
2025-04-06T02:50:00.000+0000,1578069.3332484956,332199.7344724557,944299.0061995817
2025-04-06T03:00:00.000+0000,1577772.7682404558,332199.7344724557,942766.8025753195
2025-04-06T03:10:00.000+0000,1578959.0282726155,332199.7344724557,944576.0434387582
2025-04-06T03:20:00.000+0000,1585681.1684548557,332199.7344724557,942985.1562860982
2025-04-06T03:30:00.000+0000,1583901.7784066158,332199.7344724557,942142.9439418152
2025-04-06T03:40:00.000+0000,1582221.2433610559,332199.7344724557,943325.9608810695
2025-04-06T03:50:00.000+0000,1584000.633409296,332199.7344724557,944764.5462773285
2025-04-06T04:00:00.000+0000,1589536.513559376,332199.7344724557,943996.7763033082
2025-04-06T04:10:00.000+0000,1593293.0036612158,332199.7344724557,943507.5018664467
2025-04-06T04:20:00.000+0000,1595665.523725536,332199.7344724557,943293.9376888913
2025-04-06T04:30:00.000+0000,1598532.3188032557,332199.7344724557,944891.0809807463
2025-04-06T04:40:00.000+0000,1592601.0186424558,332199.7344724557,944139.0516228848
2025-04-06T04:50:00.000+0000,1588844.5285406155,332199.7344724557,944805.1024358701
2025-04-06T05:00:00.000+0000,1584692.6184280554,332199.7344724557,944744.2567824356
2025-04-06T05:10:00.000+0000,1584099.488411976,332199.7344724557,944495.4708637989
2025-04-06T05:20:00.000+0000,1580342.9983101357,332199.7344724557,945649.1630528008
2025-04-06T05:30:00.000+0000,1584198.343414656,332199.7344724557,944529.8853437778
2025-04-06T05:40:00.000+0000,1586175.4434682557,332199.7344724557,944289.9653012508
2025-04-06T05:50:00.000+0000,1581825.8233503357,332199.7344724557,946752.4058872089
2025-04-06T06:00:00.000+0000,1580540.7083154956,332199.7344724557,945376.5680209993
2025-04-06T06:10:00.000+0000,1579453.3032860158,332199.7344724557,945565.6122649962
2025-04-06T06:20:00.000+0000,1578168.188251176,332199.7344724557,946342.3027922439
2025-04-06T06:30:00.000+0000,1581529.2583422957,332199.7344724557,943294.9395661474
2025-04-06T06:40:00.000+0000,1580145.2883047757,332199.7344724557,943088.4265012303
2025-04-06T06:50:00.000+0000,1580441.8533128155,332199.7344724557,940846.9139668455
2025-04-06T07:00:00.000+0000,1585780.0234575358,332199.7344724557,939693.0103042102
2025-04-06T07:10:00.000+0000,1585977.7334628955,332199.7344724557,940696.5122179746
2025-04-06T07:20:00.000+0000,1589338.803554016,332199.7344724557,939620.8305686549
2025-04-06T07:30:00.000+0000,1592601.0186424558,332199.7344724557,939011.9771020217
2025-04-06T07:40:00.000+0000,1594676.973698736,332199.7344724557,940165.1463885203
2025-04-06T07:50:00.000+0000,1595368.9587174957,332199.7344724557,939890.4350463762
2025-04-06T08:00:00.000+0000,1599520.8688300557,332199.7344724557,938488.8883188297
2025-04-06T08:10:00.000+0000,1598532.3188032557,332199.7344724557,937334.0388064242
2025-04-06T08:20:00.000+0000,1603376.2139345757,332199.7344724557,934700.7410941224
2025-04-06T08:30:00.000+0000,1596456.3637469758,332199.7344724557,936199.8127360914
2025-04-06T08:40:00.000+0000,1596654.073752336,332199.7344724557,938041.4737061372
2025-04-06T08:50:00.000+0000,1597939.1887871758,332199.7344724557,938259.2002487134
2025-04-06T09:00:00.000+0000,1602980.7939238558,332199.7344724557,939121.471038182
2025-04-06T09:10:00.000+0000,1604068.198953336,332199.7344724557,938935.7087180625
2025-04-06T09:20:00.000+0000,1604265.9089586958,332199.7344724557,940948.5476423217
2025-04-06T09:30:00.000+0000,1602684.2289158157,332199.7344724557,940325.3670981098
2025-04-06T09:40:00.000+0000,1603573.9239399356,332199.7344724557,940963.8186827272
2025-04-06T09:50:00.000+0000,1603672.7789426157,332199.7344724557,939606.1033393362
2025-04-06T10:00:00.000+0000,1606737.2840256959,332199.7344724557,937787.2059546654
2025-04-06T10:10:00.000+0000,1606440.7190176558,332199.7344724557,936657.8133810237
2025-04-06T10:20:00.000+0000,1613854.844218656,332199.7344724557,936208.7582132886
2025-04-06T10:30:00.000+0000,1615733.0892695757,332199.7344724557,935937.2446241137
2025-04-06T10:40:00.000+0000,1616425.0742883359,332199.7344724557,936050.2346228028
2025-04-06T10:50:00.000+0000,1617413.6243151359,332199.7344724557,937502.1613166474
2025-04-06T11:00:00.000+0000,1618105.6093338956,332199.7344724557,936458.1064280763
2025-04-06T11:10:00.000+0000,1621862.0994357357,332199.7344724557,933715.6959275731
2025-04-06T11:20:00.000+0000,1619786.1443794558,332199.7344724557,934072.1344673443
2025-04-06T11:30:00.000+0000,1615337.669258856,332199.7344724557,934394.0156815823
2025-04-06T11:40:00.000+0000,1614645.6842400958,332199.7344724557,934964.1842993479
2025-04-06T11:50:00.000+0000,1612470.8741811358,332199.7344724557,935191.5094844443
2025-04-06T12:00:00.000+0000,1614744.5392427756,332199.7344724557,935512.1615456056
2025-04-06T12:10:00.000+0000,1615436.5242615358,332199.7344724557,935326.5283972959
2025-04-06T12:20:00.000+0000,1612668.5841864957,332199.7344724557,933671.6811953478
2025-04-06T12:30:00.000+0000,1612174.3091730957,332199.7344724557,931097.5124591613
2025-04-06T12:40:00.000+0000,1620082.7093874956,332199.7344724557,931517.400469093
2025-04-06T12:50:00.000+0000,1621862.0994357357,332199.7344724557,928099.2724037217
2025-04-06T13:00:00.000+0000,1625124.3145241756,332199.7344724557,926623.9688894023
2025-04-06T13:10:00.000+0000,1627496.8345884955,332199.7344724557,924768.0681964213
2025-04-06T13:20:00.000+0000,1635306.3798002156,332199.7344724557,922155.5893025621
2025-04-06T13:30:00.000+0000,1633230.424743936,332199.7344724557,921436.8932235527
2025-04-06T13:40:00.000+0000,1636690.3498377355,332199.7344724557,918897.4377956218
2025-04-06T13:50:00.000+0000,1638766.304894016,332199.7344724557,916670.3190799515
2025-04-06T14:00:00.000+0000,1644401.040046776,332199.7344724557,915818.9288762547
2025-04-06T14:10:00.000+0000,1645290.7350708959,1645290.7350708959,919871.5530471767
2025-04-06T14:20:00.000+0000,1645290.7350708959,1645290.7350708959,917672.2281403111
2025-04-06T14:30:00.000+0000,1645290.7350708959,1645290.7350708959,918211.5751121283
2025-04-06T14:40:00.000+0000,1645290.7350708959,1645290.7350708959,918952.8428789534
2025-04-06T14:50:00.000+0000,1645290.7350708959,1645290.7350708959,921878.9664254453
2025-04-06T15:00:00.000+0000,1645290.7350708959,1645290.7350708959,922071.3172579305
2025-04-06T15:10:00.000+0000,1645290.7350708959,1645290.7350708959,920609.6798844526
2025-04-06T15:20:00.000+0000,1645290.7350708959,1645290.7350708959,919870.7256734251
2025-04-06T15:30:00.000+0000,1645290.7350708959,1645290.7350708959,920489.8116490445
2025-04-06T15:40:00.000+0000,1645290.7350708959,1645290.7350708959,921863.3196028352
2025-04-06T15:50:00.000+0000,1645290.7350708959,1645290.7350708959,920443.6849169388
2025-04-06T16:00:00.000+0000,1645290.7350708959,1645290.7350708959,918935.8412102675
2025-04-06T16:10:00.000+0000,1645290.7350708959,1645290.7350708959,916496.3668387525
2025-04-06T16:20:00.000+0000,1645290.7350708959,1645290.7350708959,916525.5530181957
2025-04-06T16:30:00.000+0000,1645290.7350708959,1645290.7350708959,917610.8335872525
2025-04-06T16:40:00.000+0000,1645290.7350708959,1645290.7350708959,914416.6177600647
2025-04-06T16:50:00.000+0000,1645290.7350708959,1645290.7350708959,911009.0293756637
2025-04-06T17:00:00.000+0000,1645290.7350708959,1645290.7350708959,909514.1552176182
2025-04-06T17:10:00.000+0000,1645290.7350708959,1645290.7350708959,907151.436512805
2025-04-06T17:20:00.000+0000,1645290.7350708959,1645290.7350708959,901118.2817464757
2025-04-06T17:30:00.000+0000,1645290.7350708959,1645290.7350708959,898535.5510867112
2025-04-06T17:40:00.000+0000,1645290.7350708959,1645290.7350708959,889551.3586087797
2025-04-06T17:50:00.000+0000,1645290.7350708959,1645290.7350708959,891303.2089136567
2025-04-06T18:00:00.000+0000,1645290.7350708959,1645290.7350708959,883461.6830649584
2025-04-06T18:10:00.000+0000,1645290.7350708959,1645290.7350708959,877679.9917506085
2025-04-06T18:20:00.000+0000,1645290.7350708959,1645290.7350708959,867729.4048793456
2025-04-06T18:30:00.000+0000,1645290.7350708959,1645290.7350708959,867639.0551965514
2025-04-06T18:40:00.000+0000,1645290.7350708959,1645290.7350708959,865032.3999255565
2025-04-06T18:50:00.000+0000,1645290.7350708959,1645290.7350708959,858747.7919200398
2025-04-06T19:00:00.000+0000,1645290.7350708959,1645290.7350708959,859492.4450269309
2025-04-06T19:10:00.000+0000,1645290.7350708959,1645290.7350708959,860818.8495725463
2025-04-06T19:20:00.000+0000,1645290.7350708959,1645290.7350708959,862892.3612743206
2025-04-06T19:30:00.000+0000,1645290.7350708959,1645290.7350708959,865663.1750627
2025-04-06T19:40:00.000+0000,1645290.7350708959,1645290.7350708959,862436.8315361354
2025-04-06T19:50:00.000+0000,1645290.7350708959,1645290.7350708959,862901.3708276355
2025-04-06T20:00:00.000+0000,1645290.7350708959,1645290.7350708959,866882.7897570526
2025-04-06T20:10:00.000+0000,1645290.7350708959,1645290.7350708959,864372.1536066427
2025-04-06T20:20:00.000+0000,1645290.7350708959,1645290.7350708959,864603.7767853334
2025-04-06T20:30:00.000+0000,1645290.7350708959,1645290.7350708959,846468.4017008226
2025-04-06T20:40:00.000+0000,1645290.7350708959,1645290.7350708959,854610.1132780598
2025-04-06T20:50:00.000+0000,1645290.7350708959,1645290.7350708959,851429.0251106634
2025-04-06T21:00:00.000+0000,1645290.7350708959,1645290.7350708959,852990.3454903555
2025-04-06T21:10:00.000+0000,1645290.7350708959,1645290.7350708959,854663.5140881622
2025-04-06T21:20:00.000+0000,1645290.7350708959,1645290.7350708959,856581.784123328
2025-04-06T21:30:00.000+0000,1645290.7350708959,1645290.7350708959,857250.5915341682
2025-04-06T21:40:00.000+0000,1645290.7350708959,1645290.7350708959,856932.2047905917
2025-04-06T21:50:00.000+0000,1645290.7350708959,1645290.7350708959,855198.5019860794
2025-04-06T22:00:00.000+0000,1645290.7350708959,1645290.7350708959,850715.3201743707
2025-04-06T22:10:00.000+0000,1645290.7350708959,1645290.7350708959,857497.0293861151
2025-04-06T22:20:00.000+0000,1645290.7350708959,1645290.7350708959,855164.0165259372
2025-04-06T22:30:00.000+0000,1645290.7350708959,1645290.7350708959,854242.040495382
2025-04-06T22:40:00.000+0000,1645290.7350708959,1645290.7350708959,848286.9314412143
2025-04-06T22:50:00.000+0000,1645290.7350708959,1645290.7350708959,845255.7012294608
2025-04-06T23:00:00.000+0000,1645290.7350708959,1645290.7350708959,841393.2764796375
2025-04-06T23:10:00.000+0000,1645290.7350708959,1645290.7350708959,834803.1872030525
2025-04-06T23:20:00.000+0000,1645290.7350708959,1645290.7350708959,834240.184417916
2025-04-06T23:30:00.000+0000,1645290.7350708959,1645290.7350708959,839102.251855222
2025-04-06T23:40:00.000+0000,1645290.7350708959,1645290.7350708959,847805.5244998757
2025-04-06T23:50:00.000+0000,1645290.7350708959,1645290.7350708959,846988.988580904
2025-04-07T00:00:00.000+0000,1645290.7350708959,1645290.7350708959,845349.5033063919
2025-04-07T00:10:00.000+0000,1645290.7350708959,1645290.7350708959,839740.7645558629
2025-04-07T00:20:00.000+0000,1645290.7350708959,1645290.7350708959,840576.8083570937
2025-04-07T00:30:00.000+0000,1645290.7350708959,1645290.7350708959,841167.1401866013
2025-04-07T00:40:00.000+0000,1645290.7350708959,1645290.7350708959,837491.0263971632
2025-04-07T00:50:00.000+0000,1645290.7350708959,1645290.7350708959,836627.4707222078
2025-04-07T01:00:00.000+0000,1645290.7350708959,1645290.7350708959,846292.6486649727
2025-04-07T01:10:00.000+0000,1645290.7350708959,1645290.7350708959,851271.5390529123
2025-04-07T01:20:00.000+0000,1645290.7350708959,1645290.7350708959,860424.7645125758
2025-04-07T01:30:00.000+0000,1645290.7350708959,1645290.7350708959,855925.4381412226
2025-04-07T01:40:00.000+0000,1645290.7350708959,1645290.7350708959,854404.1780878401
2025-04-07T01:50:00.000+0000,1645290.7350708959,1645290.7350708959,858329.0869176975
2025-04-07T02:00:00.000+0000,1645290.7350708959,1645290.7350708959,857638.2604746935
2025-04-07T02:10:00.000+0000,1645290.7350708959,1645290.7350708959,856997.353803375
2025-04-07T02:20:00.000+0000,1645290.7350708959,1645290.7350708959,852569.0238649119
2025-04-07T02:30:00.000+0000,1645290.7350708959,1645290.7350708959,847961.7197519513
2025-04-07T02:40:00.000+0000,1645290.7350708959,1645290.7350708959,848272.7310940677
2025-04-07T02:50:00.000+0000,1645290.7350708959,1645290.7350708959,848655.1207951084
2025-04-07T03:00:00.000+0000,1645290.7350708959,1645290.7350708959,848238.6634747966
2025-04-07T03:10:00.000+0000,1645290.7350708959,1645290.7350708959,845129.0683863147
2025-04-07T03:20:00.000+0000,1645290.7350708959,1645290.7350708959,844022.4187309643
2025-04-07T03:30:00.000+0000,1645290.7350708959,1645290.7350708959,835841.5825001134
2025-04-07T03:40:00.000+0000,1645290.7350708959,1645290.7350708959,828060.6621155012
2025-04-07T03:50:00.000+0000,1645290.7350708959,1645290.7350708959,829661.285685557
2025-04-07T04:00:00.000+0000,1645290.7350708959,1645290.7350708959,831430.8853782073
2025-04-07T04:10:00.000+0000,1645290.7350708959,1645290.7350708959,827206.7884580404
2025-04-07T04:20:00.000+0000,1645290.7350708959,1645290.7350708959,833050.9552672172
2025-04-07T04:30:00.000+0000,1645290.7350708959,1645290.7350708959,829828.4889511408
2025-04-07T04:40:00.000+0000,1645290.7350708959,1645290.7350708959,826412.0947335025
2025-04-07T04:50:00.000+0000,1645290.7350708959,1645290.7350708959,826276.620973934
2025-04-07T05:00:00.000+0000,1645290.7350708959,1645290.7350708959,825251.2525319176
2025-04-07T05:10:00.000+0000,1645290.7350708959,1645290.7350708959,828932.531618925
2025-04-07T05:20:00.000+0000,1645290.7350708959,1645290.7350708959,830947.4728847068
2025-04-07T05:30:00.000+0000,1645290.7350708959,1645290.7350708959,826938.3638398912
2025-04-07T05:40:00.000+0000,1645290.7350708959,1645290.7350708959,824390.3738180118
2025-04-07T05:50:00.000+0000,1645290.7350708959,1645290.7350708959,824860.9848632037
2025-04-07T06:00:00.000+0000,1645290.7350708959,1645290.7350708959,826291.1337695252
2025-04-07T06:10:00.000+0000,1645290.7350708959,1645290.7350708959,816255.501378922
2025-04-07T06:20:00.000+0000,1645290.7350708959,1645290.7350708959,810336.2353317079
2025-04-07T06:30:00.000+0000,1645290.7350708959,1645290.7350708959,801502.9908372527
2025-04-07T06:40:00.000+0000,1645290.7350708959,1645290.7350708959,785428.6872294402
2025-04-07T06:50:00.000+0000,1645290.7350708959,1645290.7350708959,782304.2745611845
2025-04-07T07:00:00.000+0000,1645290.7350708959,1645290.7350708959,789348.3278463976
2025-04-07T07:10:00.000+0000,1645290.7350708959,1645290.7350708959,792337.9799097036
2025-04-07T07:20:00.000+0000,1645290.7350708959,1645290.7350708959,792984.985404985
2025-04-07T07:30:00.000+0000,1645290.7350708959,1645290.7350708959,791108.0592669654
2025-04-07T07:40:00.000+0000,1645290.7350708959,1645290.7350708959,796092.6665706928
2025-04-07T07:50:00.000+0000,1645290.7350708959,1645290.7350708959,792962.5279005845
2025-04-07T08:00:00.000+0000,1645290.7350708959,1645290.7350708959,793198.508561308
2025-04-07T08:10:00.000+0000,1645290.7350708959,1645290.7350708959,795446.3160919598
2025-04-07T08:20:00.000+0000,1645290.7350708959,1645290.7350708959,809269.8453765649
2025-04-07T08:30:00.000+0000,1645290.7350708959,1645290.7350708959,809111.6383213452
2025-04-07T08:40:00.000+0000,1645290.7350708959,1645290.7350708959,815586.1018652059
2025-04-07T08:50:00.000+0000,1645290.7350708959,1645290.7350708959,812311.0585982502
2025-04-07T09:00:00.000+0000,1645290.7350708959,1645290.7350708959,810172.7779406419
2025-04-07T09:10:00.000+0000,1645290.7350708959,1645290.7350708959,804569.6003468186
2025-04-07T09:20:00.000+0000,1645290.7350708959,1645290.7350708959,806060.3965522512
2025-04-07T09:30:00.000+0000,1645290.7350708959,1645290.7350708959,812017.3796525465
2025-04-07T09:40:00.000+0000,1645290.7350708959,1645290.7350708959,814585.8338964642
2025-04-07T09:50:00.000+0000,1645290.7350708959,1645290.7350708959,810805.0674389713
2025-04-07T10:00:00.000+0000,1645290.7350708959,1645290.7350708959,810156.6457400912
2025-04-07T10:10:00.000+0000,1645290.7350708959,1645290.7350708959,816446.5779681351
2025-04-07T10:20:00.000+0000,1645290.7350708959,1645290.7350708959,820571.7099016034
2025-04-07T10:30:00.000+0000,1645290.7350708959,1645290.7350708959,817027.0996457718
2025-04-07T10:40:00.000+0000,1645290.7350708959,1645290.7350708959,817566.8105951343
2025-04-07T10:50:00.000+0000,1645290.7350708959,1645290.7350708959,813674.4307252624
2025-04-07T11:00:00.000+0000,1645290.7350708959,1645290.7350708959,814428.0644461125
2025-04-07T11:10:00.000+0000,1645290.7350708959,1645290.7350708959,813670.9365139592
2025-04-07T11:20:00.000+0000,1645290.7350708959,1645290.7350708959,813996.6670546215
2025-04-07T11:30:00.000+0000,1645290.7350708959,1645290.7350708959,807530.3596574862
2025-04-07T11:40:00.000+0000,1645290.7350708959,1645290.7350708959,807869.9329709378
2025-04-07T11:50:00.000+0000,1645290.7350708959,1645290.7350708959,809633.4011620998
2025-04-07T12:00:00.000+0000,1645290.7350708959,1645290.7350708959,810001.5787649106
2025-04-07T12:10:00.000+0000,1645290.7350708959,1645290.7350708959,809149.8253974612
2025-04-07T12:20:00.000+0000,1645290.7350708959,1645290.7350708959,811474.4247690099
2025-04-07T12:30:00.000+0000,1645290.7350708959,1645290.7350708959,821152.7877851382
2025-04-07T12:40:00.000+0000,1645290.7350708959,1645290.7350708959,816954.4940742906
2025-04-07T12:50:00.000+0000,1645290.7350708959,1645290.7350708959,823290.4375185159
2025-04-07T13:00:00.000+0000,1645290.7350708959,1645290.7350708959,825286.5653479525
2025-04-07T13:10:00.000+0000,1645290.7350708959,1645290.7350708959,822690.8846799186
2025-04-07T13:20:00.000+0000,1645290.7350708959,1645290.7350708959,820824.6099827654
2025-04-07T13:30:00.000+0000,1645290.7350708959,1645290.7350708959,815296.4336122624
2025-04-07T13:40:00.000+0000,1645290.7350708959,1645290.7350708959,812138.9600490294
2025-04-07T13:50:00.000+0000,1645290.7350708959,1645290.7350708959,826486.9822742657
2025-04-07T14:00:00.000+0000,1643975.6348583456,1415.4693808976517,839528.2102149012
2025-04-07T14:10:00.000+0000,1592888.0760176335,1415.4693808976517,852273.2811039644
2025-04-07T14:20:00.000+0000,1643975.6348583456,1415.4693808976517,842730.6862130137
2025-04-07T14:30:00.000+0000,1678521.9497191135,1415.4693808976517,841727.8194982244
2025-04-07T14:40:00.000+0000,1727413.7682085054,1415.4693808976517,844061.0711438064
2025-04-07T14:50:00.000+0000,1684377.257322634,1415.4693808976517,852926.4282956674
2025-04-07T15:00:00.000+0000,1659345.817317585,1415.4693808976517,847235.1551042681
2025-04-07T15:10:00.000+0000,1674862.382466915,1415.4693808976517,838040.4356670652
2025-04-07T15:20:00.000+0000,1657881.9904167056,1415.4693808976517,838906.9304741533
2025-04-07T15:30:00.000+0000,1647488.819420458,1415.4693808976517,843107.523011762
2025-04-07T15:40:00.000+0000,1646171.3752096652,1415.4693808976517,849492.0525673975
2025-04-07T15:50:00.000+0000,1658467.5211770574,1415.4693808976517,846770.5836361004
2025-04-07T16:00:00.000+0000,1646024.992519577,1415.4693808976517,843489.6449701835
2025-04-07T16:10:00.000+0000,1662712.6191896093,1415.4693808976517,840993.767930684
2025-04-07T16:20:00.000+0000,1683498.9611821058,1415.4693808976517,837130.8728091735
2025-04-07T16:30:00.000+0000,1679693.0112398178,1415.4693808976517,842391.455691307
2025-04-07T16:40:00.000+0000,1707066.5742862734,1415.4693808976517,834411.895398131
2025-04-07T16:50:00.000+0000,1708676.7838772412,1415.4693808976517,831275.8431390733
2025-04-07T17:00:00.000+0000,1705309.9820052185,1415.4693808976517,836395.7625588161
2025-04-07T17:10:00.000+0000,1692867.4533477377,1415.4693808976517,838838.3358012142
2025-04-07T17:20:00.000+0000,1677058.1228182337,1415.4693808976517,842650.9045782527
2025-04-07T17:30:00.000+0000,1653636.892404154,1415.4693808976517,846319.1117378788
2025-04-07T17:40:00.000+0000,1611625.0603488975,1415.4693808976517,849711.8509202726
2025-04-07T17:50:00.000+0000,1602402.9508733538,1415.4693808976517,850450.420227313
2025-04-07T18:00:00.000+0000,1610746.7642083694,1415.4693808976517,850090.9975366492
2025-04-07T18:10:00.000+0000,1587618.2991744652,1415.4693808976517,850071.0618422271
2025-04-07T18:20:00.000+0000,1593327.2240878986,1415.4693808976517,846817.080748939
2025-04-07T18:30:00.000+0000,1642804.573337642,1415.4693808976517,845689.697796422
2025-04-07T18:40:00.000+0000,1636217.3522836817,1415.4693808976517,848726.0528568047
2025-04-07T18:50:00.000+0000,1646317.7578997537,1415.4693808976517,843790.1777473531
2025-04-07T19:00:00.000+0000,1642804.573337642,1415.4693808976517,842599.3085781876
2025-04-07T19:10:00.000+0000,1626116.9466676095,1415.4693808976517,842339.3740539432
2025-04-07T19:20:00.000+0000,1616894.8371920658,1415.4693808976517,842353.1071952789
2025-04-07T19:30:00.000+0000,1590692.3356663128,1415.4693808976517,845137.2649641207
2025-04-07T19:40:00.000+0000,1611039.5295885464,1415.4693808976517,843485.6801456937
2025-04-07T19:50:00.000+0000,1598011.4701707144,1415.4693808976517,842421.5373360058
2025-04-07T20:00:00.000+0000,1592448.92794737,1415.4693808976517,843079.3598953753
2025-04-07T20:10:00.000+0000,1590545.952976226,1415.4693808976517,845707.8503853239
2025-04-07T20:20:00.000+0000,1585568.9415132334,1415.4693808976517,849269.0211011508
2025-04-07T20:30:00.000+0000,1568149.4013927616,1415.4693808976517,852971.8480169836
2025-04-07T20:40:00.000+0000,1558048.9957766903,1415.4693808976517,854904.8962025581
2025-04-07T20:50:00.000+0000,1566539.191801794,1415.4693808976517,852999.2690036776
2025-04-07T21:00:00.000+0000,1564489.8341405613,1415.4693808976517,849170.2611313214
2025-04-07T21:10:00.000+0000,1558634.5265370414,1415.4693808976517,851951.0219969372
2025-04-07T21:20:00.000+0000,1562733.2418595057,1415.4693808976517,850509.7491317606
2025-04-07T21:30:00.000+0000,1584251.4973024416,1415.4693808976517,850061.7309423259
2025-04-07T21:40:00.000+0000,1567856.636012586,1415.4693808976517,850447.4944917078
2025-04-07T21:50:00.000+0000,1555560.490045194,1415.4693808976517,856535.3571947189
2025-04-07T22:00:00.000+0000,1555121.3419749294,1415.4693808976517,855620.5770092995
2025-04-07T22:10:00.000+0000,1540483.0729661295,1415.4693808976517,858789.3731629283
2025-04-07T22:20:00.000+0000,1539165.628755338,1415.4693808976517,860854.6611630488
2025-04-07T22:30:00.000+0000,1542825.1960075372,1415.4693808976517,862073.2335312054
2025-04-07T22:40:00.000+0000,1538726.4806850736,1415.4693808976517,862325.827218458
2025-04-07T22:50:00.000+0000,1544874.5536687702,1415.4693808976517,862669.0520227273
2025-04-07T23:00:00.000+0000,1557170.6996361618,1415.4693808976517,860510.6933617183
2025-04-07T23:10:00.000+0000,1552340.0708632583,1415.4693808976517,858306.8102128366
2025-04-07T23:20:00.000+0000,1571955.3513350498,1415.4693808976517,856935.4145182846
2025-04-07T23:30:00.000+0000,1586154.4722735856,1415.4693808976517,852766.2348799899
2025-04-07T23:40:00.000+0000,1598157.8528608014,1415.4693808976517,851440.9294839903
2025-04-07T23:50:00.000+0000,1599914.445141858,1415.4693808976517,850354.190357593
2025-04-08T00:00:00.000+0000,1596694.0259599213,1415.4693808976517,850116.4048332558
2025-04-08T00:10:00.000+0000,1582055.7569511228,1415.4693808976517,853246.6670322022
2025-04-08T00:20:00.000+0000,1586447.2376537612,1415.4693808976517,852563.3816495978
2025-04-08T00:30:00.000+0000,1580591.9300502415,1415.4693808976517,849424.4741520989
2025-04-08T00:40:00.000+0000,1588496.5953149935,1415.4693808976517,851938.3469482672
2025-04-08T00:50:00.000+0000,1596840.4086500106,1415.4693808976517,849100.4227820511
2025-04-08T01:00:00.000+0000,1594498.2856086025,1415.4693808976517,847808.7310081162
2025-04-08T01:10:00.000+0000,1579274.4858394498,1415.4693808976517,850112.7897759915
2025-04-08T01:20:00.000+0000,1552486.4535533455,1415.4693808976517,855053.2805053133
2025-04-08T01:30:00.000+0000,1537262.6537841938,1415.4693808976517,861620.1599171545
2025-04-08T01:40:00.000+0000,1526869.482787945,1415.4693808976517,868031.6966161409
2025-04-08T01:50:00.000+0000,1526576.71740777,1415.4693808976517,871637.0868217042
2025-04-08T02:00:00.000+0000,1499056.7716712255,1415.4693808976517,871949.361899225
2025-04-08T02:10:00.000+0000,1480612.5527201386,1415.4693808976517,877154.8927204225
2025-04-08T02:20:00.000+0000,1463924.926050106,1415.4693808976517,877339.3763167432
2025-04-08T02:30:00.000+0000,1447676.4474503384,1415.4693808976517,874274.3668418447
2025-04-08T02:40:00.000+0000,1435526.6841730336,1415.4693808976517,873296.8286899432
2025-04-08T02:50:00.000+0000,1459387.0626573781,1415.4693808976517,870895.8172572297
2025-04-08T03:00:00.000+0000,1445187.9417188417,1415.4693808976517,869429.6666604958
2025-04-08T03:10:00.000+0000,1469487.46827345,1415.4693808976517,867710.4332425407
2025-04-08T03:20:00.000+0000,1458069.618446586,1415.4693808976517,868175.4533600195
2025-04-08T03:30:00.000+0000,1462900.2472194897,1415.4693808976517,870136.4693034692
2025-04-08T03:40:00.000+0000,1466120.6664014254,1415.4693808976517,868546.5963514415
2025-04-08T03:50:00.000+0000,1469780.2336536257,1415.4693808976517,867776.3552291747
2025-04-08T04:00:00.000+0000,1448847.5089710418,1415.4693808976517,869663.3820214935
2025-04-08T04:10:00.000+0000,1454702.8165745614,1415.4693808976517,871569.7296634084
2025-04-08T04:20:00.000+0000,1463193.0125996661,1415.4693808976517,873868.5890879626
2025-04-08T04:30:00.000+0000,1451921.54546289,1415.4693808976517,873071.2595758135
2025-04-08T04:40:00.000+0000,1453238.9896736823,1415.4693808976517,872824.701986774
2025-04-08T04:50:00.000+0000,1468901.937513098,1415.4693808976517,874520.4500438108
2025-04-08T05:00:00.000+0000,1478270.42967873,1415.4693808976517,870391.3076947993
2025-04-08T05:10:00.000+0000,1500520.5985721056,1415.4693808976517,867802.6524195005
2025-04-08T05:20:00.000+0000,1515158.867580905,1415.4693808976517,866788.1428765976
2025-04-08T05:30:00.000+0000,1526430.3347176819,1415.4693808976517,867032.4032486021
2025-04-08T05:40:00.000+0000,1531553.7288707616,1415.4693808976517,867282.774767946
2025-04-08T05:50:00.000+0000,1534042.2346022571,1415.4693808976517,867051.9500236508
2025-04-08T06:00:00.000+0000,1542825.1960075372,1415.4693808976517,864262.5127738246
2025-04-08T06:10:00.000+0000,1538433.7153048974,1415.4693808976517,861841.3664964319
2025-04-08T06:20:00.000+0000,1533456.7038419063,1415.4693808976517,861351.8564757598
2025-04-08T06:30:00.000+0000,1533456.7038419063,1415.4693808976517,860616.1035143711
2025-04-08T06:40:00.000+0000,1531992.876941026,1415.4693808976517,861422.8534273666
2025-04-08T06:50:00.000+0000,1533017.555771642,1415.4693808976517,859967.4587965563
2025-04-08T07:00:00.000+0000,1533163.9384617298,1415.4693808976517,857674.595003417
2025-04-08T07:10:00.000+0000,1526137.5693375068,1415.4693808976517,858137.5392773516
2025-04-08T07:20:00.000+0000,1524820.1251267127,1415.4693808976517,859772.7351613347
2025-04-08T07:30:00.000+0000,1530382.6673500575,1415.4693808976517,858290.3633996808
2025-04-08T07:40:00.000+0000,1527455.0135482978,1415.4693808976517,856685.3794053568
2025-04-08T07:50:00.000+0000,1528186.9269987375,1415.4693808976517,855638.4398202719
2025-04-08T08:00:00.000+0000,1528186.9269987375,1415.4693808976517,855916.9970100294
2025-04-08T08:10:00.000+0000,1545167.3190489456,1415.4693808976517,852815.944823486
2025-04-08T08:20:00.000+0000,1545167.3190489456,1415.4693808976517,851551.8321652693
2025-04-08T08:30:00.000+0000,1548826.8863011461,1415.4693808976517,853191.6106786628
2025-04-08T08:40:00.000+0000,1547509.4420903544,1415.4693808976517,854305.4762560809
2025-04-08T08:50:00.000+0000,1541068.6037264816,1415.4693808976517,853915.0159117326
2025-04-08T09:00:00.000+0000,1536530.7403337534,1415.4693808976517,854972.564324584
2025-04-08T09:10:00.000+0000,1533749.4692220814,1415.4693808976517,855556.7311612857
2025-04-08T09:20:00.000+0000,1532578.4077013773,1415.4693808976517,854262.3851682511
2025-04-08T09:30:00.000+0000,1543996.2575282424,1415.4693808976517,854654.7331967535
2025-04-08T09:40:00.000+0000,1543557.1094579778,1415.4693808976517,857733.9861327563
2025-04-08T09:50:00.000+0000,1548826.8863011461,1415.4693808976517,855975.1244396821
2025-04-08T10:00:00.000+0000,1544435.4055985054,1415.4693808976517,855289.470824162
2025-04-08T10:10:00.000+0000,1533895.8519121697,1415.4693808976517,856440.2959879218
2025-04-08T10:20:00.000+0000,1532432.0250112894,1415.4693808976517,857309.419553564
2025-04-08T10:30:00.000+0000,1528626.0750690019,1415.4693808976517,857583.4104526739
2025-04-08T10:40:00.000+0000,1526723.1000978576,1415.4693808976517,858686.379087699
2025-04-08T10:50:00.000+0000,1526430.3347176819,1415.4693808976517,856957.5373688658
2025-04-08T11:00:00.000+0000,1525405.6558870657,1415.4693808976517,856835.1157012461
2025-04-08T11:10:00.000+0000,1527747.7789284736,1415.4693808976517,858358.3309579939
2025-04-08T11:20:00.000+0000,1518086.5213826655,1415.4693808976517,860821.0561797678
2025-04-08T11:30:00.000+0000,1505790.375415274,1415.4693808976517,864648.255432482
2025-04-08T11:40:00.000+0000,1495397.204419026,1415.4693808976517,865987.4866811691
2025-04-08T11:50:00.000+0000,1494372.52558841,1415.4693808976517,870065.8666191315
2025-04-08T12:00:00.000+0000,1485296.7988029534,1415.4693808976517,869108.0990392884
2025-04-08T12:10:00.000+0000,1486028.7122533931,1415.4693808976517,868763.586094362
2025-04-08T12:20:00.000+0000,1484564.8853525133,1415.4693808976517,866051.1301773321
2025-04-08T12:30:00.000+0000,1486467.8603236573,1415.4693808976517,864002.5779545044
2025-04-08T12:40:00.000+0000,1490273.8102659457,1415.4693808976517,862338.5325211347
2025-04-08T12:50:00.000+0000,1490859.3410262982,1415.4693808976517,861941.7924282723
2025-04-08T13:00:00.000+0000,1483393.8238318104,1415.4693808976517,864633.5072410037
2025-04-08T13:10:00.000+0000,1484272.1199723382,1415.4693808976517,865415.411044675
2025-04-08T13:20:00.000+0000,1484857.65073269,1415.4693808976517,868887.8854927019
2025-04-08T13:30:00.000+0000,1490566.5756461213,1415.4693808976517,860316.8612299424
2025-04-08T13:40:00.000+0000,1504619.3138945696,1415.4693808976517,861342.4837408336
2025-04-08T13:50:00.000+0000,1503594.6350639535,1415.4693808976517,860670.0400869285
2025-04-08T14:00:00.000+0000,1496568.26593973,1415.4693808976517,862833.3713341546
2025-04-08T14:10:00.000+0000,1489249.1314353293,1415.4693808976517,865938.4971807073
2025-04-08T14:20:00.000+0000,1507546.9676963303,1415.4693808976517,859128.601261116
2025-04-08T14:30:00.000+0000,1539604.776825602,1415.4693808976517,856696.8665458236
2025-04-08T14:40:00.000+0000,1550729.8612722894,1415.4693808976517,852973.9181818385
2025-04-08T14:50:00.000+0000,1572540.882095402,1415.4693808976517,846490.5295506471
2025-04-08T15:00:00.000+0000,1575175.7705169856,1415.4693808976517,845563.9735914178
2025-04-08T15:10:00.000+0000,1587325.5337942902,1415.4693808976517,842960.0022390946
2025-04-08T15:20:00.000+0000,1581031.0781205052,1415.4693808976517,843267.8085755442
2025-04-08T15:30:00.000+0000,1572394.4994053137,1415.4693808976517,843996.0207716094
2025-04-08T15:40:00.000+0000,1575468.5358971625,1415.4693808976517,844388.5545181241
2025-04-08T15:50:00.000+0000,1586886.3857240253,1415.4693808976517,842617.9727836499
2025-04-08T16:00:00.000+0000,1595962.1125094811,1415.4693808976517,842801.7758671591
2025-04-08T16:10:00.000+0000,1598011.4701707144,1415.4693808976517,837751.7893504512
2025-04-08T16:20:00.000+0000,1619090.577543385,1415.4693808976517,835438.0394611575
2025-04-08T16:30:00.000+0000,1631972.2542711291,1415.4693808976517,829130.7027119517
2025-04-08T16:40:00.000+0000,1650270.0905321299,1415.4693808976517,826523.7284464543
2025-04-08T16:50:00.000+0000,1645732.2271394022,1415.4693808976517,823632.4661423091
2025-04-08T17:00:00.000+0000,1658174.7557968814,1415.4693808976517,821480.826793061
2025-04-08T17:10:00.000+0000,1674130.4690164742,1415.4693808976517,818250.8620118264
2025-04-08T17:20:00.000+0000,1690232.5649261544,1415.4693808976517,813849.4840208793
2025-04-08T17:30:00.000+0000,1685401.9361532505,1415.4693808976517,816492.7912768092
2025-04-08T17:40:00.000+0000,1664030.0634004022,1415.4693808976517,821864.9913452085
2025-04-08T17:50:00.000+0000,1635778.2042134185,1415.4693808976517,823172.3039446333
2025-04-08T18:00:00.000+0000,1636656.5003539454,1415.4693808976517,823334.5106838874
2025-04-08T18:10:00.000+0000,1643829.2521682587,1415.4693808976517,823452.3604357466
2025-04-08T18:20:00.000+0000,1629483.7485396322,1415.4693808976517,827499.7308455878
2025-04-08T18:30:00.000+0000,1623774.8236262016,1415.4693808976517,828832.1975222547
2025-04-08T18:40:00.000+0000,1627434.390878402,1415.4693808976517,826938.5047627841
2025-04-08T18:50:00.000+0000,1630069.279299986,1415.4693808976517,825946.2393815638
2025-04-08T19:00:00.000+0000,1626848.8601180494,1415.4693808976517,822610.3298298074
2025-04-08T19:10:00.000+0000,1641633.5118169375,1415.4693808976517,818590.8430247917
2025-04-08T19:20:00.000+0000,1637681.179184561,1415.4693808976517,821770.0595695794
2025-04-08T19:30:00.000+0000,1644268.4002385226,1415.4693808976517,816316.9722957568
2025-04-08T19:40:00.000+0000,1654076.040474419,1415.4693808976517,814897.454181077
2025-04-08T19:50:00.000+0000,1634167.9946224496,1415.4693808976517,818996.6164682114
2025-04-08T20:00:00.000+0000,1613820.8007002175,1415.4693808976517,817698.8542730936
2025-04-08T20:10:00.000+0000,1615431.0102911855,1415.4693808976517,818906.043247766
2025-04-08T20:20:00.000+0000,1629922.8966098982,1415.4693808976517,818282.6349090168
2025-04-08T20:30:00.000+0000,1617919.516022682,1415.4693808976517,820283.1432575122
2025-04-08T20:40:00.000+0000,1616309.3064317137,1415.4693808976517,824849.3602250786
2025-04-08T20:50:00.000+0000,1627288.0081883133,1415.4693808976517,826214.6694190437
2025-04-08T21:00:00.000+0000,1623921.2063162907,1415.4693808976517,824814.8634789936
2025-04-08T21:10:00.000+0000,1638413.0926350018,1415.4693808976517,823837.9331964375
2025-04-08T21:20:00.000+0000,1641194.3637466733,1415.4693808976517,823504.046768408
2025-04-08T21:30:00.000+0000,1636510.1176638578,1415.4693808976517,821819.8247089103
2025-04-08T21:40:00.000+0000,1646756.9059700177,1415.4693808976517,826231.0889382875
2025-04-08T21:50:00.000+0000,1643097.3387178173,1415.4693808976517,826281.7245831867
2025-04-08T22:00:00.000+0000,1645732.2271394022,1415.4693808976517,820805.2848762833
2025-04-08T22:10:00.000+0000,1646610.5232799307,1415.4693808976517,822033.8032485256
2025-04-08T22:20:00.000+0000,1646610.5232799307,1415.4693808976517,818804.6907650122
2025-04-08T22:30:00.000+0000,1658028.373106793,1415.4693808976517,815884.7105603857
2025-04-08T22:40:00.000+0000,1658174.7557968814,1415.4693808976517,816965.3481978016
2025-04-08T22:50:00.000+0000,1647781.5848006338,1415.4693808976517,819630.1107857997
2025-04-08T23:00:00.000+0000,1646903.288660106,1415.4693808976517,820338.4810809912
2025-04-08T23:10:00.000+0000,1646610.5232799307,1415.4693808976517,818601.8077993304
2025-04-08T23:20:00.000+0000,1642804.573337642,1415.4693808976517,820099.8893865615
2025-04-08T23:30:00.000+0000,1643097.3387178173,1415.4693808976517,821705.9757499536
2025-04-08T23:40:00.000+0000,1643682.8694781691,1415.4693808976517,821484.6735437608
2025-04-08T23:50:00.000+0000,1639876.9195358818,1415.4693808976517,821784.8479863567
2025-04-09T00:00:00.000+0000,1636656.5003539454,1415.4693808976517,817567.7316816642
2025-04-09T00:10:00.000+0000,1585276.1761330573,1415.4693808976517,822053.8984580578
2025-04-09T00:20:00.000+0000,1562147.7110991536,1415.4693808976517,824096.7359113996
2025-04-09T00:30:00.000+0000,1557170.6996361618,1415.4693808976517,821575.678001604
2025-04-09T00:40:00.000+0000,1560391.118818098,1415.4693808976517,819657.2616063559
2025-04-09T00:50:00.000+0000,1569905.9936738173,1415.4693808976517,818108.0268553352
2025-04-09T01:00:00.000+0000,1587911.064554642,1415.4693808976517,811234.022952365
2025-04-09T01:10:00.000+0000,1602695.71625353,1415.4693808976517,799268.5830016148
2025-04-09T01:20:00.000+0000,1613967.1833903063,1415.4693808976517,790678.4461255812
2025-04-09T01:30:00.000+0000,1574443.8570665456,1415.4693808976517,793908.8869214742
2025-04-09T01:40:00.000+0000,1542678.8133174507,1415.4693808976517,803057.5289200761
2025-04-09T01:50:00.000+0000,1522478.0020853055,1415.4693808976517,808918.8286624742
2025-04-09T02:00:00.000+0000,1504912.0792747464,1415.4693808976517,813635.2404750986
2025-04-09T02:10:00.000+0000,1510181.8561179142,1415.4693808976517,814803.0308739909
2025-04-09T02:20:00.000+0000,1520135.8790438974,1415.4693808976517,809871.6276714867
2025-04-09T02:30:00.000+0000,1529504.3712095292,1415.4693808976517,810377.3966767178
2025-04-09T02:40:00.000+0000,1537409.0364742817,1415.4693808976517,806099.2905048099
2025-04-09T02:50:00.000+0000,1535798.826883314,1415.4693808976517,804755.0450942387
2025-04-09T03:00:00.000+0000,1529211.605829354,1415.4693808976517,802950.3337928184
2025-04-09T03:10:00.000+0000,1526723.1000978576,1415.4693808976517,804565.6374092721
2025-04-09T03:20:00.000+0000,1543117.9613877137,1415.4693808976517,802573.5878275243
2025-04-09T03:30:00.000+0000,1557024.3169460734,1415.4693808976517,802729.7083434088
2025-04-09T03:40:00.000+0000,1558927.2919172177,1415.4693808976517,799311.5111669588
2025-04-09T03:50:00.000+0000,1566100.0437315304,1415.4693808976517,801564.1155192491
2025-04-09T04:00:00.000+0000,1557317.0823262495,1415.4693808976517,801267.0402068949
2025-04-09T04:10:00.000+0000,1555267.7246650178,1415.4693808976517,805411.3064581542
2025-04-09T04:20:00.000+0000,1557609.847706426,1415.4693808976517,806034.365306895
2025-04-09T04:30:00.000+0000,1523649.063606011,1415.4693808976517,808809.3805767256
2025-04-09T04:40:00.000+0000,1494665.290968586,1415.4693808976517,816044.2164341949
2025-04-09T04:50:00.000+0000,1502716.3389234256,1415.4693808976517,815259.1518476831
2025-04-09T05:00:00.000+0000,1517061.84255205,1415.4693808976517,815111.4115706095
2025-04-09T05:10:00.000+0000,1495982.7351793777,1415.4693808976517,818092.4657955009
2025-04-09T05:20:00.000+0000,1490712.95833621,1415.4693808976517,819477.1263881444
2025-04-09T05:30:00.000+0000,1480173.4046498744,1415.4693808976517,819068.552624901
2025-04-09T05:40:00.000+0000,1497153.796700082,1415.4693808976517,818339.1568668124
2025-04-09T05:50:00.000+0000,1497446.5620802573,1415.4693808976517,819425.1015742003
2025-04-09T06:00:00.000+0000,1483832.9719020738,1415.4693808976517,821218.7953109073
2025-04-09T06:10:00.000+0000,1471390.4432445935,1415.4693808976517,825445.1867830907
2025-04-09T06:20:00.000+0000,1471829.5913148578,1415.4693808976517,823065.548952915
2025-04-09T06:30:00.000+0000,1487638.9218443618,1415.4693808976517,822824.3769796434
2025-04-09T06:40:00.000+0000,1480319.787339962,1415.4693808976517,823189.8454268784
2025-04-09T06:50:00.000+0000,1490273.8102659457,1415.4693808976517,822175.7950054372
2025-04-09T07:00:00.000+0000,1473293.4182157377,1415.4693808976517,822910.4951684797
2025-04-09T07:10:00.000+0000,1459387.0626573781,1415.4693808976517,829692.1167126461
2025-04-09T07:20:00.000+0000,1466559.8144716898,1415.4693808976517,829007.5408015831
2025-04-09T07:30:00.000+0000,1470512.1471040656,1415.4693808976517,833181.7364529877
2025-04-09T07:40:00.000+0000,1461290.0376285217,1415.4693808976517,834238.6003376412
2025-04-09T07:50:00.000+0000,1464364.0741203695,1415.4693808976517,833294.7323540066
2025-04-09T08:00:00.000+0000,1412837.3672093938,1415.4693808976517,830709.3340786155
2025-04-09T08:10:00.000+0000,1441674.75715673,1415.4693808976517,829629.4769271065
2025-04-09T08:20:00.000+0000,1422352.2420651147,1415.4693808976517,831237.6015916213
2025-04-09T08:30:00.000+0000,1416350.5517715057,1415.4693808976517,828324.8970925765
2025-04-09T08:40:00.000+0000,1426450.9573875775,1415.4693808976517,828306.6461760232
2025-04-09T08:50:00.000+0000,1426597.3400776663,1415.4693808976517,829141.0036253764
2025-04-09T09:00:00.000+0000,1434062.8572721544,1415.4693808976517,831402.974756687
2025-04-09T09:10:00.000+0000,1438161.572594617,1415.4693808976517,829714.5924606114
2025-04-09T09:20:00.000+0000,1463046.629909578,1415.4693808976517,828416.3882787284
2025-04-09T09:30:00.000+0000,1475635.5412571458,1415.4693808976517,827016.1066012369
2025-04-09T09:40:00.000+0000,1470804.9124842414,1415.4693808976517,828540.7769543726
2025-04-09T09:50:00.000+0000,1471975.9740049455,1415.4693808976517,830021.3990661064
2025-04-09T10:00:00.000+0000,1460997.272248345,1415.4693808976517,828308.2853806976
2025-04-09T10:10:00.000+0000,1448554.743590865,1415.4693808976517,830000.3151700632
2025-04-09T10:20:00.000+0000,1450018.5704917458,1415.4693808976517,829064.2332117795
2025-04-09T10:30:00.000+0000,1456752.1742357935,1415.4693808976517,826188.7201447177
2025-04-09T10:40:00.000+0000,1468901.937513098,1415.4693808976517,827564.6089320172
2025-04-09T10:50:00.000+0000,1446359.0032395455,1415.4693808976517,830844.9418748906
2025-04-09T11:00:00.000+0000,1463046.629909578,1415.4693808976517,815228.5543116792
2025-04-09T11:10:00.000+0000,1476074.68932741,1415.4693808976517,816926.8654414264
2025-04-09T11:20:00.000+0000,1478709.5777489934,1415.4693808976517,815947.9976089185
2025-04-09T11:30:00.000+0000,1477831.2816084654,1415.4693808976517,810327.3825570494
2025-04-09T11:40:00.000+0000,1495543.5871091145,1415.4693808976517,808905.7095700307
2025-04-09T11:50:00.000+0000,1490566.5756461213,1415.4693808976517,812477.4178026674
2025-04-09T12:00:00.000+0000,1498910.3889811374,1415.4693808976517,811408.0853080163
2025-04-09T12:10:00.000+0000,1492762.315997442,1415.4693808976517,814104.4419792378
2025-04-09T12:20:00.000+0000,1492615.9333073534,1415.4693808976517,811062.4919578969
2025-04-09T12:30:00.000+0000,1509596.3253575626,1415.4693808976517,808438.2734644226
2025-04-09T12:40:00.000+0000,1497739.3274604345,1415.4693808976517,811544.7284192888
2025-04-09T12:50:00.000+0000,1477684.8989183782,1415.4693808976517,818578.1733597347
2025-04-09T13:00:00.000+0000,1477684.8989183782,1415.4693808976517,819032.3391479207
2025-04-09T13:10:00.000+0000,1481198.0834804897,1415.4693808976517,818678.9228201807
2025-04-09T13:20:00.000+0000,1490127.4275758578,1415.4693808976517,816561.0104447606
2025-04-09T13:30:00.000+0000,1471390.4432445935,1415.4693808976517,819867.1398986897
2025-04-09T13:40:00.000+0000,1449725.80511157,1415.4693808976517,825880.2485253508
2025-04-09T13:50:00.000+0000,1453385.3723637692,1415.4693808976517,828846.4835964595
2025-04-09T14:00:00.000+0000,1421034.797854321,1415.4693808976517,829039.5071346241
2025-04-09T14:10:00.000+0000,1406542.9115356095,1415.4693808976517,827446.9971339109
2025-04-09T14:20:00.000+0000,1408738.6518869305,1415.4693808976517,830597.509693461
2025-04-09T14:30:00.000+0000,1383121.6811215305,1415.4693808976517,831489.9752200337
2025-04-09T14:40:00.000+0000,1382682.5330512659,1415.4693808976517,828752.785248652
2025-04-09T14:50:00.000+0000,1403029.7269734975,1415.4693808976517,824918.626047547
2025-04-09T15:00:00.000+0000,1409177.7999571934,1415.4693808976517,826603.4983301322
2025-04-09T15:10:00.000+0000,1385610.186853026,1415.4693808976517,830070.58633074
2025-04-09T15:20:00.000+0000,1382975.298431442,1415.4693808976517,831997.6458603803
2025-04-09T15:30:00.000+0000,1395856.9751591857,1415.4693808976517,829003.9123656505
2025-04-09T15:40:00.000+0000,1384878.2734025863,1415.4693808976517,828494.8625096929
2025-04-09T15:50:00.000+0000,1379169.3484891537,1415.4693808976517,829514.7190885085
2025-04-09T16:00:00.000+0000,1391319.111766458,1415.4693808976517,829646.9556836017
2025-04-09T16:10:00.000+0000,1387659.5445142575,1415.4693808976517,833530.3769391077
2025-04-09T16:20:00.000+0000,1403468.8750437626,1415.4693808976517,833228.8240589758
2025-04-09T16:30:00.000+0000,1376388.0773774819,1415.4693808976517,833852.8392117784
2025-04-09T16:40:00.000+0000,1384878.2734025863,1415.4693808976517,835995.8858111491
2025-04-09T16:50:00.000+0000,1362628.1045092093,1415.4693808976517,838031.6499286188
2025-04-09T17:00:00.000+0000,1361457.0429885057,1415.4693808976517,841882.721556823
2025-04-09T17:10:00.000+0000,1381365.0888404737,1415.4693808976517,836285.0212617317
2025-04-09T17:20:00.000+0000,1237617.2871740574,1415.4693808976517,853096.1615899254
2025-04-09T17:30:00.000+0000,1238495.583314586,1415.4693808976517,884824.3456862271
2025-04-09T17:40:00.000+0000,1222832.6354751696,1415.4693808976517,887197.4250701201
2025-04-09T17:50:00.000+0000,1178917.8284487696,1415.4693808976517,894678.4119438424
2025-04-09T18:00:00.000+0000,1210097.341437513,1415.4693808976517,901107.0936936443
2025-04-09T18:10:00.000+0000,1212146.6990987465,1415.4693808976517,905271.5751866042
2025-04-09T18:20:00.000+0000,1221076.043194114,1415.4693808976517,913796.6986962871
2025-04-09T18:30:00.000+0000,1243179.8293974013,1415.4693808976517,911909.2530078054
2025-04-09T18:40:00.000+0000,1260452.986827786,1415.4693808976517,903683.7989867041
2025-04-09T18:50:00.000+0000,1287387.4018039776,1415.4693808976517,901461.6587774395
2025-04-09T19:00:00.000+0000,1268943.1828528894,1415.4693808976517,902305.9354199655
2025-04-09T19:10:00.000+0000,1257671.715716114,1415.4693808976517,905811.4788651774
2025-04-09T19:20:00.000+0000,1252401.9388729455,1415.4693808976517,909736.3453234341
2025-04-09T19:30:00.000+0000,1255768.74074497,1415.4693808976517,908450.1455594087
2025-04-09T19:40:00.000+0000,1256939.8022656734,1415.4693808976517,907276.280759665
2025-04-09T19:50:00.000+0000,1247424.927409954,1415.4693808976517,907790.0059654305
2025-04-09T20:00:00.000+0000,1247717.6927901304,1415.4693808976517,909419.4133990287
2025-04-09T20:10:00.000+0000,1260452.986827786,1415.4693808976517,910054.0572328888
2025-04-09T20:20:00.000+0000,1261770.4310385776,1415.4693808976517,908287.218412838
2025-04-09T20:30:00.000+0000,1258403.629166554,1415.4693808976517,908625.6912263058
2025-04-09T20:40:00.000+0000,1259428.307997169,1415.4693808976517,911436.4953625472
2025-04-09T20:50:00.000+0000,1228248.7950084251,1415.4693808976517,913807.2758482439
2025-04-09T21:00:00.000+0000,1228102.4123183382,1415.4693808976517,916299.9757661404
2025-04-09T21:10:00.000+0000,1218880.3028427935,1415.4693808976517,918712.5303310892
2025-04-09T21:20:00.000+0000,1224296.4623760493,1415.4693808976517,917781.5621948501
2025-04-09T21:30:00.000+0000,1235714.3122029132,1415.4693808976517,913806.8770290129
2025-04-09T21:40:00.000+0000,1214781.5875203293,1415.4693808976517,915294.1972667072
2025-04-09T21:50:00.000+0000,1204973.9472844338,1415.4693808976517,917066.9891229314
2025-04-09T22:00:00.000+0000,1216391.797111298,1415.4693808976517,918115.95868329
2025-04-09T22:10:00.000+0000,1223857.3143057858,1415.4693808976517,920103.1016061644
2025-04-09T22:20:00.000+0000,1227077.733487722,1415.4693808976517,920452.5131613327
2025-04-09T22:30:00.000+0000,1230883.6834300105,1415.4693808976517,919516.2272414718
2025-04-09T22:40:00.000+0000,1235275.1641326502,1415.4693808976517,917337.2612356534
2025-04-09T22:50:00.000+0000,1240544.9409758176,1415.4693808976517,916960.2922692834
2025-04-09T23:00:00.000+0000,1241716.002496522,1415.4693808976517,916168.2341894868
2025-04-09T23:10:00.000+0000,1253573.0003936489,1415.4693808976517,913274.0405603413
2025-04-09T23:20:00.000+0000,1270260.6270636823,1415.4693808976517,912268.5770043066
2025-04-09T23:30:00.000+0000,1276115.9346672022,1415.4693808976517,913385.6451638725
2025-04-09T23:40:00.000+0000,1288265.6979445058,1415.4693808976517,914300.0281576462
2025-04-09T23:50:00.000+0000,1290168.6729156494,1415.4693808976517,913985.6971077311
2025-04-10T00:00:00.000+0000,1284166.9826220414,1415.4693808976517,912420.6289844364
2025-04-10T00:10:00.000+0000,1296170.3632092585,1415.4693808976517,910833.0599477073
2025-04-10T00:20:00.000+0000,1299390.782391194,1415.4693808976517,909757.5439216094
2025-04-10T00:30:00.000+0000,1298805.2516308418,1415.4693808976517,905406.9508421621
2025-04-10T00:40:00.000+0000,1313150.7552594661,1415.4693808976517,902161.3958023788
2025-04-10T00:50:00.000+0000,1297341.424729962,1415.4693808976517,902429.7805081639
2025-04-10T01:00:00.000+0000,1291046.9690561772,1415.4693808976517,906218.4283942822
2025-04-10T01:10:00.000+0000,1286509.1056634493,1415.4693808976517,905592.6024576774
2025-04-10T01:20:00.000+0000,1278897.2057788738,1415.4693808976517,903895.8761148448
2025-04-10T01:30:00.000+0000,1289583.1421552978,1415.4693808976517,900958.3268211267
2025-04-10T01:40:00.000+0000,1278604.4403986973,1415.4693808976517,902940.2178698634
2025-04-10T01:50:00.000+0000,1279775.5019194016,1415.4693808976517,903053.4986839155
2025-04-10T02:00:00.000+0000,1285191.6614526578,1415.4693808976517,902208.743621071
2025-04-10T02:10:00.000+0000,1267332.9732619221,1415.4693808976517,905520.0051406097
2025-04-10T02:20:00.000+0000,1251962.7908026818,1415.4693808976517,905983.1437534813
2025-04-10T02:30:00.000+0000,1250498.9639018017,1415.4693808976517,904359.108816341
2025-04-10T02:40:00.000+0000,1252255.5561828583,1415.4693808976517,902692.0259053286
2025-04-10T02:50:00.000+0000,1255183.209984618,1415.4693808976517,901928.3022438292
2025-04-10T03:00:00.000+0000,1263087.875249369,1415.4693808976517,899553.4089459751
2025-04-10T03:10:00.000+0000,1280946.5634401059,1415.4693808976517,890721.113502884
2025-04-10T03:20:00.000+0000,1324275.8397061538,1415.4693808976517,889731.8432277057
2025-04-10T03:30:00.000+0000,1312272.4591189378,1415.4693808976517,888808.1025766946
2025-04-10T03:40:00.000+0000,1317103.0878918413,1415.4693808976517,891431.7118504555
2025-04-10T03:50:00.000+0000,1323836.6916358897,1415.4693808976517,891534.5741245743
2025-04-10T04:00:00.000+0000,1326617.9627475617,1415.4693808976517,892644.4408138918
2025-04-10T04:10:00.000+0000,1316956.7052017532,1415.4693808976517,892115.5911693029
2025-04-10T04:20:00.000+0000,1324422.2223962417,1415.4693808976517,891323.1281264459
2025-04-10T04:30:00.000+0000,1321494.568594481,1415.4693808976517,890471.7003981862
2025-04-10T04:40:00.000+0000,1304075.02847401,1415.4693808976517,893624.0451509798
2025-04-10T04:50:00.000+0000,1308759.2745568259,1415.4693808976517,895064.1009092387
2025-04-10T05:00:00.000+0000,1303196.7323334825,1415.4693808976517,894736.2851617502
2025-04-10T05:10:00.000+0000,1289436.7594652094,1415.4693808976517,896018.2493807138
2025-04-10T05:20:00.000+0000,1291778.8825066178,1415.4693808976517,896568.2534185102
2025-04-10T05:30:00.000+0000,1303782.2630938329,1415.4693808976517,896984.0321308129
2025-04-10T05:40:00.000+0000,1299976.3131515458,1415.4693808976517,896360.3217086168
2025-04-10T05:50:00.000+0000,1306856.2995856819,1415.4693808976517,895788.2429062466
2025-04-10T06:00:00.000+0000,1308759.2745568259,1415.4693808976517,897127.27448596
2025-04-10T06:10:00.000+0000,1305099.7073046258,1415.4693808976517,898914.2564408212
2025-04-10T06:20:00.000+0000,1305978.003445154,1415.4693808976517,897133.3642059993
2025-04-10T06:30:00.000+0000,1306417.1515154182,1415.4693808976517,895430.8424551599
2025-04-10T06:40:00.000+0000,1311686.9283585865,1415.4693808976517,894337.9766207357
2025-04-10T06:50:00.000+0000,1295877.5978290818,1415.4693808976517,895421.2328217727
2025-04-10T07:00:00.000+0000,1280800.1807500178,1415.4693808976517,895709.6582657539
2025-04-10T07:10:00.000+0000,1265429.998290778,1415.4693808976517,895061.3231255835
2025-04-10T07:20:00.000+0000,1261916.8137286657,1415.4693808976517,893121.8464614697
2025-04-10T07:30:00.000+0000,1271724.453964562,1415.4693808976517,884477.0026861875
2025-04-10T07:40:00.000+0000,1263087.875249369,1415.4693808976517,885548.7642525606
2025-04-10T07:50:00.000+0000,1260306.6041376977,1415.4693808976517,887385.9964474759
2025-04-10T08:00:00.000+0000,1256354.2715053225,1415.4693808976517,886141.5307967615
2025-04-10T08:10:00.000+0000,1241276.854426258,1415.4693808976517,887107.5325146915
2025-04-10T08:20:00.000+0000,1246839.396649602,1415.4693808976517,886309.4766750371
2025-04-10T08:30:00.000+0000,1247278.5447198662,1415.4693808976517,883825.9479182907
2025-04-10T08:40:00.000+0000,1245521.9524388097,1415.4693808976517,884408.7564122472
2025-04-10T08:50:00.000+0000,1248742.371620745,1415.4693808976517,885585.4274162856
2025-04-10T09:00:00.000+0000,1233811.3372317697,1415.4693808976517,884053.773782657
2025-04-10T09:10:00.000+0000,1233957.7199218578,1415.4693808976517,884143.9615982573
2025-04-10T09:20:00.000+0000,1234689.6333722977,1415.4693808976517,887803.0477040305
2025-04-10T09:30:00.000+0000,1232786.658401154,1415.4693808976517,888401.2993183783
2025-04-10T09:40:00.000+0000,1217270.0932518262,1415.4693808976517,887966.1198781747
2025-04-10T09:50:00.000+0000,1216684.5624914735,1415.4693808976517,889726.4069144886
2025-04-10T10:00:00.000+0000,1204973.9472844338,1415.4693808976517,889657.1585217927
2025-04-10T10:10:00.000+0000,1198825.8743007386,1415.4693808976517,887406.8237975492
2025-04-10T10:20:00.000+0000,1220051.3643634971,1415.4693808976517,885900.0221755744
2025-04-10T10:30:00.000+0000,1210536.4895077778,1415.4693808976517,886155.1189283829
2025-04-10T10:40:00.000+0000,1198972.2569908255,1415.4693808976517,884133.7212821394
2025-04-10T10:50:00.000+0000,1179503.359209122,1415.4693808976517,885001.7872202564
2025-04-10T11:00:00.000+0000,1171598.69394437,1415.4693808976517,885330.2724896893
2025-04-10T11:10:00.000+0000,1198240.3435403854,1415.4693808976517,881832.6029610466
2025-04-10T11:20:00.000+0000,1205559.4780447849,1415.4693808976517,882963.0635986467
2025-04-10T11:30:00.000+0000,1232640.2757110659,1415.4693808976517,883157.8783445394
2025-04-10T11:40:00.000+0000,1213024.9952392739,1415.4693808976517,885748.0554395036
2025-04-10T11:50:00.000+0000,1208633.5145366334,1415.4693808976517,884452.0134005161
2025-04-10T12:00:00.000+0000,1217270.0932518262,1415.4693808976517,883185.9165817196
2025-04-10T12:10:00.000+0000,1208633.5145366334,1415.4693808976517,884532.7167570115
2025-04-10T12:20:00.000+0000,1198972.2569908255,1415.4693808976517,886191.3347753058
2025-04-10T12:30:00.000+0000,1175404.643886658,1415.4693808976517,890190.7559181557
2025-04-10T12:40:00.000+0000,1218294.7720824424,1415.4693808976517,883311.4904469727
2025-04-10T12:50:00.000+0000,1253573.0003936489,1415.4693808976517,880511.5684705115
2025-04-10T13:00:00.000+0000,1269821.4789934175,1415.4693808976517,880012.8433252209
2025-04-10T13:10:00.000+0000,1262648.7271791054,1415.4693808976517,879829.5237505676
2025-04-10T13:20:00.000+0000,1249327.902381098,1415.4693808976517,883114.4631736696
2025-04-10T13:30:00.000+0000,1258696.3945467293,1415.4693808976517,872885.2824554553
2025-04-10T13:40:00.000+0000,1262502.344489018,1415.4693808976517,872247.6097470183
2025-04-10T13:50:00.000+0000,1261770.4310385776,1415.4693808976517,874906.5654174257
2025-04-10T14:00:00.000+0000,1265576.3809808656,1415.4693808976517,872898.1073073011
2025-04-10T14:10:00.000+0000,1264258.9367700734,1415.4693808976517,872594.6989018237
2025-04-10T14:20:00.000+0000,1241569.619806434,1415.4693808976517,876955.3719684868
2025-04-10T14:30:00.000+0000,1229273.4738390415,1415.4693808976517,880209.2161006918
2025-04-10T14:40:00.000+0000,1208926.2799168096,1415.4693808976517,880717.6738716322
2025-04-10T14:50:00.000+0000,1227224.1161778094,1415.4693808976517,876314.7761894627
2025-04-10T15:00:00.000+0000,1233372.1891615053,1415.4693808976517,872694.758450459
2025-04-10T15:10:00.000+0000,1233957.7199218578,1415.4693808976517,865348.6013106236
2025-04-10T15:20:00.000+0000,1273627.4289357055,1415.4693808976517,861317.9181626451
2025-04-10T15:30:00.000+0000,1293389.092097586,1415.4693808976517,849215.821721954
2025-04-10T15:40:00.000+0000,1296023.9805191695,1415.4693808976517,843696.6621217462
2025-04-10T15:50:00.000+0000,1315785.6436810498,1415.4693808976517,845987.76020342
2025-04-10T16:00:00.000+0000,1332766.0357312579,1415.4693808976517,842378.6587056662
2025-04-10T16:10:00.000+0000,1327203.4935079145,1415.4693808976517,844051.3646853413
2025-04-10T16:20:00.000+0000,1303196.7323334825,1415.4693808976517,840075.0164104346
2025-04-10T16:30:00.000+0000,1296463.128589434,1415.4693808976517,846309.3299352117
2025-04-10T16:40:00.000+0000,1297195.0420398745,1415.4693808976517,846183.5052026778
2025-04-10T16:50:00.000+0000,1292364.4132669698,1415.4693808976517,849066.6600991684
2025-04-10T17:00:00.000+0000,1304221.411164098,1415.4693808976517,844702.1152234892
2025-04-10T17:10:00.000+0000,1315785.6436810498,1415.4693808976517,843335.527046367
2025-04-10T17:20:00.000+0000,1305099.7073046258,1415.4693808976517,843439.6589225023
2025-04-10T17:30:00.000+0000,1298951.63432093,1415.4693808976517,847153.3037162158
2025-04-10T17:40:00.000+0000,1301293.7573623378,1415.4693808976517,847968.3303982568
2025-04-10T17:50:00.000+0000,1288851.2287048574,1415.4693808976517,850587.6315192075
2025-04-10T18:00:00.000+0000,1273041.8981753537,1415.4693808976517,853018.357399622
2025-04-10T18:10:00.000+0000,1273627.4289357055,1415.4693808976517,851846.8967476304
2025-04-10T18:20:00.000+0000,1256939.8022656734,1415.4693808976517,855496.054019732
2025-04-10T18:30:00.000+0000,1248303.2235504813,1415.4693808976517,856038.7442908081
2025-04-10T18:40:00.000+0000,1243179.8293974013,1415.4693808976517,855299.9174003645
2025-04-10T18:50:00.000+0000,1252255.5561828583,1415.4693808976517,854747.4159578427
2025-04-10T19:00:00.000+0000,1250645.3465918896,1415.4693808976517,857233.466265209
2025-04-10T19:10:00.000+0000,1250352.5812117138,1415.4693808976517,856083.7697269963
2025-04-10T19:20:00.000+0000,1248156.840860393,1415.4693808976517,854169.7052243856
2025-04-10T19:30:00.000+0000,1236738.99103353,1415.4693808976517,855311.8883090455
2025-04-10T19:40:00.000+0000,1226784.968107546,1415.4693808976517,854659.63042091
2025-04-10T19:50:00.000+0000,1217855.6240121778,1415.4693808976517,857077.2682766799
2025-04-10T20:00:00.000+0000,1214196.056759978,1415.4693808976517,858798.7742470589
2025-04-10T20:10:00.000+0000,1200582.4665817935,1415.4693808976517,859437.9101005155
2025-04-10T20:20:00.000+0000,1179796.1245892982,1415.4693808976517,858014.9433834444
2025-04-10T20:30:00.000+0000,1173501.668915514,1415.4693808976517,859063.0046364546
2025-04-10T20:40:00.000+0000,1187408.024473874,1415.4693808976517,862066.366821929
2025-04-10T20:50:00.000+0000,1188432.7033044896,1415.4693808976517,863697.7042755643
2025-04-10T21:00:00.000+0000,1186383.3456432577,1415.4693808976517,863694.6809903826
2025-04-10T21:10:00.000+0000,1187700.7898540497,1415.4693808976517,861891.6791314422
2025-04-10T21:20:00.000+0000,1198533.1089205618,1415.4693808976517,859873.1535989781
2025-04-10T21:30:00.000+0000,1187700.7898540497,1415.4693808976517,861970.5853957382
2025-04-10T21:40:00.000+0000,1183309.30915141,1415.4693808976517,861194.8881605398
2025-04-10T21:50:00.000+0000,1191506.7397963377,1415.4693808976517,860967.0596311553
2025-04-10T22:00:00.000+0000,1204388.4165240813,1415.4693808976517,860592.93117419
2025-04-10T22:10:00.000+0000,1204388.4165240813,1415.4693808976517,863038.5049062434
2025-04-10T22:20:00.000+0000,1201607.14541241,1415.4693808976517,863219.4787662909
2025-04-10T22:30:00.000+0000,1181406.3341802661,1415.4693808976517,864188.2684449507
2025-04-10T22:40:00.000+0000,1193848.8628377463,1415.4693808976517,863916.4246467653
2025-04-10T22:50:00.000+0000,1173355.2862254248,1415.4693808976517,862495.9489133732
2025-04-10T23:00:00.000+0000,1171452.3112542825,1415.4693808976517,861485.5768115214
2025-04-10T23:10:00.000+0000,1168085.5093822584,1415.4693808976517,861076.9773283745
2025-04-10T23:20:00.000+0000,1178185.9149983295,1415.4693808976517,859282.1656619117
2025-04-10T23:30:00.000+0000,1183309.30915141,1415.4693808976517,859684.1587020624
2025-04-10T23:40:00.000+0000,1178625.0630685936,1415.4693808976517,862327.5811788407
2025-04-10T23:50:00.000+0000,1193702.4801476575,1415.4693808976517,862061.9895223227
2025-04-11T00:00:00.000+0000,1193409.714767482,1415.4693808976517,860350.2840275983
2025-04-11T00:10:00.000+0000,1195166.3070485373,1415.4693808976517,861789.708065693
2025-04-11T00:20:00.000+0000,1214781.5875203293,1415.4693808976517,861689.5198461062
2025-04-11T00:30:00.000+0000,1223418.1662355217,1415.4693808976517,860403.0764496386
2025-04-11T00:40:00.000+0000,1242887.0640172255,1415.4693808976517,859970.518273792
2025-04-11T00:50:00.000+0000,1248888.7543108347,1415.4693808976517,856133.2550954078
2025-04-11T01:00:00.000+0000,1253573.0003936489,1415.4693808976517,856662.2982472825
2025-04-11T01:10:00.000+0000,1235567.9295128258,1415.4693808976517,859955.3849904033
2025-04-11T01:20:00.000+0000,1228834.3257687772,1415.4693808976517,862782.7922711757
2025-04-11T01:30:00.000+0000,1201899.910792586,1415.4693808976517,864690.3031209651
2025-04-11T01:40:00.000+0000,1211561.1683383938,1415.4693808976517,865015.5107412654
2025-04-11T01:50:00.000+0000,1180820.8034199136,1415.4693808976517,868769.2917242069
2025-04-11T02:00:00.000+0000,1143785.982827649,1415.4693808976517,868619.9387225783
2025-04-11T02:10:00.000+0000,1146274.4885591457,1415.4693808976517,869068.4814242427
2025-04-11T02:20:00.000+0000,1114509.44481005,1415.4693808976517,870892.3607941302
2025-04-11T02:30:00.000+0000,1124756.2331162097,1415.4693808976517,873430.2003137711
2025-04-11T02:40:00.000+0000,1117437.098611809,1415.4693808976517,872458.2257420942
2025-04-11T02:50:00.000+0000,1102945.2122930977,1415.4693808976517,870408.0273391113
2025-04-11T03:00:00.000+0000,1088746.0913545617,1415.4693808976517,871850.4735892373
2025-04-11T03:10:00.000+0000,1096504.3739292254,1415.4693808976517,873362.7943092517
2025-04-11T03:20:00.000+0000,1092405.6586067616,1415.4693808976517,874863.3226394766
2025-04-11T03:30:00.000+0000,1098553.7315904582,1415.4693808976517,874562.5789252489
2025-04-11T03:40:00.000+0000,1109532.4333470573,1415.4693808976517,875847.3707579484
2025-04-11T03:50:00.000+0000,1092991.1893671136,1415.4693808976517,876070.1961341747
2025-04-11T04:00:00.000+0000,1096065.2258589624,1415.4693808976517,876814.9704178204
2025-04-11T04:10:00.000+0000,1081866.1049204255,1415.4693808976517,878434.996567003
2025-04-11T04:20:00.000+0000,1076010.7973169058,1415.4693808976517,878555.6104287733
2025-04-11T04:30:00.000+0000,1082744.4010609537,1415.4693808976517,877062.1176504993
2025-04-11T04:40:00.000+0000,1075132.5011763778,1415.4693808976517,876899.9907895501
2025-04-11T04:50:00.000+0000,1067666.9839818892,1415.4693808976517,877035.8826672066
2025-04-11T05:00:00.000+0000,1055956.3687748495,1415.4693808976517,874717.3995315342
2025-04-11T05:10:00.000+0000,1058884.0225766094,1415.4693808976517,875444.7706622446
2025-04-11T05:20:00.000+0000,1075718.03193673,1415.4693808976517,875241.7255164344
2025-04-11T05:30:00.000+0000,1074254.2050358495,1415.4693808976517,876991.8722454435
2025-04-11T05:40:00.000+0000,1071326.5512340898,1415.4693808976517,877392.9331095682
2025-04-11T05:50:00.000+0000,1077621.0069078736,1415.4693808976517,877474.7026430783
2025-04-11T06:00:00.000+0000,1070155.489713386,1415.4693808976517,881074.8023767906
2025-04-11T06:10:00.000+0000,1065910.3917008336,1415.4693808976517,883705.6275904779
2025-04-11T06:20:00.000+0000,1061079.7629279292,1415.4693808976517,883453.0183603961
2025-04-11T06:30:00.000+0000,1068984.4281926816,1415.4693808976517,883380.1088006659
2025-04-11T06:40:00.000+0000,1063129.120589162,1415.4693808976517,884600.479316314
2025-04-11T06:50:00.000+0000,1046880.6419893933,1415.4693808976517,883425.1982772541
2025-04-11T07:00:00.000+0000,1038244.0632742017,1415.4693808976517,881216.6097481988
2025-04-11T07:10:00.000+0000,1037073.0017534975,1415.4693808976517,881779.5919019692
2025-04-11T07:20:00.000+0000,1040732.5690056978,1415.4693808976517,880419.5378194528
2025-04-11T07:30:00.000+0000,1033120.6691211218,1415.4693808976517,880951.4949022732
2025-04-11T07:40:00.000+0000,1028582.8057283936,1415.4693808976517,884261.7424805376
2025-04-11T07:50:00.000+0000,1026240.6826869854,1415.4693808976517,883317.0562270752
2025-04-11T08:00:00.000+0000,1049369.1477208892,1415.4693808976517,878573.4670780574
2025-04-11T08:10:00.000+0000,1061518.9109981933,1415.4693808976517,882874.654685257
2025-04-11T08:20:00.000+0000,1064007.4167296898,1415.4693808976517,882429.2078943815
2025-04-11T08:30:00.000+0000,1045270.4323984255,1415.4693808976517,882720.6402847818
2025-04-11T08:40:00.000+0000,1047612.5554398336,1415.4693808976517,885008.1929389865
2025-04-11T08:50:00.000+0000,1050101.0611713296,1415.4693808976517,885198.0948643174
2025-04-11T09:00:00.000+0000,1058152.10912617,1415.4693808976517,884971.0200099268
2025-04-11T09:10:00.000+0000,1066203.15708101,1415.4693808976517,884483.232828262
2025-04-11T09:20:00.000+0000,1059469.5533369617,1415.4693808976517,886466.3422807081
2025-04-11T09:30:00.000+0000,1032095.9902905057,1415.4693808976517,890807.8081267558
2025-04-11T09:40:00.000+0000,1022581.1154347865,1415.4693808976517,891875.6890216884
2025-04-11T09:50:00.000+0000,1033413.4345012974,1415.4693808976517,892342.8634927893
2025-04-11T10:00:00.000+0000,1021702.8192942573,1415.4693808976517,891607.1182849562
2025-04-11T10:10:00.000+0000,1027997.2749680417,1415.4693808976517,891871.43308676
2025-04-11T10:20:00.000+0000,1025655.1519266336,1415.4693808976517,895809.9112680983
2025-04-11T10:30:00.000+0000,1031949.6076004175,1415.4693808976517,896776.6958775949
2025-04-11T10:40:00.000+0000,1036194.7056129698,1415.4693808976517,894838.9608147698
2025-04-11T10:50:00.000+0000,1050979.3573118576,1415.4693808976517,895038.9842851246
2025-04-11T11:00:00.000+0000,1054638.9245640577,1415.4693808976517,896433.3952282663
2025-04-11T11:10:00.000+0000,1056102.7514649376,1415.4693808976517,894805.0215535158
2025-04-11T11:20:00.000+0000,1064885.7128702179,1415.4693808976517,893032.6178207314
2025-04-11T11:30:00.000+0000,1079670.364569106,1415.4693808976517,891356.0802037625
2025-04-11T11:40:00.000+0000,1088160.560594209,1415.4693808976517,892093.4343265462
2025-04-11T11:50:00.000+0000,1095626.0777886978,1415.4693808976517,890029.5831792491
2025-04-11T12:00:00.000+0000,1101920.5334624816,1415.4693808976517,890393.6997405025
2025-04-11T12:10:00.000+0000,1096211.6085490505,1415.4693808976517,890461.5493236549
2025-04-11T12:20:00.000+0000,1091234.597086057,1415.4693808976517,891998.615106747
2025-04-11T12:30:00.000+0000,1085818.4375528018,1415.4693808976517,894610.3821249201
2025-04-11T12:40:00.000+0000,1089478.0048050017,1415.4693808976517,891877.5431966658
2025-04-11T12:50:00.000+0000,1092552.0412968495,1415.4693808976517,889415.8458314098
2025-04-11T13:00:00.000+0000,1085232.90679245,1415.4693808976517,889849.7055265821
2025-04-11T13:10:00.000+0000,1094162.250887817,1415.4693808976517,889796.7619688567
2025-04-11T13:20:00.000+0000,1081134.191469985,1415.4693808976517,891286.3574418518
2025-04-11T13:30:00.000+0000,1045270.4323984255,1415.4693808976517,892431.3601094745
2025-04-11T13:40:00.000+0000,1045563.1977786019,1415.4693808976517,901899.2639270421
2025-04-11T13:50:00.000+0000,1058884.0225766094,1415.4693808976517,901036.2322277409
2025-04-11T14:00:00.000+0000,1059176.7879567856,1415.4693808976517,896216.1189804453
2025-04-11T14:10:00.000+0000,1056981.0476054659,1415.4693808976517,896519.3113781862
2025-04-11T14:20:00.000+0000,1067227.8359116258,1415.4693808976517,887268.3509522697
2025-04-11T14:30:00.000+0000,1083329.931821306,1415.4693808976517,891731.5885200667
2025-04-11T14:40:00.000+0000,1078352.9203583135,1415.4693808976517,893686.675814737
2025-04-11T14:50:00.000+0000,1078792.0684285774,1415.4693808976517,893962.7915915374
2025-04-11T15:00:00.000+0000,1092552.0412968495,1415.4693808976517,892490.7110492326
2025-04-11T15:10:00.000+0000,1099871.17580125,1415.4693808976517,891741.4398810936
2025-04-11T15:20:00.000+0000,1088306.9432842978,1415.4693808976517,892311.2139543728
2025-04-11T15:30:00.000+0000,1088014.1779041218,1415.4693808976517,896398.0089549732
2025-04-11T15:40:00.000+0000,1080255.8953294582,1415.4693808976517,898849.7678103407
2025-04-11T15:50:00.000+0000,1077621.0069078736,1415.4693808976517,899024.8891617442
2025-04-11T16:00:00.000+0000,1077474.624217786,1415.4693808976517,896030.9889349244
2025-04-11T16:10:00.000+0000,1078060.1549781377,1415.4693808976517,894741.9733439637
2025-04-11T16:20:00.000+0000,1076449.9453871695,1415.4693808976517,893205.8137397771
2025-04-11T16:30:00.000+0000,1057566.5783658172,1415.4693808976517,897172.4998147627
2025-04-11T16:40:00.000+0000,1022581.1154347865,1415.4693808976517,900144.8752497835
2025-04-11T16:50:00.000+0000,1027558.126897778,1415.4693808976517,900430.1452766787
2025-04-11T17:00:00.000+0000,1044977.6670182495,1415.4693808976517,899806.3622288757
2025-04-11T17:10:00.000+0000,1033120.6691211218,1415.4693808976517,900809.2005230257
2025-04-11T17:20:00.000+0000,1029753.867249098,1415.4693808976517,901408.2020384803
2025-04-11T17:30:00.000+0000,1018336.0174222343,1415.4693808976517,901171.8547173345
2025-04-11T17:40:00.000+0000,1010431.3521574818,1415.4693808976517,910026.8129231951
2025-04-11T17:50:00.000+0000,990816.0716856897,1415.4693808976517,910468.8670855891
2025-04-11T18:00:00.000+0000,976031.4199868013,1415.4693808976517,910172.2876054668
2025-04-11T18:10:00.000+0000,979544.6045489144,1415.4693808976517,906626.1995112969
2025-04-11T18:20:00.000+0000,977056.0988174177,1415.4693808976517,905518.3928276188
2025-04-11T18:30:00.000+0000,975153.1238462735,1415.4693808976517,907454.692906705
2025-04-11T18:40:00.000+0000,976177.8026768895,1415.4693808976517,906084.4974258739
2025-04-11T18:50:00.000+0000,991694.3678262177,1415.4693808976517,902966.9327224721
2025-04-11T19:00:00.000+0000,991547.9851361292,1415.4693808976517,903803.6002488119
2025-04-11T19:10:00.000+0000,991694.3678262177,1415.4693808976517,906617.8219553633
2025-04-11T19:20:00.000+0000,995646.7004585932,1415.4693808976517,906213.9428586436
2025-04-11T19:30:00.000+0000,1002965.834962994,1415.4693808976517,904827.7660714472
2025-04-11T19:40:00.000+0000,988181.1832641051,1415.4693808976517,905649.8561716442
2025-04-11T19:50:00.000+0000,973542.9142553057,1415.4693808976517,905842.1922572345
2025-04-11T20:00:00.000+0000,969444.1989328411,1415.4693808976517,905798.2279273826
2025-04-11T20:10:00.000+0000,955537.8433744815,1415.4693808976517,906049.5890006064
2025-04-11T20:20:00.000+0000,952463.8068826337,1415.4693808976517,907154.7465537223
2025-04-11T20:30:00.000+0000,944412.758927794,1415.4693808976517,908793.7743522164
2025-04-11T20:40:00.000+0000,943827.2281674416,1415.4693808976517,909363.4358696656
2025-04-11T20:50:00.000+0000,943680.8454773538,1415.4693808976517,908849.1625602099
2025-04-11T21:00:00.000+0000,953488.48571325,1415.4693808976517,910483.6570406575
2025-04-11T21:10:00.000+0000,944559.141617881,1415.4693808976517,912202.7500187189
2025-04-11T21:20:00.000+0000,950560.8319114895,1415.4693808976517,911277.7429494262
2025-04-11T21:30:00.000+0000,975738.6546066258,1415.4693808976517,907159.7628619081
2025-04-11T21:40:00.000+0000,1001062.8599918494,1415.4693808976517,907221.9526477683
2025-04-11T21:50:00.000+0000,968419.5201022258,1415.4693808976517,908023.4329974959
2025-04-11T22:00:00.000+0000,967394.8412716094,1415.4693808976517,906868.6108325787
2025-04-11T22:10:00.000+0000,983643.3198713785,1415.4693808976517,905592.2088613305
2025-04-11T22:20:00.000+0000,970322.4950733696,1415.4693808976517,906285.0307151396
2025-04-11T22:30:00.000+0000,972079.0873544258,1415.4693808976517,905614.9815684878
2025-04-11T22:40:00.000+0000,946901.2646592894,1415.4693808976517,905298.1442514234
2025-04-11T22:50:00.000+0000,951878.2761222821,1415.4693808976517,905591.324664159
2025-04-11T23:00:00.000+0000,957294.4356555374,1415.4693808976517,904022.8682228453
2025-04-11T23:10:00.000+0000,964320.804779762,1415.4693808976517,901667.7232559569
2025-04-11T23:20:00.000+0000,972079.0873544258,1415.4693808976517,900979.7984205225
2025-04-11T23:30:00.000+0000,968126.7547220498,1415.4693808976517,902453.2582141558
2025-04-11T23:40:00.000+0000,974860.3584660979,1415.4693808976517,905083.344759103
2025-04-11T23:50:00.000+0000,975445.8892264493,1415.4693808976517,906199.3802329721
2025-04-12T00:00:00.000+0000,992279.8985865696,1415.4693808976517,905142.1274646625
2025-04-12T00:10:00.000+0000,996085.8485288579,1415.4693808976517,903864.4129832218
2025-04-12T00:20:00.000+0000,1003990.5137936096,1415.4693808976517,904355.7726269094
2025-04-12T00:30:00.000+0000,1006918.1675953693,1415.4693808976517,905951.1823661074
2025-04-12T00:40:00.000+0000,1017311.3385916176,1415.4693808976517,906868.6207681536
2025-04-12T00:50:00.000+0000,1022581.1154347865,1415.4693808976517,904925.6874172997
2025-04-12T01:00:00.000+0000,1021702.8192942573,1415.4693808976517,904058.0058108768
2025-04-12T01:10:00.000+0000,1026533.448067162,1415.4693808976517,903121.784208633
2025-04-12T01:20:00.000+0000,1046295.1112290414,1415.4693808976517,902108.8811750205
2025-04-12T01:30:00.000+0000,1048344.468890274,1415.4693808976517,903026.1124138955
2025-04-12T01:40:00.000+0000,1037804.915203938,1415.4693808976517,903404.2933629286
2025-04-12T01:50:00.000+0000,1034584.4960220018,1415.4693808976517,902121.0512160996
2025-04-12T02:00:00.000+0000,1030924.9287698016,1415.4693808976517,902360.3376515191
2025-04-12T02:10:00.000+0000,1030193.0153193619,1415.4693808976517,900303.7445206733
2025-04-12T02:20:00.000+0000,1014822.8328601223,1415.4693808976517,901455.2424258301
2025-04-12T02:30:00.000+0000,1017604.1039717935,1415.4693808976517,901114.9272420445
2025-04-12T02:40:00.000+0000,1016725.8078312655,1415.4693808976517,899027.5020288175
2025-04-12T02:50:00.000+0000,1036487.4709931456,1415.4693808976517,896427.1497670036
2025-04-12T03:00:00.000+0000,1045563.1977786019,1415.4693808976517,897246.3784849299
2025-04-12T03:10:00.000+0000,1023898.5596455777,1415.4693808976517,898034.7517883733
2025-04-12T03:20:00.000+0000,1020531.7577735534,1415.4693808976517,898307.0595193405
2025-04-12T03:30:00.000+0000,1018921.5481825855,1415.4693808976517,898178.6071014032
2025-04-12T03:40:00.000+0000,1013212.6232691542,1415.4693808976517,899990.5721266711
2025-04-12T03:50:00.000+0000,1021702.8192942573,1415.4693808976517,899554.9091954704
2025-04-12T04:00:00.000+0000,1040147.0382453462,1415.4693808976517,897855.0856093396
2025-04-12T04:10:00.000+0000,1040000.6555552579,1415.4693808976517,898106.5555002242
2025-04-12T04:20:00.000+0000,1030632.1633896253,1415.4693808976517,899684.2752865106
2025-04-12T04:30:00.000+0000,1024044.9423356657,1415.4693808976517,902597.0615865211
2025-04-12T04:40:00.000+0000,1019360.6962528495,1415.4693808976517,904957.0925809168
2025-04-12T04:50:00.000+0000,1013944.5367195937,1415.4693808976517,906480.0274944522
2025-04-12T05:00:00.000+0000,1008821.1425665143,1415.4693808976517,907869.8255006007
2025-04-12T05:10:00.000+0000,1009699.4387070419,1415.4693808976517,908110.6868409363
2025-04-12T05:20:00.000+0000,1006771.7849052817,1415.4693808976517,909267.2511437174
2025-04-12T05:30:00.000+0000,1023166.6461951379,1415.4693808976517,909658.8334332082
2025-04-12T05:40:00.000+0000,1023166.6461951379,1415.4693808976517,908614.375191303
2025-04-12T05:50:00.000+0000,1027558.126897778,1415.4693808976517,908686.8548461447
2025-04-12T06:00:00.000+0000,999599.03309097,1415.4693808976517,909824.7680806324
2025-04-12T06:10:00.000+0000,992279.8985865696,1415.4693808976517,911612.8548280807
2025-04-12T06:20:00.000+0000,977788.012267858,1415.4693808976517,912095.9746907104
2025-04-12T06:30:00.000+0000,962856.9778788813,1415.4693808976517,912430.7863192852
2025-04-12T06:40:00.000+0000,962417.8298086177,1415.4693808976517,912655.4771207145
2025-04-12T06:50:00.000+0000,963735.2740194096,1415.4693808976517,912024.2814062466
2025-04-12T07:00:00.000+0000,958904.6452465059,1415.4693808976517,911492.8643784849
2025-04-12T07:10:00.000+0000,963881.6567094977,1415.4693808976517,912463.4948355949
2025-04-12T07:20:00.000+0000,972371.8527346018,1415.4693808976517,913007.3362505278
2025-04-12T07:30:00.000+0000,965345.4836103779,1415.4693808976517,914301.4120952832
2025-04-12T07:40:00.000+0000,955684.2260645697,1415.4693808976517,915407.4503667597
2025-04-12T07:50:00.000+0000,965052.7182302012,1415.4693808976517,917024.9973190641
2025-04-12T08:00:00.000+0000,950853.5972916659,1415.4693808976517,917184.2188521334
2025-04-12T08:10:00.000+0000,946315.7338989379,1415.4693808976517,922024.1386399003
2025-04-12T08:20:00.000+0000,963735.2740194096,1415.4693808976517,919486.8182845935
2025-04-12T08:30:00.000+0000,961685.9163581774,1415.4693808976517,918699.83252261
2025-04-12T08:40:00.000+0000,964028.0393995855,1415.4693808976517,918434.0768347378
2025-04-12T08:50:00.000+0000,963588.8913293218,1415.4693808976517,918791.9913616213
2025-04-12T09:00:00.000+0000,962564.2124987055,1415.4693808976517,919564.2970593481
2025-04-12T09:10:00.000+0000,974713.9757760096,1415.4693808976517,917622.2800823329
2025-04-12T09:20:00.000+0000,985985.442912786,1415.4693808976517,919074.7146902862
2025-04-12T09:30:00.000+0000,983936.0852515538,1415.4693808976517,919052.5190440337
2025-04-12T09:40:00.000+0000,974274.827705746,1415.4693808976517,919734.2048749698
2025-04-12T09:50:00.000+0000,977641.6295777691,1415.4693808976517,920629.9268648745
2025-04-12T10:00:00.000+0000,979983.7526191776,1415.4693808976517,919822.6912967216
2025-04-12T10:10:00.000+0000,977641.6295777691,1415.4693808976517,918627.0505606805
2025-04-12T10:20:00.000+0000,979398.2218588262,1415.4693808976517,918524.7275456868
2025-04-12T10:30:00.000+0000,980569.283379529,1415.4693808976517,918710.4078590585
2025-04-12T10:40:00.000+0000,997549.6754297375,1415.4693808976517,917335.9127749067
2025-04-12T10:50:00.000+0000,993890.1081775374,1415.4693808976517,917798.8945912629
2025-04-12T11:00:00.000+0000,995793.0831486821,1415.4693808976517,919641.4909567875
2025-04-12T11:10:00.000+0000,1000770.0946116738,1415.4693808976517,920906.11421199
2025-04-12T11:20:00.000+0000,1007210.9329755459,1415.4693808976517,921907.0423215353
2025-04-12T11:30:00.000+0000,1003112.2176530818,1415.4693808976517,919833.9342503122
2025-04-12T11:40:00.000+0000,1000038.181161234,1415.4693808976517,919289.729930985
2025-04-12T11:50:00.000+0000,1008381.9944962498,1415.4693808976517,919857.6267922604
2025-04-12T12:00:00.000+0000,1012041.5617484495,1415.4693808976517,919200.4048673972
2025-04-12T12:10:00.000+0000,1026387.0653770735,1415.4693808976517,920948.5604603458
2025-04-12T12:20:00.000+0000,1017750.4866618816,1415.4693808976517,921786.6053332121
2025-04-12T12:30:00.000+0000,1015115.5982402979,1415.4693808976517,922174.6143647463
2025-04-12T12:40:00.000+0000,1020531.7577735534,1415.4693808976517,924826.2385793028
2025-04-12T12:50:00.000+0000,1025655.1519266336,1415.4693808976517,924719.6789639548
2025-04-12T13:00:00.000+0000,1012334.3271286259,1415.4693808976517,927199.4774068708
2025-04-12T13:10:00.000+0000,999306.2677107936,1415.4693808976517,931034.5642856165
2025-04-12T13:20:00.000+0000,1003697.7484134339,1415.4693808976517,927251.9326801377
2025-04-12T13:30:00.000+0000,997256.9100495616,1415.4693808976517,929111.0528306048
2025-04-12T13:40:00.000+0000,960954.0029077372,1415.4693808976517,930894.2034253895
2025-04-12T13:50:00.000+0000,942070.6358863858,1415.4693808976517,937663.796182163
2025-04-12T14:00:00.000+0000,931384.6995099618,1415.4693808976517,940432.4786718051
2025-04-12T14:10:00.000+0000,914404.3074597537,1415.4693808976517,942740.8459054255
2025-04-12T14:20:00.000+0000,894642.6442978738,1415.4693808976517,944144.8361922305
2025-04-12T14:30:00.000+0000,898155.8288599865,1415.4693808976517,950156.9884969709
2025-04-12T14:40:00.000+0000,923040.8861749461,1415.4693808976517,948065.2982627507
2025-04-12T14:50:00.000+0000,931091.9341297853,1415.4693808976517,948998.3081789231
2025-04-12T15:00:00.000+0000,950560.8319114895,1415.4693808976517,947986.7948330719
2025-04-12T15:10:00.000+0000,977495.2468876812,1415.4693808976517,947845.3653723114
2025-04-12T15:20:00.000+0000,967833.9893418738,1415.4693808976517,953825.779156407
2025-04-12T15:30:00.000+0000,946169.3512088497,1415.4693808976517,953979.6211996792
2025-04-12T15:40:00.000+0000,932116.6129604013,1415.4693808976517,952728.8382937467
2025-04-12T15:50:00.000+0000,943534.4627872658,1415.4693808976517,951710.6332786991
2025-04-12T16:00:00.000+0000,925968.5399767058,1415.4693808976517,951184.8969746716
2025-04-12T16:10:00.000+0000,957587.2010357133,1415.4693808976517,949474.8285383198
2025-04-12T16:20:00.000+0000,929920.8726090816,1415.4693808976517,952428.4261388974
2025-04-12T16:30:00.000+0000,925236.6265262655,1415.4693808976517,950377.565189451
2025-04-12T16:40:00.000+0000,945876.5858286737,1415.4693808976517,944839.153036933
2025-04-12T16:50:00.000+0000,961539.53366809,1415.4693808976517,945315.70048446
2025-04-12T17:00:00.000+0000,962710.5951887938,1415.4693808976517,941509.778617216
2025-04-12T17:10:00.000+0000,934312.3533117218,1415.4693808976517,939088.8684602091
2025-04-12T17:20:00.000+0000,921430.6765839778,1415.4693808976517,940693.4825925168
2025-04-12T17:30:00.000+0000,898302.2115500739,1415.4693808976517,943741.8195345886
2025-04-12T17:40:00.000+0000,896399.23657893,1415.4693808976517,942427.2282694877
2025-04-12T17:50:00.000+0000,900205.1865212178,1415.4693808976517,942844.1428600355
2025-04-12T18:00:00.000+0000,894789.0269879615,1415.4693808976517,944607.7345978946
2025-04-12T18:10:00.000+0000,892154.1385663779,1415.4693808976517,944809.4431233353
2025-04-12T18:20:00.000+0000,891422.225115938,1415.4693808976517,946434.8404186075
2025-04-12T18:30:00.000+0000,894642.6442978738,1415.4693808976517,947559.3598425521
2025-04-12T18:40:00.000+0000,884103.0906115376,1415.4693808976517,949069.7553717087
2025-04-12T18:50:00.000+0000,887469.892483562,1415.4693808976517,951641.7952148179
2025-04-12T19:00:00.000+0000,889519.2501447935,1415.4693808976517,950298.2322040014
2025-04-12T19:10:00.000+0000,887469.892483562,1415.4693808976517,951195.3921377393
2025-04-12T19:20:00.000+0000,888348.18862409,1415.4693808976517,948586.3741875063
2025-04-12T19:30:00.000+0000,896838.3846491935,1415.4693808976517,947167.5851010678
2025-04-12T19:40:00.000+0000,881760.9675701295,1415.4693808976517,948103.0795977314
2025-04-12T19:50:00.000+0000,866683.5504910655,1415.4693808976517,948638.9109309457
2025-04-12T20:00:00.000+0000,861852.9217181616,1415.4693808976517,949621.9011803925
2025-04-12T20:10:00.000+0000,865805.2543505378,1415.4693808976517,949989.0557380056
2025-04-12T20:20:00.000+0000,867561.8466315942,1415.4693808976517,951246.1583048163
2025-04-12T20:30:00.000+0000,847653.800779626,1415.4693808976517,954400.4328004299
2025-04-12T20:40:00.000+0000,854241.0218335856,1415.4693808976517,958846.9911371369
2025-04-12T20:50:00.000+0000,868586.5254622096,1415.4693808976517,957093.1398320599
2025-04-12T21:00:00.000+0000,870343.1177432652,1415.4693808976517,953129.3306643148
2025-04-12T21:10:00.000+0000,868732.908152298,1415.4693808976517,954691.660156102
2025-04-12T21:20:00.000+0000,869903.9696730017,1415.4693808976517,955263.1243730048
2025-04-12T21:30:00.000+0000,844872.529667954,1415.4693808976517,955225.6745795435
2025-04-12T21:40:00.000+0000,827306.6068573938,1415.4693808976517,956554.8788905483
2025-04-12T21:50:00.000+0000,822768.743464666,1415.4693808976517,956448.1573901479
2025-04-12T22:00:00.000+0000,821304.9165637855,1415.4693808976517,956844.1496924874
2025-04-12T22:10:00.000+0000,830527.02603933,1415.4693808976517,958401.7059898144
2025-04-12T22:20:00.000+0000,837407.0124734653,1415.4693808976517,958584.7283280586
2025-04-12T22:30:00.000+0000,860681.8601974577,1415.4693808976517,957590.9660332836
2025-04-12T22:40:00.000+0000,861999.3044082499,1415.4693808976517,956974.7401074255
2025-04-12T22:50:00.000+0000,870489.5004333537,1415.4693808976517,955656.0885967012
2025-04-12T23:00:00.000+0000,872538.8580945862,1415.4693808976517,955467.8848636246
2025-04-12T23:10:00.000+0000,878979.6964584577,1415.4693808976517,953996.0543748084
2025-04-12T23:20:00.000+0000,887762.6578637375,1415.4693808976517,955057.0492794665
2025-04-12T23:30:00.000+0000,889080.1020745295,1415.4693808976517,954057.1980784446
2025-04-12T23:40:00.000+0000,882785.6464007462,1415.4693808976517,954983.1933333904
2025-04-12T23:50:00.000+0000,887323.5097934736,1415.4693808976517,955041.456597399
2025-04-13T00:00:00.000+0000,872538.8580945862,1415.4693808976517,954927.8150431132
2025-04-13T00:10:00.000+0000,865512.4889703614,1415.4693808976517,957018.4562528739
2025-04-13T00:20:00.000+0000,861121.008267722,1415.4693808976517,953375.926868927
2025-04-13T00:30:00.000+0000,845018.9123580423,1415.4693808976517,951500.1245451341
2025-04-13T00:40:00.000+0000,850581.4545813864,1415.4693808976517,954653.3615437306
2025-04-13T00:50:00.000+0000,837553.3951635539,1415.4693808976517,957652.3308331936
2025-04-13T01:00:00.000+0000,832576.3837005623,1415.4693808976517,955743.5578577261
2025-04-13T01:10:00.000+0000,821012.15118361,1415.4693808976517,956953.985588741
2025-04-13T01:20:00.000+0000,818230.8800719379,1415.4693808976517,957352.7259215878
2025-04-13T01:30:00.000+0000,818230.8800719379,1415.4693808976517,954633.6554950716
2025-04-13T01:40:00.000+0000,817938.1146917616,1415.4693808976517,951488.041027047
2025-04-13T01:50:00.000+0000,842530.4066265457,1415.4693808976517,947194.6085831812
2025-04-13T02:00:00.000+0000,844140.6162175138,1415.4693808976517,947783.6188342904
2025-04-13T02:10:00.000+0000,866244.4024208022,1415.4693808976517,944806.3555026774
2025-04-13T02:20:00.000+0000,896545.6192690174,1415.4693808976517,944374.2977288836
2025-04-13T02:30:00.000+0000,904303.9018436812,1415.4693808976517,946852.1157672477
2025-04-13T02:40:00.000+0000,908109.8517859696,1415.4693808976517,949502.5770332881
2025-04-13T02:50:00.000+0000,890397.5462853215,1415.4693808976517,951196.6700477458
2025-04-13T03:00:00.000+0000,882932.0290908337,1415.4693808976517,953050.9079088746
2025-04-13T03:10:00.000+0000,890543.9289754101,1415.4693808976517,951630.0019933768
2025-04-13T03:20:00.000+0000,894935.4096780493,1415.4693808976517,950784.7224004436
2025-04-13T03:30:00.000+0000,903571.9883932418,1415.4693808976517,951148.0279088495
2025-04-13T03:40:00.000+0000,914404.3074597537,1415.4693808976517,951600.9002084825
2025-04-13T03:50:00.000+0000,904011.136463506,1415.4693808976517,950422.5589141122
2025-04-13T04:00:00.000+0000,911915.8017282573,1415.4693808976517,948204.9292452263
2025-04-13T04:10:00.000+0000,919966.8496830973,1415.4693808976517,945770.0691253548
2025-04-13T04:20:00.000+0000,912354.949798522,1415.4693808976517,947500.9998070421
2025-04-13T04:30:00.000+0000,923772.7996253859,1415.4693808976517,944772.8105265512
2025-04-13T04:40:00.000+0000,922455.3554145937,1415.4693808976517,945209.383929261
2025-04-13T04:50:00.000+0000,921284.2938938895,1415.4693808976517,939846.200613298
2025-04-13T05:00:00.000+0000,918503.0227822176,1415.4693808976517,939792.3773746454
2025-04-13T05:10:00.000+0000,908695.3825463216,1415.4693808976517,937248.3623721891
2025-04-13T05:20:00.000+0000,899766.0384509537,1415.4693808976517,939645.0828046476
2025-04-13T05:30:00.000+0000,889519.2501447935,1415.4693808976517,940278.1404655073
2025-04-13T05:40:00.000+0000,911476.6536579935,1415.4693808976517,939025.114241583
2025-04-13T05:50:00.000+0000,904889.432604034,1415.4693808976517,938578.5894690335
2025-04-13T06:00:00.000+0000,897716.6807897214,1415.4693808976517,939134.4543234636
2025-04-13T06:10:00.000+0000,902840.074942802,1415.4693808976517,938603.6041438146
2025-04-13T06:20:00.000+0000,884103.0906115376,1415.4693808976517,939276.9598789549
2025-04-13T06:30:00.000+0000,873709.91961529,1415.4693808976517,940294.1775042827
2025-04-13T06:40:00.000+0000,875466.511896346,1415.4693808976517,940984.4319749193
2025-04-13T06:50:00.000+0000,884542.2386818017,1415.4693808976517,939323.57922384
2025-04-13T07:00:00.000+0000,885566.9175124177,1415.4693808976517,939972.6259624795
2025-04-13T07:10:00.000+0000,891861.3731862014,1415.4693808976517,940048.2293943153
2025-04-13T07:20:00.000+0000,902108.1614923617,1415.4693808976517,938744.6902583961
2025-04-13T07:30:00.000+0000,916160.8997408092,1415.4693808976517,936576.3118945436
2025-04-13T07:40:00.000+0000,930213.6379892575,1415.4693808976517,936043.1387958153
2025-04-13T07:50:00.000+0000,933726.82255137,1415.4693808976517,936736.580582988
2025-04-13T08:00:00.000+0000,934751.501381986,1415.4693808976517,935220.1154464416
2025-04-13T08:10:00.000+0000,933726.82255137,1415.4693808976517,934819.3721907338
2025-04-13T08:20:00.000+0000,932262.99565049,1415.4693808976517,937538.1485824345
2025-04-13T08:30:00.000+0000,943680.8454773538,1415.4693808976517,939088.2729142399
2025-04-13T08:40:00.000+0000,923919.1823154739,1415.4693808976517,940188.4927228242
2025-04-13T08:50:00.000+0000,914697.0728399295,1415.4693808976517,940860.8176413523
2025-04-13T09:00:00.000+0000,916014.5170507219,1415.4693808976517,941291.6505725316
2025-04-13T09:10:00.000+0000,919381.3189227455,1415.4693808976517,940589.3193356479
2025-04-13T09:20:00.000+0000,909427.2959967618,1415.4693808976517,941465.0453288998
2025-04-13T09:30:00.000+0000,913086.8632489617,1415.4693808976517,943563.2932491865
2025-04-13T09:40:00.000+0000,919381.3189227455,1415.4693808976517,945092.8841942984
2025-04-13T09:50:00.000+0000,915136.2209101936,1415.4693808976517,946596.1471585028
2025-04-13T10:00:00.000+0000,909573.6786868495,1415.4693808976517,945754.2084591689
2025-04-13T10:10:00.000+0000,911476.6536579935,1415.4693808976517,944282.5221662743
2025-04-13T10:20:00.000+0000,917624.7266416898,1415.4693808976517,942266.4608244346
2025-04-13T10:30:00.000+0000,925090.2438361773,1415.4693808976517,941663.8978199654
2025-04-13T10:40:00.000+0000,932409.3783405776,1415.4693808976517,942921.5428653536
2025-04-13T10:50:00.000+0000,899912.4211410421,1415.4693808976517,944126.0400963634
2025-04-13T11:00:00.000+0000,896545.6192690174,1415.4693808976517,942623.6573139443
2025-04-13T11:10:00.000+0000,912354.949798522,1415.4693808976517,936686.9929072561
2025-04-13T11:20:00.000+0000,902400.9268725378,1415.4693808976517,934736.208936217
2025-04-13T11:30:00.000+0000,889519.2501447935,1415.4693808976517,936102.7982043492
2025-04-13T11:40:00.000+0000,886298.8309628578,1415.4693808976517,934753.7578948005
2025-04-13T11:50:00.000+0000,878540.5483881941,1415.4693808976517,934671.029114993
2025-04-13T12:00:00.000+0000,878247.7830080176,1415.4693808976517,936644.5227902229
2025-04-13T12:10:00.000+0000,875905.6599666099,1415.4693808976517,939496.4837730888
2025-04-13T12:20:00.000+0000,894789.0269879615,1415.4693808976517,936673.3616259592
2025-04-13T12:30:00.000+0000,917185.5785714261,1415.4693808976517,936820.8472975825
2025-04-13T12:40:00.000+0000,927578.7495676738,1415.4693808976517,936813.5750708118
2025-04-13T12:50:00.000+0000,940314.0436053298,1415.4693808976517,937637.8423201574
2025-04-13T13:00:00.000+0000,930799.1687496097,1415.4693808976517,936804.2176372147
2025-04-13T13:10:00.000+0000,921430.6765839778,1415.4693808976517,937409.3863453532
2025-04-13T13:20:00.000+0000,942802.5493368262,1415.4693808976517,932486.0117274909
2025-04-13T13:30:00.000+0000,960807.62021765,1415.4693808976517,932991.6906773427
2025-04-13T13:40:00.000+0000,977641.6295777691,1415.4693808976517,927694.3824423101
2025-04-13T13:50:00.000+0000,989352.2447848094,1415.4693808976517,921015.1018437678
2025-04-13T14:00:00.000+0000,971493.5565940737,1415.4693808976517,924327.2872492013
2025-04-13T14:10:00.000+0000,984375.2333218182,1415.4693808976517,925262.9334181255
2025-04-13T14:20:00.000+0000,1000623.7119215862,1415.4693808976517,925817.0622963796
2025-04-13T14:30:00.000+0000,983204.1718011141,1415.4693808976517,926805.7303094664
2025-04-13T14:40:00.000+0000,991401.6024460415,1415.4693808976517,929314.6256723799
2025-04-13T14:50:00.000+0000,999745.415781058,1415.4693808976517,929709.5038188504
2025-04-13T15:00:00.000+0000,1008967.5252566016,1415.4693808976517,927100.8297692307
2025-04-13T15:10:00.000+0000,1029021.9537986577,1415.4693808976517,928435.1570419215
2025-04-13T15:20:00.000+0000,1029314.719178834,1415.4693808976517,928713.422361024
2025-04-13T15:30:00.000+0000,1018628.7828024096,1415.4693808976517,928200.0702367272
2025-04-13T15:40:00.000+0000,1013066.240579066,1415.4693808976517,927597.571290517
2025-04-13T15:50:00.000+0000,1003404.9830332578,1415.4693808976517,929982.1101544537
2025-04-13T16:00:00.000+0000,1001648.3907522013,1415.4693808976517,931961.5158267654
2025-04-13T16:10:00.000+0000,981008.431449794,1415.4693808976517,932106.3416541766
2025-04-13T16:20:00.000+0000,981154.8141398816,1415.4693808976517,935030.946859814
2025-04-13T16:30:00.000+0000,987888.4178839294,1415.4693808976517,935637.9855451173
2025-04-13T16:40:00.000+0000,999891.7984711456,1415.4693808976517,933959.35359954
2025-04-13T16:50:00.000+0000,999891.7984711456,1415.4693808976517,934293.2617320863
2025-04-13T17:00:00.000+0000,978227.1603381219,1415.4693808976517,935520.070125273
2025-04-13T17:10:00.000+0000,969883.3470031053,1415.4693808976517,938384.4434312922
2025-04-13T17:20:00.000+0000,952024.6588123698,1415.4693808976517,944492.166260883
2025-04-13T17:30:00.000+0000,974567.5930859215,1415.4693808976517,943003.4257684862
2025-04-13T17:40:00.000+0000,943095.3147170017,1415.4693808976517,945862.6402158418
2025-04-13T17:50:00.000+0000,935922.5629026898,1415.4693808976517,950143.6354304433
2025-04-13T18:00:00.000+0000,904011.136463506,1415.4693808976517,948912.7981366492
2025-04-13T18:10:00.000+0000,902254.5441824493,1415.4693808976517,947697.6224123606
2025-04-13T18:20:00.000+0000,923480.0342452099,1415.4693808976517,946492.6550690221
2025-04-13T18:30:00.000+0000,904596.6672238578,1415.4693808976517,948267.3471742761
2025-04-13T18:40:00.000+0000,905035.815294122,1415.4693808976517,948992.5052410011
2025-04-13T18:50:00.000+0000,907963.4690958814,1415.4693808976517,948269.2182245918
2025-04-13T19:00:00.000+0000,920405.9977533614,1415.4693808976517,942561.6900283019
2025-04-13T19:10:00.000+0000,937386.3898035696,1415.4693808976517,943709.8175639282
2025-04-13T19:20:00.000+0000,941631.4878161218,1415.4693808976517,942152.7029761496
2025-04-13T19:30:00.000+0000,944851.9069980577,1415.4693808976517,928218.2686403231
2025-04-13T19:40:00.000+0000,985399.9121524335,1415.4693808976517,921677.2503165134
2025-04-13T19:50:00.000+0000,983204.1718011141,1415.4693808976517,928251.36842809
2025-04-13T20:00:00.000+0000,1003258.6003431696,1415.4693808976517,926751.5117482526
2025-04-13T20:10:00.000+0000,987010.1217434016,1415.4693808976517,934868.8666273511
2025-04-13T20:20:00.000+0000,997549.6754297375,1415.4693808976517,935441.1732421177
2025-04-13T20:30:00.000+0000,1020970.9058438175,1415.4693808976517,925004.5491520446
2025-04-13T20:40:00.000+0000,1034584.4960220018,1415.4693808976517,921617.2103323136
2025-04-13T20:50:00.000+0000,1044831.2843281614,1415.4693808976517,923115.4803025754
2025-04-13T21:00:00.000+0000,1070155.489713386,1415.4693808976517,916826.8610855818
2025-04-13T21:10:00.000+0000,1066203.15708101,1415.4693808976517,919482.3847338605
2025-04-13T21:20:00.000+0000,1056249.1341550255,1415.4693808976517,924172.2450100672
2025-04-13T21:30:00.000+0000,1045855.9631587774,1415.4693808976517,918073.3939767745
2025-04-13T21:40:00.000+0000,1080841.4260898097,1415.4693808976517,919486.4476623612
2025-04-13T21:50:00.000+0000,1058005.7264360823,1415.4693808976517,924134.5108401485
2025-04-13T22:00:00.000+0000,1055078.072634322,1415.4693808976517,924429.0152905192
2025-04-13T22:10:00.000+0000,1064300.1821098658,1415.4693808976517,923991.0420051147
2025-04-13T22:20:00.000+0000,1052735.949592914,1415.4693808976517,925250.5144324263
2025-04-13T22:30:00.000+0000,1064153.799419778,1415.4693808976517,923009.806511984
2025-04-13T22:40:00.000+0000,1073522.2915854095,1415.4693808976517,923146.721953555
2025-04-13T22:50:00.000+0000,1076157.180006994,1415.4693808976517,923894.4479520675
2025-04-13T23:00:00.000+0000,1072936.7608250573,1415.4693808976517,922940.3356547875
2025-04-13T23:10:00.000+0000,1055370.8380144977,1415.4693808976517,928059.9063983144
2025-04-13T23:20:00.000+0000,1046880.6419893933,1415.4693808976517,927682.9650387912
2025-04-13T23:30:00.000+0000,1035462.7921625297,1415.4693808976517,926268.7596549137
2025-04-13T23:40:00.000+0000,1036487.4709931456,1415.4693808976517,925138.1151505273
2025-04-13T23:50:00.000+0000,1021263.6712239938,1415.4693808976517,929333.6474521998
2025-04-14T00:00:00.000+0000,1009406.6733268657,1415.4693808976517,930170.2372465364
2025-04-14T00:10:00.000+0000,993450.9601072735,1415.4693808976517,933891.0931688563
2025-04-14T00:20:00.000+0000,984521.6160119057,1415.4693808976517,943042.7519958762
2025-04-14T00:30:00.000+0000,988473.9486442818,1415.4693808976517,942187.2463328624
2025-04-14T00:40:00.000+0000,995793.0831486821,1415.4693808976517,943083.3518763864
2025-04-14T00:50:00.000+0000,995793.0831486821,1415.4693808976517,940172.0563461013
2025-04-14T01:00:00.000+0000,1003258.6003431696,1415.4693808976517,940998.882393413
2025-04-14T01:10:00.000+0000,1010138.5867773062,1415.4693808976517,942338.6344340194
2025-04-14T01:20:00.000+0000,1023898.5596455777,1415.4693808976517,943554.6061870437
2025-04-14T01:30:00.000+0000,1029461.1018689215,1415.4693808976517,943115.2303360674
2025-04-14T01:40:00.000+0000,1030339.3980094497,1415.4693808976517,941574.2712630826
2025-04-14T01:50:00.000+0000,1030046.6326292742,1415.4693808976517,939689.5808220882
2025-04-14T02:00:00.000+0000,1021995.5846744337,1415.4693808976517,940421.616347457
2025-04-14T02:10:00.000+0000,1001355.625372026,1415.4693808976517,943328.9569531097
2025-04-14T02:20:00.000+0000,943680.8454773538,1415.4693808976517,945297.6222201855
2025-04-14T02:30:00.000+0000,920845.1458236255,1415.4693808976517,957375.2322722117
2025-04-14T02:40:00.000+0000,940460.4262954175,1415.4693808976517,957334.4715976585
2025-04-14T02:50:00.000+0000,950999.9799817534,1415.4693808976517,956020.3252436996
2025-04-14T03:00:00.000+0000,974713.9757760096,1415.4693808976517,952953.6341925263
2025-04-14T03:10:00.000+0000,998135.2061900907,1415.4693808976517,950218.6519193756
2025-04-14T03:20:00.000+0000,1009992.2040872182,1415.4693808976517,950798.6794280829
2025-04-14T03:30:00.000+0000,1012773.4751988901,1415.4693808976517,949599.4222844096
2025-04-14T03:40:00.000+0000,999452.6504008815,1415.4693808976517,948600.9602345738
2025-04-14T03:50:00.000+0000,1005747.1060746657,1415.4693808976517,946574.7237258848
2025-04-14T04:00:00.000+0000,982033.1102804095,1415.4693808976517,948894.2735930061
2025-04-14T04:10:00.000+0000,979690.987239002,1415.4693808976517,948550.0932984677
2025-04-14T04:20:00.000+0000,969736.964313018,1415.4693808976517,951462.2505254736
2025-04-14T04:30:00.000+0000,947633.1781097299,1415.4693808976517,953253.3326561812
2025-04-14T04:40:00.000+0000,929481.7245388175,1415.4693808976517,955986.8086703538
2025-04-14T04:50:00.000+0000,934605.1186918978,1415.4693808976517,955838.5955980744
2025-04-14T05:00:00.000+0000,936654.4763531296,1415.4693808976517,954555.5190923262
2025-04-14T05:10:00.000+0000,960661.2375275615,1415.4693808976517,955409.1625674487
2025-04-14T05:20:00.000+0000,963296.1259491458,1415.4693808976517,954816.1097598465
2025-04-14T05:30:00.000+0000,957879.9664158898,1415.4693808976517,949132.6217264289
2025-04-14T05:40:00.000+0000,963296.1259491458,1415.4693808976517,947772.0833034052
2025-04-14T05:50:00.000+0000,955098.6953042175,1415.4693808976517,948635.7000943841
2025-04-14T06:00:00.000+0000,963881.6567094977,1415.4693808976517,946145.3847660245
2025-04-14T06:10:00.000+0000,954513.1645438662,1415.4693808976517,948014.7837946061
2025-04-14T06:20:00.000+0000,956562.5222050976,1415.4693808976517,946294.2110734041
2025-04-14T06:30:00.000+0000,962125.0644284415,1415.4693808976517,946347.6279807694
2025-04-14T06:40:00.000+0000,959636.5586969459,1415.4693808976517,949370.8802874717
2025-04-14T06:50:00.000+0000,963735.2740194096,1415.4693808976517,947237.2262048831
2025-04-14T07:00:00.000+0000,938703.8340143617,1415.4693808976517,946119.0929235943
2025-04-14T07:10:00.000+0000,925236.6265262655,1415.4693808976517,943948.2444846462
2025-04-14T07:20:00.000+0000,940753.1916755942,1415.4693808976517,946320.6537743022
2025-04-14T07:30:00.000+0000,937240.0071134819,1415.4693808976517,947285.256700547
2025-04-14T07:40:00.000+0000,949682.5357709611,1415.4693808976517,948268.6540772149
2025-04-14T07:50:00.000+0000,943095.3147170017,1415.4693808976517,948010.2780834062
2025-04-14T08:00:00.000+0000,940606.8089855056,1415.4693808976517,951233.8339443171
2025-04-14T08:10:00.000+0000,952171.0415024573,1415.4693808976517,948519.1456823035
2025-04-14T08:20:00.000+0000,956123.3741348339,1415.4693808976517,949079.5079399433
2025-04-14T08:30:00.000+0000,954074.0164736024,1415.4693808976517,951616.6908154507
2025-04-14T08:40:00.000+0000,950121.6838412256,1415.4693808976517,954364.3574826947
2025-04-14T08:50:00.000+0000,963296.1259491458,1415.4693808976517,953243.2084282804
2025-04-14T09:00:00.000+0000,964320.804779762,1415.4693808976517,953564.2901349722
2025-04-14T09:10:00.000+0000,959490.1760068579,1415.4693808976517,955538.533469809
2025-04-14T09:20:00.000+0000,968565.9027923134,1415.4693808976517,951337.4062250374
2025-04-14T09:30:00.000+0000,989791.3928550736,1415.4693808976517,949632.6671354675
2025-04-14T09:40:00.000+0000,996378.6139090332,1415.4693808976517,948027.2669099992
2025-04-14T09:50:00.000+0000,997256.9100495616,1415.4693808976517,947883.3376031356
2025-04-14T10:00:00.000+0000,996964.1446693857,1415.4693808976517,950581.2780416972
2025-04-14T10:10:00.000+0000,994036.4908676259,1415.4693808976517,953189.9344200452
2025-04-14T10:20:00.000+0000,977348.8641975939,1415.4693808976517,955774.0110991789
2025-04-14T10:30:00.000+0000,977056.0988174177,1415.4693808976517,957630.7496202032
2025-04-14T10:40:00.000+0000,978373.5430282097,1415.4693808976517,959851.2565271233
2025-04-14T10:50:00.000+0000,974860.3584660979,1415.4693808976517,962649.8890661355
2025-04-14T11:00:00.000+0000,969151.4335526659,1415.4693808976517,960240.5995140085
2025-04-14T11:10:00.000+0000,963735.2740194096,1415.4693808976517,962064.8720601553
2025-04-14T11:20:00.000+0000,961978.6817383536,1415.4693808976517,960289.9912410771
2025-04-14T11:30:00.000+0000,955537.8433744815,1415.4693808976517,960828.8190485602
2025-04-14T11:40:00.000+0000,950999.9799817534,1415.4693808976517,960367.8511459322
2025-04-14T11:50:00.000+0000,949243.3877006976,1415.4693808976517,961307.0705728128
2025-04-14T12:00:00.000+0000,950268.0665313137,1415.4693808976517,959703.0675293033
2025-04-14T12:10:00.000+0000,963881.6567094977,1415.4693808976517,957809.9762181316
2025-04-14T12:20:00.000+0000,960222.0894572977,1415.4693808976517,959858.5651695887
2025-04-14T12:30:00.000+0000,949536.1530808739,1415.4693808976517,961571.6619618009
2025-04-14T12:40:00.000+0000,936068.9455927778,1415.4693808976517,962752.827668313
2025-04-14T12:50:00.000+0000,931970.2302703134,1415.4693808976517,962416.1224711132
2025-04-14T13:00:00.000+0000,913818.7766994018,1415.4693808976517,963633.0336528614
2025-04-14T13:10:00.000+0000,908841.7652364103,1415.4693808976517,963447.4648400275
2025-04-14T13:20:00.000+0000,912794.0978687854,1415.4693808976517,961468.1974434492
2025-04-14T13:30:00.000+0000,923480.0342452099,1415.4693808976517,955318.6006150873
2025-04-14T13:40:00.000+0000,949975.3011511377,1415.4693808976517,949292.4117530549
2025-04-14T13:50:00.000+0000,941192.339745858,1415.4693808976517,952332.1961348308
2025-04-14T14:00:00.000+0000,939142.9820846255,1415.4693808976517,950821.5240006312
2025-04-14T14:10:00.000+0000,941631.4878161218,1415.4693808976517,952926.1210755862
2025-04-14T14:20:00.000+0000,937240.0071134819,1415.4693808976517,955640.2499658256
2025-04-14T14:30:00.000+0000,937386.3898035696,1415.4693808976517,958262.4435368457
2025-04-14T14:40:00.000+0000,896838.3846491935,1415.4693808976517,963689.3306690613
2025-04-14T14:50:00.000+0000,892739.6693267297,1415.4693808976517,963626.7994239654
2025-04-14T15:00:00.000+0000,923626.4169352977,1415.4693808976517,952417.5008294415
2025-04-14T15:10:00.000+0000,929628.1072289059,1415.4693808976517,949918.6517030672
2025-04-14T15:20:00.000+0000,945583.8204484975,1415.4693808976517,947144.7655596416
2025-04-14T15:30:00.000+0000,962710.5951887938,1415.4693808976517,940115.55962521
2025-04-14T15:40:00.000+0000,981008.431449794,1415.4693808976517,936049.9466246641
2025-04-14T15:50:00.000+0000,991694.3678262177,1415.4693808976517,936685.1846362664
2025-04-14T16:00:00.000+0000,989791.3928550736,1415.4693808976517,936622.0752571148
2025-04-14T16:10:00.000+0000,1018043.2520420573,1415.4693808976517,934426.4246544521
2025-04-14T16:20:00.000+0000,1001502.0080621137,1415.4693808976517,937543.6489539105
2025-04-14T16:30:00.000+0000,1003258.6003431696,1415.4693808976517,938577.4514802042
2025-04-14T16:40:00.000+0000,983204.1718011141,1415.4693808976517,943073.8003989283
2025-04-14T16:50:00.000+0000,987010.1217434016,1415.4693808976517,940668.6287296372
2025-04-14T17:00:00.000+0000,984375.2333218182,1415.4693808976517,940454.1975074654
2025-04-14T17:10:00.000+0000,979837.3699290898,1415.4693808976517,941889.243172803
2025-04-14T17:20:00.000+0000,975592.2719165372,1415.4693808976517,944326.5205775956
2025-04-14T17:30:00.000+0000,988913.0967145456,1415.4693808976517,943629.5744020455
2025-04-14T17:40:00.000+0000,999452.6504008815,1415.4693808976517,943938.3761768462
2025-04-14T17:50:00.000+0000,993011.8120370096,1415.4693808976517,946163.6570563015
2025-04-14T18:00:00.000+0000,970615.2604535457,1415.4693808976517,948790.6040042085
2025-04-14T18:10:00.000+0000,969590.5816229301,1415.4693808976517,947511.7019096403
2025-04-14T18:20:00.000+0000,967980.3720319616,1415.4693808976517,947676.9989345707
2025-04-14T18:30:00.000+0000,960514.854837473,1415.4693808976517,945814.5649607759
2025-04-14T18:40:00.000+0000,954952.3126141297,1415.4693808976517,944778.1972154698
2025-04-14T18:50:00.000+0000,957148.0529654496,1415.4693808976517,946519.8739275059
2025-04-14T19:00:00.000+0000,940167.6609152411,1415.4693808976517,949283.4125468789
2025-04-14T19:10:00.000+0000,942217.0185764732,1415.4693808976517,949649.6175165523
2025-04-14T19:20:00.000+0000,948511.4742502574,1415.4693808976517,949310.0739741081
2025-04-14T19:30:00.000+0000,948218.7088700818,1415.4693808976517,948580.5996880827
2025-04-14T19:40:00.000+0000,947047.6473493776,1415.4693808976517,950132.2828275408
2025-04-14T19:50:00.000+0000,980862.0487597056,1415.4693808976517,946856.3923335423
2025-04-14T20:00:00.000+0000,989059.4794046335,1415.4693808976517,945626.3489221821
2025-04-14T20:10:00.000+0000,997256.9100495616,1415.4693808976517,945431.101051948
2025-04-14T20:20:00.000+0000,1006332.6368350176,1415.4693808976517,942419.9292675214
2025-04-14T20:30:00.000+0000,1007210.9329755459,1415.4693808976517,942815.4080484984
2025-04-14T20:40:00.000+0000,980715.6660696178,1415.4693808976517,943702.4978770195
2025-04-14T20:50:00.000+0000,961100.3855978255,1415.4693808976517,945973.7503017915
2025-04-14T21:00:00.000+0000,963735.2740194096,1415.4693808976517,944317.7476633834
2025-04-14T21:10:00.000+0000,971786.3219742499,1415.4693808976517,944293.9613100274
2025-04-14T21:20:00.000+0000,973542.9142553057,1415.4693808976517,943538.5693540503
2025-04-14T21:30:00.000+0000,973250.1488751298,1415.4693808976517,938221.5114198249
2025-04-14T21:40:00.000+0000,969736.964313018,1415.4693808976517,937997.0468210655
2025-04-14T21:50:00.000+0000,957733.583725802,1415.4693808976517,939832.8065076792
2025-04-14T22:00:00.000+0000,962417.8298086177,1415.4693808976517,940456.2687454714
2025-04-14T22:10:00.000+0000,964613.5701599375,1415.4693808976517,939415.6287264741
2025-04-14T22:20:00.000+0000,985107.146772258,1415.4693808976517,938295.9602289929
2025-04-14T22:30:00.000+0000,977641.6295777691,1415.4693808976517,939044.5894641757
2025-04-14T22:40:00.000+0000,986424.5909830503,1415.4693808976517,940995.4884145636
2025-04-14T22:50:00.000+0000,988181.1832641051,1415.4693808976517,940737.2611864975
2025-04-14T23:00:00.000+0000,983643.3198713785,1415.4693808976517,940747.9681004157
2025-04-14T23:10:00.000+0000,977641.6295777691,1415.4693808976517,943046.0824351835
2025-04-14T23:20:00.000+0000,970322.4950733696,1415.4693808976517,943101.3937071076
2025-04-14T23:30:00.000+0000,962710.5951887938,1415.4693808976517,943576.8438741035
2025-04-14T23:40:00.000+0000,968419.5201022258,1415.4693808976517,940075.4649402138
2025-04-14T23:50:00.000+0000,978080.7776480337,1415.4693808976517,940481.0963697309
2025-04-15T00:00:00.000+0000,979251.8391687379,1415.4693808976517,939514.2578790498
2025-04-15T00:10:00.000+0000,987888.4178839294,1415.4693808976517,935655.4814184502
2025-04-15T00:20:00.000+0000,979251.8391687379,1415.4693808976517,936119.8550688697
2025-04-15T00:30:00.000+0000,957879.9664158898,1415.4693808976517,940749.9450082979
2025-04-15T00:40:00.000+0000,949389.770390786,1415.4693808976517,943349.7802520792
2025-04-15T00:50:00.000+0000,940606.8089855056,1415.4693808976517,941703.5099978215
2025-04-15T01:00:00.000+0000,946315.7338989379,1415.4693808976517,937084.3759526493
2025-04-15T01:10:00.000+0000,942802.5493368262,1415.4693808976517,937761.5863621095
2025-04-15T01:20:00.000+0000,937240.0071134819,1415.4693808976517,940034.1588091302
2025-04-15T01:30:00.000+0000,936361.710972954,1415.4693808976517,943101.0197939877
2025-04-15T01:40:00.000+0000,926993.2188073215,1415.4693808976517,944523.6380942011
2025-04-15T01:50:00.000+0000,922308.9727245064,1415.4693808976517,946372.1700661266
2025-04-15T02:00:00.000+0000,916160.8997408092,1415.4693808976517,945994.8580307949
2025-04-15T02:10:00.000+0000,915282.6036002813,1415.4693808976517,945892.8783441212
2025-04-15T02:20:00.000+0000,917478.3439516017,1415.4693808976517,941073.6653555424
2025-04-15T02:30:00.000+0000,930799.1687496097,1415.4693808976517,938487.217760616
2025-04-15T02:40:00.000+0000,926554.0707370576,1415.4693808976517,940398.1281965086
2025-04-15T02:50:00.000+0000,932555.7610306661,1415.4693808976517,942090.3965297791
2025-04-15T03:00:00.000+0000,925675.7745965294,1415.4693808976517,944427.256811579
2025-04-15T03:10:00.000+0000,925236.6265262655,1415.4693808976517,944297.6907743479
2025-04-15T03:20:00.000+0000,914257.9247696653,1415.4693808976517,945551.3819682543
2025-04-15T03:30:00.000+0000,885859.6828925934,1415.4693808976517,947874.1998261503
2025-04-15T03:40:00.000+0000,885420.5348223299,1415.4693808976517,948406.43271808
2025-04-15T03:50:00.000+0000,896545.6192690174,1415.4693808976517,948959.3024307503
2025-04-15T04:00:00.000+0000,888494.5713141776,1415.4693808976517,948751.7810675309
2025-04-15T04:10:00.000+0000,899034.1250005141,1415.4693808976517,948176.6039308526
2025-04-15T04:20:00.000+0000,904157.5191535942,1415.4693808976517,946400.3085179019
2025-04-15T04:30:00.000+0000,907963.4690958814,1415.4693808976517,946644.8559492412
2025-04-15T04:40:00.000+0000,910012.8267571139,1415.4693808976517,947726.1202182841
2025-04-15T04:50:00.000+0000,915721.7516705451,1415.4693808976517,949013.8677990955
2025-04-15T05:00:00.000+0000,914550.6901498415,1415.4693808976517,952237.1432989351
2025-04-15T05:10:00.000+0000,906206.8768148257,1415.4693808976517,952476.9936580907
2025-04-15T05:20:00.000+0000,903425.6057031538,1415.4693808976517,953312.8742774774
2025-04-15T05:30:00.000+0000,907963.4690958814,1415.4693808976517,952493.7916245576
2025-04-15T05:40:00.000+0000,912208.567108434,1415.4693808976517,954807.5586664063
2025-04-15T05:50:00.000+0000,914550.6901498415,1415.4693808976517,952617.3858811925
2025-04-15T06:00:00.000+0000,903132.8403229779,1415.4693808976517,951193.9211677288
2025-04-15T06:10:00.000+0000,922455.3554145937,1415.4693808976517,950913.0978644531
2025-04-15T06:20:00.000+0000,910451.9748273784,1415.4693808976517,950794.7380700421
2025-04-15T06:30:00.000+0000,902840.074942802,1415.4693808976517,952401.6110810293
2025-04-15T06:40:00.000+0000,905621.3460544737,1415.4693808976517,951995.5138317867
2025-04-15T06:50:00.000+0000,912501.3324886098,1415.4693808976517,950444.5511353628
2025-04-15T07:00:00.000+0000,897423.9154095459,1415.4693808976517,951821.0746029209
2025-04-15T07:10:00.000+0000,896838.3846491935,1415.4693808976517,953743.9130571773
2025-04-15T07:20:00.000+0000,887762.6578637375,1415.4693808976517,955145.4737178261
2025-04-15T07:30:00.000+0000,882639.2637106576,1415.4693808976517,954534.2536280036
2025-04-15T07:40:00.000+0000,883663.9425412739,1415.4693808976517,954527.4906478507
2025-04-15T07:50:00.000+0000,882200.1156403936,1415.4693808976517,954262.813478228
2025-04-15T08:00:00.000+0000,882785.6464007462,1415.4693808976517,954968.1505705214
2025-04-15T08:10:00.000+0000,879418.844528722,1415.4693808976517,955750.3770711471
2025-04-15T08:20:00.000+0000,874002.6849954651,1415.4693808976517,955675.2469532341
2025-04-15T08:30:00.000+0000,880297.1406692492,1415.4693808976517,954427.9346671444
2025-04-15T08:40:00.000+0000,873856.3023053776,1415.4693808976517,955158.6515027739
2025-04-15T08:50:00.000+0000,872246.0927144099,1415.4693808976517,954566.3992758691
2025-04-15T09:00:00.000+0000,865219.7235901856,1415.4693808976517,954318.1625340737
2025-04-15T09:10:00.000+0000,854826.5525939378,1415.4693808976517,957939.4592919522
2025-04-15T09:20:00.000+0000,853948.25645341,1415.4693808976517,958923.5302059506
2025-04-15T09:30:00.000+0000,873563.5369252015,1415.4693808976517,954666.5827019948
2025-04-15T09:40:00.000+0000,873124.3888549379,1415.4693808976517,956602.5775138992
2025-04-15T09:50:00.000+0000,870050.3523630896,1415.4693808976517,959395.5542531471
2025-04-15T10:00:00.000+0000,866537.1678009781,1415.4693808976517,960594.8749363626
2025-04-15T10:10:00.000+0000,884395.8559917137,1415.4693808976517,957572.2361241187
2025-04-15T10:20:00.000+0000,893617.9654672575,1415.4693808976517,955664.4028367333
2025-04-15T10:30:00.000+0000,893617.9654672575,1415.4693808976517,952481.218748861
2025-04-15T10:40:00.000+0000,907231.5556454415,1415.4693808976517,952150.7316475766
2025-04-15T10:50:00.000+0000,908109.8517859696,1415.4693808976517,953922.2621740565
2025-04-15T11:00:00.000+0000,908548.9998562334,1415.4693808976517,953396.2369416094
2025-04-15T11:10:00.000+0000,915721.7516705451,1415.4693808976517,951232.6084401156
2025-04-15T11:20:00.000+0000,932555.7610306661,1415.4693808976517,951483.1182709102
2025-04-15T11:30:00.000+0000,930799.1687496097,1415.4693808976517,952604.0317236555
2025-04-15T11:40:00.000+0000,939874.895535066,1415.4693808976517,952680.8158109966
2025-04-15T11:50:00.000+0000,932409.3783405776,1415.4693808976517,951934.0088513412
2025-04-15T12:00:00.000+0000,926993.2188073215,1415.4693808976517,953187.6102492269
2025-04-15T12:10:00.000+0000,926846.8361172335,1415.4693808976517,954737.3030664173
2025-04-15T12:20:00.000+0000,927139.60149741,1415.4693808976517,952002.8736904182
2025-04-15T12:30:00.000+0000,946022.9685187619,1415.4693808976517,951256.7193595099
2025-04-15T12:40:00.000+0000,946462.1165890258,1415.4693808976517,952508.6207139152
2025-04-15T12:50:00.000+0000,925236.6265262655,1415.4693808976517,955162.4030202633
2025-04-15T13:00:00.000+0000,920991.5285137134,1415.4693808976517,956815.0787160341
2025-04-15T13:10:00.000+0000,917478.3439516017,1415.4693808976517,956736.9210381944
2025-04-15T13:20:00.000+0000,925529.3919064412,1415.4693808976517,954308.971036633
2025-04-15T13:30:00.000+0000,914550.6901498415,1415.4693808976517,955321.977522152
2025-04-15T13:40:00.000+0000,889958.3982150578,1415.4693808976517,959854.2136885149
2025-04-15T13:50:00.000+0000,885420.5348223299,1415.4693808976517,953122.2079635025
2025-04-15T14:00:00.000+0000,956123.3741348339,1415.4693808976517,949000.1619873896
2025-04-15T14:10:00.000+0000,952610.1895727217,1415.4693808976517,945024.502810501
2025-04-15T14:20:00.000+0000,985253.5294623459,1415.4693808976517,941748.6718227996
2025-04-15T14:30:00.000+0000,987595.6525037534,1415.4693808976517,942122.21816604
2025-04-15T14:40:00.000+0000,981301.1968299695,1415.4693808976517,945022.4846220282
2025-04-15T14:50:00.000+0000,988181.1832641051,1415.4693808976517,946323.3834719502
2025-04-15T15:00:00.000+0000,979837.3699290898,1415.4693808976517,945573.6060351463
2025-04-15T15:10:00.000+0000,961978.6817383536,1415.4693808976517,947309.7189075996
2025-04-15T15:20:00.000+0000,952024.6588123698,1415.4693808976517,947969.1474396843
2025-04-15T15:30:00.000+0000,955245.0779943053,1415.4693808976517,943218.4935042837
2025-04-15T15:40:00.000+0000,976763.3334372414,1415.4693808976517,941358.0348643623
2025-04-15T15:50:00.000+0000,982472.258350674,1415.4693808976517,938755.0002400267
2025-04-15T16:00:00.000+0000,974713.9757760096,1415.4693808976517,941764.6089063382
2025-04-15T16:10:00.000+0000,980422.9006894415,1415.4693808976517,943579.8054709691
2025-04-15T16:20:00.000+0000,977202.4815075059,1415.4693808976517,942498.4366768689
2025-04-15T16:30:00.000+0000,975885.0372967133,1415.4693808976517,943993.1449344754
2025-04-15T16:40:00.000+0000,980130.1353092653,1415.4693808976517,943487.1907299485
2025-04-15T16:50:00.000+0000,975885.0372967133,1415.4693808976517,942340.547230066
2025-04-15T17:00:00.000+0000,979398.2218588262,1415.4693808976517,941441.6548168219
2025-04-15T17:10:00.000+0000,975153.1238462735,1415.4693808976517,942097.5918383393
2025-04-15T17:20:00.000+0000,994914.787008154,1415.4693808976517,938764.9218388596
2025-04-15T17:30:00.000+0000,1002233.9215125537,1415.4693808976517,938748.593448146
2025-04-15T17:40:00.000+0000,999306.2677107936,1415.4693808976517,940520.7806366186
2025-04-15T17:50:00.000+0000,1007942.8464259859,1415.4693808976517,935914.299899882
2025-04-15T18:00:00.000+0000,1015408.3636204735,1415.4693808976517,936094.2432205341
2025-04-15T18:10:00.000+0000,1019507.0789429379,1415.4693808976517,932620.8585782154
2025-04-15T18:20:00.000+0000,1038829.5940345533,1415.4693808976517,932140.146342149
2025-04-15T18:30:00.000+0000,1033559.8171913853,1415.4693808976517,933517.6389737205
2025-04-15T18:40:00.000+0000,1028875.5711085703,1415.4693808976517,934020.4640354991
2025-04-15T18:50:00.000+0000,1033559.8171913853,1415.4693808976517,933889.1483662064
2025-04-15T19:00:00.000+0000,1033998.9652616499,1415.4693808976517,932234.1336540934
2025-04-15T19:10:00.000+0000,1043806.6054975461,1415.4693808976517,933062.1848390953
2025-04-15T19:20:00.000+0000,1043367.4574272817,1415.4693808976517,930170.4274986521
2025-04-15T19:30:00.000+0000,1054492.5418739698,1415.4693808976517,932058.2744477422
2025-04-15T19:40:00.000+0000,1060786.9975477536,1415.4693808976517,930227.4249166718
2025-04-15T19:50:00.000+0000,1043952.9881876339,1415.4693808976517,931651.6256159986
2025-04-15T20:00:00.000+0000,1045124.049708338,1415.4693808976517,931953.2843715558
2025-04-15T20:10:00.000+0000,1033120.6691211218,1415.4693808976517,932495.2169343932
2025-04-15T20:20:00.000+0000,1038683.2113444657,1415.4693808976517,932728.5112350674
2025-04-15T20:30:00.000+0000,1040000.6555552579,1415.4693808976517,932302.6286490128
2025-04-15T20:40:00.000+0000,1044245.7535678094,1415.4693808976517,930508.122526949
2025-04-15T20:50:00.000+0000,1061811.6763783693,1415.4693808976517,926742.1232289977
2025-04-15T21:00:00.000+0000,1051418.5053821218,1415.4693808976517,928823.7806410645
2025-04-15T21:10:00.000+0000,1050979.3573118576,1415.4693808976517,928123.0245505963
2025-04-15T21:20:00.000+0000,1042342.7785966658,1415.4693808976517,929569.4997013295
2025-04-15T21:30:00.000+0000,1033706.199881474,1415.4693808976517,932356.5847976443
2025-04-15T21:40:00.000+0000,1027265.3615176016,1415.4693808976517,933003.5854637469
2025-04-15T21:50:00.000+0000,1029607.4845590105,1415.4693808976517,931502.9263341273
2025-04-15T22:00:00.000+0000,1039122.3594147298,1415.4693808976517,928778.388821671
2025-04-15T22:10:00.000+0000,1046002.3458488658,1415.4693808976517,927468.6447270056
2025-04-15T22:20:00.000+0000,1057127.4302955535,1415.4693808976517,925198.0813645341
2025-04-15T22:30:00.000+0000,1067666.9839818892,1415.4693808976517,926997.5482860142
2025-04-15T22:40:00.000+0000,1067666.9839818892,1415.4693808976517,924100.9344297124
2025-04-15T22:50:00.000+0000,1069569.9589530341,1415.4693808976517,922539.0871142717
2025-04-15T23:00:00.000+0000,1063568.2686594254,1415.4693808976517,923916.1710267549
2025-04-15T23:10:00.000+0000,1067666.9839818892,1415.4693808976517,924579.1733712304
2025-04-15T23:20:00.000+0000,1071326.5512340898,1415.4693808976517,925977.5145743933
2025-04-15T23:30:00.000+0000,1063275.5032792496,1415.4693808976517,925846.4133209696
2025-04-15T23:40:00.000+0000,1070594.63778365,1415.4693808976517,923479.2376618863
2025-04-15T23:50:00.000+0000,1074107.8223457613,1415.4693808976517,922645.7609308935
2025-04-16T00:00:00.000+0000,1078060.1549781377,1415.4693808976517,921782.5059711582
2025-04-16T00:10:00.000+0000,1087135.8817635935,1415.4693808976517,919009.3949836025
2025-04-16T00:20:00.000+0000,1060786.9975477536,1415.4693808976517,919600.1634519802
2025-04-16T00:30:00.000+0000,1059323.1706468735,1415.4693808976517,923520.5542472617
2025-04-16T00:40:00.000+0000,1068398.8974323294,1415.4693808976517,921876.0079051619
2025-04-16T00:50:00.000+0000,1084354.6106519217,1415.4693808976517,917584.0702106905
2025-04-16T01:00:00.000+0000,1074400.5877259378,1415.4693808976517,918250.5737062324
2025-04-16T01:10:00.000+0000,1069130.8108827698,1415.4693808976517,920949.9903912649
2025-04-16T01:20:00.000+0000,1055809.9860847618,1415.4693808976517,922894.8647530229
2025-04-16T01:30:00.000+0000,1061665.2936882817,1415.4693808976517,920626.087491884
2025-04-16T01:40:00.000+0000,1051564.8880722094,1415.4693808976517,921063.7136929402
2025-04-16T01:50:00.000+0000,1054638.9245640577,1415.4693808976517,923840.7265377364
2025-04-16T02:00:00.000+0000,1049076.3823407139,1415.4693808976517,925379.3578446037
2025-04-16T02:10:00.000+0000,1049369.1477208892,1415.4693808976517,924975.7384418716
2025-04-16T02:20:00.000+0000,1047173.4073695696,1415.4693808976517,925335.6848488313
2025-04-16T02:30:00.000+0000,1044099.3708777213,1415.4693808976517,924877.1690549513
2025-04-16T02:40:00.000+0000,1052589.566902826,1415.4693808976517,923647.8037328834
2025-04-16T02:50:00.000+0000,1046002.3458488658,1415.4693808976517,924977.0970261166
2025-04-16T03:00:00.000+0000,1043513.84011737,1415.4693808976517,926902.6821783707
2025-04-16T03:10:00.000+0000,1038975.9767246419,1415.4693808976517,928455.2390607086
2025-04-16T03:20:00.000+0000,1040732.5690056978,1415.4693808976517,926213.0074336575
2025-04-16T03:30:00.000+0000,1043952.9881876339,1415.4693808976517,925511.5603939452
2025-04-16T03:40:00.000+0000,1044538.5189479856,1415.4693808976517,924285.0789903163
2025-04-16T03:50:00.000+0000,1047173.4073695696,1415.4693808976517,923920.7249761675
2025-04-16T04:00:00.000+0000,1041171.7170759614,1415.4693808976517,923818.49469943
2025-04-16T04:10:00.000+0000,1041318.09976605,1415.4693808976517,920472.7471295975
2025-04-16T04:20:00.000+0000,1064007.4167296898,1415.4693808976517,919213.4684867887
2025-04-16T04:30:00.000+0000,1065471.2436305706,1415.4693808976517,919184.6990929241
2025-04-16T04:40:00.000+0000,1070887.4031638263,1415.4693808976517,918150.7456724448
2025-04-16T04:50:00.000+0000,1093869.4855076422,1415.4693808976517,920473.2260864915
2025-04-16T05:00:00.000+0000,1085086.5241023619,1415.4693808976517,922655.4450768312
2025-04-16T05:10:00.000+0000,1083622.6972014818,1415.4693808976517,923501.8374752654
2025-04-16T05:20:00.000+0000,1098114.5835201936,1415.4693808976517,913799.4342962649
2025-04-16T05:30:00.000+0000,1111581.7910082897,1415.4693808976517,913216.8043033406
2025-04-16T05:40:00.000+0000,1111874.5563884657,1415.4693808976517,917182.5877139494
2025-04-16T05:50:00.000+0000,1099724.7931111625,1415.4693808976517,916881.5247815786
2025-04-16T06:00:00.000+0000,1097968.200830105,1415.4693808976517,915856.7044611111
2025-04-16T06:10:00.000+0000,1088599.708664474,1415.4693808976517,916216.2008505327
2025-04-16T06:20:00.000+0000,1090795.4490157936,1415.4693808976517,918699.384132657
2025-04-16T06:30:00.000+0000,1084061.8452717455,1415.4693808976517,919676.9158635121
2025-04-16T06:40:00.000+0000,1085232.90679245,1415.4693808976517,920609.8354470879
2025-04-16T06:50:00.000+0000,1086257.5856230655,1415.4693808976517,921072.084756392
2025-04-16T07:00:00.000+0000,1083915.4625816576,1415.4693808976517,918541.1382025064
2025-04-16T07:10:00.000+0000,1086696.7336933294,1415.4693808976517,917749.6421773611
2025-04-16T07:20:00.000+0000,1091673.7451563217,1415.4693808976517,915166.4271949483
2025-04-16T07:30:00.000+0000,1098407.34890037,1415.4693808976517,914316.840504497
2025-04-16T07:40:00.000+0000,1094162.250887817,1415.4693808976517,914817.0384174476
2025-04-16T07:50:00.000+0000,1095040.5470283458,1415.4693808976517,913600.2674162351
2025-04-16T08:00:00.000+0000,1117876.2466820735,1415.4693808976517,911524.501387743
2025-04-16T08:10:00.000+0000,1130904.306099905,1415.4693808976517,909357.4612361278
2025-04-16T08:20:00.000+0000,1107190.3103056496,1415.4693808976517,910783.484210982
2025-04-16T08:30:00.000+0000,1088160.560594209,1415.4693808976517,916877.6848005773
2025-04-16T08:40:00.000+0000,1075571.6492466421,1415.4693808976517,918905.5642699688
2025-04-16T08:50:00.000+0000,1086989.4990735059,1415.4693808976517,917595.5162584893
2025-04-16T09:00:00.000+0000,1070887.4031638263,1415.4693808976517,918736.7760116884
2025-04-16T09:10:00.000+0000,1071033.785853914,1415.4693808976517,919054.8907200426
2025-04-16T09:20:00.000+0000,1073961.439655674,1415.4693808976517,918256.400682896
2025-04-16T09:30:00.000+0000,1079816.7472591938,1415.4693808976517,918006.4925597587
2025-04-16T09:40:00.000+0000,1081866.1049204255,1415.4693808976517,915460.5250189557
2025-04-16T09:50:00.000+0000,1093869.4855076422,1415.4693808976517,914994.2666444764
2025-04-16T10:00:00.000+0000,1094601.3989580816,1415.4693808976517,915510.6642950475
2025-04-16T10:10:00.000+0000,1080548.660709634,1415.4693808976517,917855.6335763694
2025-04-16T10:20:00.000+0000,1068545.2801224177,1415.4693808976517,920110.431917429
2025-04-16T10:30:00.000+0000,1065178.4782503934,1415.4693808976517,920822.1334478615
2025-04-16T10:40:00.000+0000,1060786.9975477536,1415.4693808976517,920483.9139251937
2025-04-16T10:50:00.000+0000,1056102.7514649376,1415.4693808976517,922357.9119398067
2025-04-16T11:00:00.000+0000,1046002.3458488658,1415.4693808976517,921586.0787600689
2025-04-16T11:10:00.000+0000,1048198.0862001855,1415.4693808976517,922145.0727572471
2025-04-16T11:20:00.000+0000,1056541.899535202,1415.4693808976517,919773.1595770407
2025-04-16T11:30:00.000+0000,1061665.2936882817,1415.4693808976517,918891.9895348748
2025-04-16T11:40:00.000+0000,1042781.9266669299,1415.4693808976517,922297.974075004
2025-04-16T11:50:00.000+0000,1044684.9016380738,1415.4693808976517,923836.414280246
2025-04-16T12:00:00.000+0000,1044099.3708777213,1415.4693808976517,923261.2103505136
2025-04-16T12:10:00.000+0000,1048198.0862001855,1415.4693808976517,922691.400344539
2025-04-16T12:20:00.000+0000,1039561.507484994,1415.4693808976517,924300.8428671418
2025-04-16T12:30:00.000+0000,1036048.3229228816,1415.4693808976517,922554.4379972643
2025-04-16T12:40:00.000+0000,1045270.4323984255,1415.4693808976517,919827.0725938554
2025-04-16T12:50:00.000+0000,1050540.2092415942,1415.4693808976517,919439.4390673088
2025-04-16T13:00:00.000+0000,1061665.2936882817,1415.4693808976517,918718.4422924537
2025-04-16T13:10:00.000+0000,1055956.3687748495,1415.4693808976517,917110.7183162544
2025-04-16T13:20:00.000+0000,1041610.8651462254,1415.4693808976517,916980.2624388803
2025-04-16T13:30:00.000+0000,1029461.1018689215,1415.4693808976517,916764.9740898083
2025-04-16T13:40:00.000+0000,1033267.05181121,1415.4693808976517,919694.8115935092
2025-04-16T13:50:00.000+0000,1045855.9631587774,1415.4693808976517,916108.1520394682
2025-04-16T14:00:00.000+0000,1036780.2363733216,1415.4693808976517,917302.12701928
2025-04-16T14:10:00.000+0000,1032242.3729805929,1415.4693808976517,918980.371673069
2025-04-16T14:20:00.000+0000,995646.7004585932,1415.4693808976517,922553.1348503537
2025-04-16T14:30:00.000+0000,977202.4815075059,1415.4693808976517,927823.3257918656
2025-04-16T14:40:00.000+0000,953342.1030231622,1415.4693808976517,928201.6836322043
2025-04-16T14:50:00.000+0000,946901.2646592894,1415.4693808976517,930106.9216702117
2025-04-16T15:00:00.000+0000,946022.9685187619,1415.4693808976517,931073.167557159
2025-04-16T15:10:00.000+0000,932848.5264108414,1415.4693808976517,932090.522420787
2025-04-16T15:20:00.000+0000,922455.3554145937,1415.4693808976517,934534.0688247263
2025-04-16T15:30:00.000+0000,949975.3011511377,1415.4693808976517,936292.1983058245
2025-04-16T15:40:00.000+0000,956562.5222050976,1415.4693808976517,934349.3895748184
2025-04-16T15:50:00.000+0000,951439.1280520177,1415.4693808976517,933166.8569582126
2025-04-16T16:00:00.000+0000,948072.3261799937,1415.4693808976517,934060.8033010768
2025-04-16T16:10:00.000+0000,953488.48571325,1415.4693808976517,933859.3024932414
2025-04-16T16:20:00.000+0000,976031.4199868013,1415.4693808976517,931686.4221742174
2025-04-16T16:30:00.000+0000,981447.5795200575,1415.4693808976517,928113.9436148896
2025-04-16T16:40:00.000+0000,981008.431449794,1415.4693808976517,928876.0218921676
2025-04-16T16:50:00.000+0000,969005.0508625776,1415.4693808976517,932318.6379559299
2025-04-16T17:00:00.000+0000,956416.1395150097,1415.4693808976517,937303.3197722076
2025-04-16T17:10:00.000+0000,942363.4012665623,1415.4693808976517,936758.9961809281
2025-04-16T17:20:00.000+0000,937679.155183746,1415.4693808976517,942117.2195112673
2025-04-16T17:30:00.000+0000,949389.770390786,1415.4693808976517,934742.2983076042
2025-04-16T17:40:00.000+0000,988913.0967145456,1415.4693808976517,921461.6989289897
2025-04-16T17:50:00.000+0000,1031071.3114598893,1415.4693808976517,910997.1738043191
2025-04-16T18:00:00.000+0000,1002087.5388224659,1415.4693808976517,913998.8670141117
2025-04-16T18:10:00.000+0000,973982.0623255693,1415.4693808976517,919172.477540603
2025-04-16T18:20:00.000+0000,964028.0393995855,1415.4693808976517,920565.9005574498
2025-04-16T18:30:00.000+0000,969005.0508625776,1415.4693808976517,923610.8617999547
2025-04-16T18:40:00.000+0000,996085.8485288579,1415.4693808976517,920997.6104688204
2025-04-16T18:50:00.000+0000,986424.5909830503,1415.4693808976517,922602.1849302633
2025-04-16T19:00:00.000+0000,992719.0466568337,1415.4693808976517,926732.0608773367
2025-04-16T19:10:00.000+0000,1009553.0560169541,1415.4693808976517,926797.8070458155
2025-04-16T19:20:00.000+0000,1015993.8943808256,1415.4693808976517,924679.3918626825
2025-04-16T19:30:00.000+0000,1010138.5867773062,1415.4693808976517,925669.1759185819
2025-04-16T19:40:00.000+0000,990230.5409253374,1415.4693808976517,930036.5900015223
2025-04-16T19:50:00.000+0000,969005.0508625776,1415.4693808976517,941811.4301557929
2025-04-16T20:00:00.000+0000,941192.339745858,1415.4693808976517,941861.3282051027
2025-04-16T20:10:00.000+0000,922748.1207947697,1415.4693808976517,942519.0947548451
2025-04-16T20:20:00.000+0000,917478.3439516017,1415.4693808976517,943239.2960375403
2025-04-16T20:30:00.000+0000,918942.1708524822,1415.4693808976517,941518.1810971191
2025-04-16T20:40:00.000+0000,941045.9570557694,1415.4693808976517,938795.242599756
2025-04-16T20:50:00.000+0000,944412.758927794,1415.4693808976517,936735.1448211742
2025-04-16T21:00:00.000+0000,951585.5107421052,1415.4693808976517,936928.4463147498
2025-04-16T21:10:00.000+0000,937240.0071134819,1415.4693808976517,940252.1247451212
2025-04-16T21:20:00.000+0000,929774.4899189934,1415.4693808976517,942758.6580368073
2025-04-16T21:30:00.000+0000,923919.1823154739,1415.4693808976517,942146.9260353481
2025-04-16T21:40:00.000+0000,929335.3418487298,1415.4693808976517,942367.877678382
2025-04-16T21:50:00.000+0000,912940.480558874,1415.4693808976517,943645.3436982018
2025-04-16T22:00:00.000+0000,911183.8882778176,1415.4693808976517,942657.4529515692
2025-04-16T22:10:00.000+0000,912794.0978687854,1415.4693808976517,941203.2542418765
2025-04-16T22:20:00.000+0000,914550.6901498415,1415.4693808976517,940583.0406960021
2025-04-16T22:30:00.000+0000,911183.8882778176,1415.4693808976517,940185.8447011304
2025-04-16T22:40:00.000+0000,907817.0864057937,1415.4693808976517,942633.9788408761
2025-04-16T22:50:00.000+0000,902254.5441824493,1415.4693808976517,941594.9649072434
2025-04-16T23:00:00.000+0000,912647.7151786977,1415.4693808976517,939397.793280849
2025-04-16T23:10:00.000+0000,930213.6379892575,1415.4693808976517,938496.728824852
2025-04-16T23:20:00.000+0000,946901.2646592894,1415.4693808976517,937635.8118083082
2025-04-16T23:30:00.000+0000,964906.3355401135,1415.4693808976517,934982.1329538666
2025-04-16T23:40:00.000+0000,962564.2124987055,1415.4693808976517,934917.1897896039
2025-04-16T23:50:00.000+0000,967687.6066517862,1415.4693808976517,936251.1892946619
2025-04-17T00:00:00.000+0000,974128.4450156576,1415.4693808976517,934849.0821221903
2025-04-17T00:10:00.000+0000,978227.1603381219,1415.4693808976517,935462.18721329
2025-04-17T00:20:00.000+0000,985985.442912786,1415.4693808976517,934580.2972646654
2025-04-17T00:30:00.000+0000,955245.0779943053,1415.4693808976517,936350.7988614764
2025-04-17T00:40:00.000+0000,948072.3261799937,1415.4693808976517,936738.3238475793
2025-04-17T00:50:00.000+0000,939435.7474648021,1415.4693808976517,937175.3081335379
2025-04-17T01:00:00.000+0000,930945.5514396982,1415.4693808976517,937486.8040576611
2025-04-17T01:10:00.000+0000,916014.5170507219,1415.4693808976517,939621.92500558
2025-04-17T01:20:00.000+0000,917185.5785714261,1415.4693808976517,939808.099282099
2025-04-17T01:30:00.000+0000,913233.2459390493,1415.4693808976517,940421.7152116841
2025-04-17T01:40:00.000+0000,915282.6036002813,1415.4693808976517,939243.7057181913
2025-04-17T01:50:00.000+0000,921137.911203802,1415.4693808976517,938471.1834582943
2025-04-17T02:00:00.000+0000,937825.5378738338,1415.4693808976517,939069.9011695842
2025-04-17T02:10:00.000+0000,942948.9320269137,1415.4693808976517,935980.0034909784
2025-04-17T02:20:00.000+0000,942656.1666467375,1415.4693808976517,934758.7080162845
2025-04-17T02:30:00.000+0000,940314.0436053298,1415.4693808976517,935859.1851310553
2025-04-17T02:40:00.000+0000,955098.6953042175,1415.4693808976517,936907.010800255
2025-04-17T02:50:00.000+0000,955391.4606843934,1415.4693808976517,937302.3287693304
2025-04-17T03:00:00.000+0000,946901.2646592894,1415.4693808976517,938370.3029390951
2025-04-17T03:10:00.000+0000,943388.0800971774,1415.4693808976517,936258.2328952443
2025-04-17T03:20:00.000+0000,952610.1895727217,1415.4693808976517,931312.4557094576
2025-04-17T03:30:00.000+0000,992133.5158964819,1415.4693808976517,931495.450440855
2025-04-17T03:40:00.000+0000,988913.0967145456,1415.4693808976517,931222.130932774
2025-04-17T03:50:00.000+0000,984082.467941642,1415.4693808976517,933232.789765649
2025-04-17T04:00:00.000+0000,982325.8756605857,1415.4693808976517,933039.7490570707
2025-04-17T04:10:00.000+0000,979690.987239002,1415.4693808976517,932780.4063227675
2025-04-17T04:20:00.000+0000,984521.6160119057,1415.4693808976517,933140.1125760961
2025-04-17T04:30:00.000+0000,990084.1582352498,1415.4693808976517,933251.4209985103
2025-04-17T04:40:00.000+0000,986131.8256028737,1415.4693808976517,933760.0229832316
2025-04-17T04:50:00.000+0000,959051.0279365937,1415.4693808976517,937498.2265854347
2025-04-17T05:00:00.000+0000,941485.1051260339,1415.4693808976517,938179.1507106042
2025-04-17T05:10:00.000+0000,933287.674481106,1415.4693808976517,939878.4500438636
2025-04-17T05:20:00.000+0000,930213.6379892575,1415.4693808976517,941426.9488268798
2025-04-17T05:30:00.000+0000,928749.8110883782,1415.4693808976517,942643.2282706049
2025-04-17T05:40:00.000+0000,919527.7016128334,1415.4693808976517,946126.8810952469
2025-04-17T05:50:00.000+0000,919820.4669930099,1415.4693808976517,945722.5452827255
2025-04-17T06:00:00.000+0000,917624.7266416898,1415.4693808976517,945589.3003893294
2025-04-17T06:10:00.000+0000,906353.2595049134,1415.4693808976517,945556.2321880782
2025-04-17T06:20:00.000+0000,905474.963364386,1415.4693808976517,947181.9387837774
2025-04-17T06:30:00.000+0000,892739.6693267297,1415.4693808976517,949619.1062977584
2025-04-17T06:40:00.000+0000,891129.459735762,1415.4693808976517,950970.0026335104
2025-04-17T06:50:00.000+0000,885859.6828925934,1415.4693808976517,951604.8471916362
2025-04-17T07:00:00.000+0000,882492.8810205703,1415.4693808976517,949584.6768115261
2025-04-17T07:10:00.000+0000,893617.9654672575,1415.4693808976517,949183.1804174
2025-04-17T07:20:00.000+0000,891422.225115938,1415.4693808976517,950677.902330892
2025-04-17T07:30:00.000+0000,860681.8601974577,1415.4693808976517,953325.3491563159
2025-04-17T07:40:00.000+0000,863609.513999218,1415.4693808976517,950789.0649655168
2025-04-17T07:50:00.000+0000,869318.4389126493,1415.4693808976517,949561.1879717966
2025-04-17T08:00:00.000+0000,853069.9603128819,1415.4693808976517,950682.8063247472
2025-04-17T08:10:00.000+0000,854680.1699038497,1415.4693808976517,950544.0624459609
2025-04-17T08:20:00.000+0000,858778.8852263134,1415.4693808976517,949005.7203268711
2025-04-17T08:30:00.000+0000,855704.8487344654,1415.4693808976517,948606.9017254463
2025-04-17T08:40:00.000+0000,856583.1448749935,1415.4693808976517,947980.2085027252
2025-04-17T08:50:00.000+0000,878686.9310782815,1415.4693808976517,945787.4206327013
2025-04-17T09:00:00.000+0000,878686.9310782815,1415.4693808976517,943895.6439601653
2025-04-17T09:10:00.000+0000,884103.0906115376,1415.4693808976517,943840.5832783048
2025-04-17T09:20:00.000+0000,873124.3888549379,1415.4693808976517,944586.632011005
2025-04-17T09:30:00.000+0000,882932.0290908337,1415.4693808976517,944318.7297409249
2025-04-17T09:40:00.000+0000,868879.2908423855,1415.4693808976517,946402.5892082512
2025-04-17T09:50:00.000+0000,867708.2293216817,1415.4693808976517,946139.0473802981
2025-04-17T10:00:00.000+0000,861852.9217181616,1415.4693808976517,946086.2072566203
2025-04-17T10:10:00.000+0000,862731.21785869,1415.4693808976517,942964.096115862
2025-04-17T10:20:00.000+0000,882346.4983304822,1415.4693808976517,943889.449196352
2025-04-17T10:30:00.000+0000,878833.3137683694,1415.4693808976517,944035.2712580481
2025-04-17T10:40:00.000+0000,873856.3023053776,1415.4693808976517,943725.0369051688
2025-04-17T10:50:00.000+0000,873709.91961529,1415.4693808976517,944076.1833633622
2025-04-17T11:00:00.000+0000,866098.0197307136,1415.4693808976517,945231.9146494204
2025-04-17T11:10:00.000+0000,868147.3773919458,1415.4693808976517,942607.5396366478
2025-04-17T11:20:00.000+0000,857315.0583254336,1415.4693808976517,943660.7978273188
2025-04-17T11:30:00.000+0000,849556.7757507699,1415.4693808976517,944267.8265949062
2025-04-17T11:40:00.000+0000,829502.3472087134,1415.4693808976517,945674.7399165803
2025-04-17T11:50:00.000+0000,834332.9759816176,1415.4693808976517,945511.1753711563
2025-04-17T12:00:00.000+0000,844872.529667954,1415.4693808976517,945513.3155144589
2025-04-17T12:10:00.000+0000,851898.8987921774,1415.4693808976517,946651.6967328324
2025-04-17T12:20:00.000+0000,834479.358671705,1415.4693808976517,949091.0791798835
2025-04-17T12:30:00.000+0000,830087.8779690657,1415.4693808976517,948659.266630399
2025-04-17T12:40:00.000+0000,829355.9645186256,1415.4693808976517,949311.1297325487
2025-04-17T12:50:00.000+0000,830819.7914195056,1415.4693808976517,949806.6378081546
2025-04-17T13:00:00.000+0000,832576.3837005623,1415.4693808976517,947183.9320304219
2025-04-17T13:10:00.000+0000,841359.3451058414,1415.4693808976517,945322.0418855728
2025-04-17T13:20:00.000+0000,851459.7507219131,1415.4693808976517,945973.0966356108
2025-04-17T13:30:00.000+0000,857022.2929452574,1415.4693808976517,943379.5614944925
2025-04-17T13:40:00.000+0000,869903.9696730017,1415.4693808976517,943703.7929931574
2025-04-17T13:50:00.000+0000,863609.513999218,1415.4693808976517,943872.3097527907
2025-04-17T14:00:00.000+0000,866244.4024208022,1415.4693808976517,938312.4652873718
2025-04-17T14:10:00.000+0000,894349.8789176974,1415.4693808976517,936719.6904684163
2025-04-17T14:20:00.000+0000,896252.8538888416,1415.4693808976517,935610.7808790943
2025-04-17T14:30:00.000+0000,916014.5170507219,1415.4693808976517,931704.3301468203
2025-04-17T14:40:00.000+0000,899766.0384509537,1415.4693808976517,933738.4973954987
2025-04-17T14:50:00.000+0000,908841.7652364103,1415.4693808976517,934612.6029284988
2025-04-17T15:00:00.000+0000,896106.4711987536,1415.4693808976517,936047.2422446908
2025-04-17T15:10:00.000+0000,876637.5734170498,1415.4693808976517,940907.5458217572
2025-04-17T15:20:00.000+0000,882346.4983304822,1415.4693808976517,939509.0282638639
2025-04-17T15:30:00.000+0000,863902.2793793932,1415.4693808976517,941155.0117360039
2025-04-17T15:40:00.000+0000,866098.0197307136,1415.4693808976517,942902.0424415745
2025-04-17T15:50:00.000+0000,864634.1928298334,1415.4693808976517,944103.1663786774
2025-04-17T16:00:00.000+0000,846482.7392589216,1415.4693808976517,941410.2596602149
2025-04-17T16:10:00.000+0000,843701.4681472495,1415.4693808976517,944550.5161193185
2025-04-17T16:20:00.000+0000,843262.3200769861,1415.4693808976517,948675.53016692
2025-04-17T16:30:00.000+0000,840920.1970355777,1415.4693808976517,951994.5101747399
2025-04-17T16:40:00.000+0000,857754.2063956979,1415.4693808976517,949532.1580344345
2025-04-17T16:50:00.000+0000,856436.7621849057,1415.4693808976517,950688.9413229054
2025-04-17T17:00:00.000+0000,839309.9874446099,1415.4693808976517,951015.3362791161
2025-04-17T17:10:00.000+0000,835211.2721221461,1415.4693808976517,953039.3782267426
2025-04-17T17:20:00.000+0000,844433.3815976897,1415.4693808976517,951991.6629849301
2025-04-17T17:30:00.000+0000,843262.3200769861,1415.4693808976517,954980.8503195203
2025-04-17T17:40:00.000+0000,834772.1240518817,1415.4693808976517,953744.7362276192
2025-04-17T17:50:00.000+0000,828916.8164483614,1415.4693808976517,956507.823774162
2025-04-17T18:00:00.000+0000,829648.7298988017,1415.4693808976517,955589.2414452394
2025-04-17T18:10:00.000+0000,809740.6840468331,1415.4693808976517,957453.1098483384
2025-04-17T18:20:00.000+0000,806081.1167946334,1415.4693808976517,956311.9460349898
2025-04-17T18:30:00.000+0000,809008.7705963934,1415.4693808976517,956274.4913944909
2025-04-17T18:40:00.000+0000,797590.9207695298,1415.4693808976517,954193.3167132051
2025-04-17T18:50:00.000+0000,818084.4973818499,1415.4693808976517,951181.3934000863
2025-04-17T19:00:00.000+0000,820865.7684935216,1415.4693808976517,952303.4242281534
2025-04-17T19:10:00.000+0000,841359.3451058414,1415.4693808976517,945981.0506719846
2025-04-17T19:20:00.000+0000,865366.1062802736,1415.4693808976517,943208.9117728192
2025-04-17T19:30:00.000+0000,866537.1678009781,1415.4693808976517,940204.4482914275
2025-04-17T19:40:00.000+0000,867708.2293216817,1415.4693808976517,942599.2754146191
2025-04-17T19:50:00.000+0000,859657.1813668414,1415.4693808976517,942319.1559383979
2025-04-17T20:00:00.000+0000,846482.7392589216,1415.4693808976517,945765.1651493583
2025-04-17T20:10:00.000+0000,842530.4066265457,1415.4693808976517,947089.7434219187
2025-04-17T20:20:00.000+0000,841652.1104860175,1415.4693808976517,948518.8213041879
2025-04-17T20:30:00.000+0000,837699.777853642,1415.4693808976517,947432.1044188829
2025-04-17T20:40:00.000+0000,822329.5953944018,1415.4693808976517,946981.0385568722
2025-04-17T20:50:00.000+0000,810033.4494270097,1415.4693808976517,950349.5917707458
2025-04-17T21:00:00.000+0000,817791.7320016739,1415.4693808976517,948589.8287100862
2025-04-17T21:10:00.000+0000,813400.2512990338,1415.4693808976517,948548.8605951448
2025-04-17T21:20:00.000+0000,812375.5724684178,1415.4693808976517,947373.8352525448
2025-04-17T21:30:00.000+0000,808130.4744558654,1415.4693808976517,948362.8224837745
2025-04-17T21:40:00.000+0000,795395.1804182096,1415.4693808976517,948831.9092857821
2025-04-17T21:50:00.000+0000,784562.8613516977,1415.4693808976517,950077.7453075422
2025-04-17T22:00:00.000+0000,786758.6017030176,1415.4693808976517,949010.582986559
2025-04-17T22:10:00.000+0000,785587.5401823132,1415.4693808976517,950436.189989627
2025-04-17T22:20:00.000+0000,787636.8978435454,1415.4693808976517,949413.8199088229
2025-04-17T22:30:00.000+0000,784562.8613516977,1415.4693808976517,948346.7985643093
2025-04-17T22:40:00.000+0000,783977.3305913459,1415.4693808976517,947333.4152412934
2025-04-17T22:50:00.000+0000,798469.2169100576,1415.4693808976517,944700.2855757321
2025-04-17T23:00:00.000+0000,779878.615268882,1415.4693808976517,945905.6276102659
2025-04-17T23:10:00.000+0000,766411.4077807857,1415.4693808976517,947931.1005262451
2025-04-17T23:20:00.000+0000,763044.6059087616,1415.4693808976517,949141.6842578417
2025-04-17T23:30:00.000+0000,764947.5808799063,1415.4693808976517,948892.8305249179
2025-04-17T23:40:00.000+0000,781196.0594796741,1415.4693808976517,948001.6067341568
2025-04-17T23:50:00.000+0000,775487.1345662414,1415.4693808976517,948746.3582401348
2025-04-18T00:00:00.000+0000,768021.6173717538,1415.4693808976517,948029.6779439383
2025-04-18T00:10:00.000+0000,765240.346260082,1415.4693808976517,947039.5315202201
2025-04-18T00:20:00.000+0000,771973.9500041297,1415.4693808976517,946719.3476844442
2025-04-18T00:30:00.000+0000,788222.4286038973,1415.4693808976517,947209.6746424349
2025-04-18T00:40:00.000+0000,797151.7726992656,1415.4693808976517,945885.3949566514
2025-04-18T00:50:00.000+0000,797444.538079442,1415.4693808976517,945498.4196839652
2025-04-18T01:00:00.000+0000,788368.8112939855,1415.4693808976517,946229.8239900279
2025-04-18T01:10:00.000+0000,778122.0229878253,1415.4693808976517,951109.581916821
2025-04-18T01:20:00.000+0000,771242.0365536896,1415.4693808976517,950739.610977839
2025-04-18T01:30:00.000+0000,769778.2096528097,1415.4693808976517,950695.8007616252
2025-04-18T01:40:00.000+0000,778561.1710580898,1415.4693808976517,948937.4767000906
2025-04-18T01:50:00.000+0000,780024.9979589696,1415.4693808976517,948947.1536111892
2025-04-18T02:00:00.000+0000,780464.1460292336,1415.4693808976517,947973.131357249
2025-04-18T02:10:00.000+0000,781196.0594796741,1415.4693808976517,947986.1317321742
2025-04-18T02:20:00.000+0000,763337.3712889381,1415.4693808976517,948737.0903432004
2025-04-18T02:30:00.000+0000,759970.5694169136,1415.4693808976517,949478.4192081899
2025-04-18T02:40:00.000+0000,748259.9542098742,1415.4693808976517,949977.6334874488
2025-04-18T02:50:00.000+0000,735671.042862306,1415.4693808976517,951023.1908968285
2025-04-18T03:00:00.000+0000,750894.8426314576,1415.4693808976517,948341.7541484188
2025-04-18T03:10:00.000+0000,752651.4349125137,1415.4693808976517,948622.403243266
2025-04-18T03:20:00.000+0000,750455.6945611937,1415.4693808976517,946993.7036521088
2025-04-18T03:30:00.000+0000,779878.615268882,1415.4693808976517,946818.7141732508
2025-04-18T03:40:00.000+0000,783391.7998309934,1415.4693808976517,948018.6424485948
2025-04-18T03:50:00.000+0000,776658.1960869454,1415.4693808976517,948307.3884610871
2025-04-18T04:00:00.000+0000,774901.6038058896,1415.4693808976517,945832.244736613
2025-04-18T04:10:00.000+0000,797737.3034596182,1415.4693808976517,944448.9022792747
2025-04-18T04:20:00.000+0000,787490.5151534576,1415.4693808976517,945568.4190866367
2025-04-18T04:30:00.000+0000,783099.0344508172,1415.4693808976517,945716.6967537504
2025-04-18T04:40:00.000+0000,790418.1689552177,1415.4693808976517,945552.4782470698
2025-04-18T04:50:00.000+0000,798176.4515298818,1415.4693808976517,945335.2435213394
2025-04-18T05:00:00.000+0000,804324.5245135771,1415.4693808976517,945010.0929838171
2025-04-18T05:10:00.000+0000,814424.9301296494,1415.4693808976517,944758.7458615549
2025-04-18T05:20:00.000+0000,823354.2742250175,1415.4693808976517,943200.1343602214
2025-04-18T05:30:00.000+0000,820426.6204232577,1415.4693808976517,942942.7205728046
2025-04-18T05:40:00.000+0000,806813.0302450741,1415.4693808976517,945010.3974550655
2025-04-18T05:50:00.000+0000,796712.6246290014,1415.4693808976517,945641.138340675
2025-04-18T06:00:00.000+0000,795687.9457983859,1415.4693808976517,944997.9358026896
2025-04-18T06:10:00.000+0000,776804.5787770341,1415.4693808976517,945976.8041539144
2025-04-18T06:20:00.000+0000,784562.8613516977,1415.4693808976517,945553.579006412
2025-04-18T06:30:00.000+0000,795541.5631082978,1415.4693808976517,943763.555540663
2025-04-18T06:40:00.000+0000,794370.5015875942,1415.4693808976517,944154.1598215748
2025-04-18T06:50:00.000+0000,776804.5787770341,1415.4693808976517,944885.3853672469
2025-04-18T07:00:00.000+0000,770802.8884834262,1415.4693808976517,946385.3326390393
2025-04-18T07:10:00.000+0000,777536.4922274739,1415.4693808976517,945706.6730355206
2025-04-18T07:20:00.000+0000,788807.9593642495,1415.4693808976517,943979.9950693091
2025-04-18T07:30:00.000+0000,794809.6496578581,1415.4693808976517,946168.7039314283
2025-04-18T07:40:00.000+0000,801250.4880217293,1415.4693808976517,947384.5861656489
2025-04-18T07:50:00.000+0000,798615.5996001462,1415.4693808976517,948022.3366060888
2025-04-18T08:00:00.000+0000,791296.4650957456,1415.4693808976517,949344.7573055746
2025-04-18T08:10:00.000+0000,791442.8477858335,1415.4693808976517,949496.1019441212
2025-04-18T08:20:00.000+0000,783684.5652111698,1415.4693808976517,949846.2173263442
2025-04-18T08:30:00.000+0000,798322.8342199691,1415.4693808976517,949541.5722914516
2025-04-18T08:40:00.000+0000,800957.7226415537,1415.4693808976517,949990.2613353396
2025-04-18T08:50:00.000+0000,805641.9687243701,1415.4693808976517,947937.0436625613
2025-04-18T09:00:00.000+0000,803446.2283730494,1415.4693808976517,947930.0716322938
2025-04-18T09:10:00.000+0000,801836.0187820817,1415.4693808976517,947279.2197706823
2025-04-18T09:20:00.000+0000,800957.7226415537,1415.4693808976517,948376.7470396707
2025-04-18T09:30:00.000+0000,801543.2534019059,1415.4693808976517,948015.1753611391
2025-04-18T09:40:00.000+0000,797883.686149705,1415.4693808976517,949841.1219893639
2025-04-18T09:50:00.000+0000,800664.9572613778,1415.4693808976517,948162.9052017799
2025-04-18T10:00:00.000+0000,803446.2283730494,1415.4693808976517,947414.2207529037
2025-04-18T10:10:00.000+0000,820280.23773317,1415.4693808976517,948315.9946610681
2025-04-18T10:20:00.000+0000,813546.6339891218,1415.4693808976517,948413.0081647122
2025-04-18T10:30:00.000+0000,825696.3972664259,1415.4693808976517,946262.1993908095
2025-04-18T10:40:00.000+0000,837699.777853642,1415.4693808976517,945300.6977411078
2025-04-18T10:50:00.000+0000,842384.0239364576,1415.4693808976517,945183.6713476137
2025-04-18T11:00:00.000+0000,836235.9509527619,1415.4693808976517,944786.0918169818
2025-04-18T11:10:00.000+0000,833015.5317708262,1415.4693808976517,946842.7833111967
2025-04-18T11:20:00.000+0000,833161.9144609133,1415.4693808976517,945446.4091160585
2025-04-18T11:30:00.000+0000,864780.5755199214,1415.4693808976517,945545.7887241752
2025-04-18T11:40:00.000+0000,857315.0583254336,1415.4693808976517,946231.2788449165
2025-04-18T11:50:00.000+0000,851166.9853417376,1415.4693808976517,947245.432736123
2025-04-18T12:00:00.000+0000,845018.9123580423,1415.4693808976517,947368.2867142912
2025-04-18T12:10:00.000+0000,852338.0468624417,1415.4693808976517,946757.7473966382
2025-04-18T12:20:00.000+0000,847068.2700192739,1415.4693808976517,947281.2709317564
2025-04-18T12:30:00.000+0000,829795.1125888895,1415.4693808976517,949313.9793458774
2025-04-18T12:40:00.000+0000,823939.8049853699,1415.4693808976517,950729.7271986451
2025-04-18T12:50:00.000+0000,833161.9144609133,1415.4693808976517,950183.300988626
2025-04-18T13:00:00.000+0000,839895.5182049619,1415.4693808976517,948563.3279068354
2025-04-18T13:10:00.000+0000,833161.9144609133,1415.4693808976517,947516.8670014273
2025-04-18T13:20:00.000+0000,825989.1626466012,1415.4693808976517,948373.0614852423
2025-04-18T13:30:00.000+0000,830819.7914195056,1415.4693808976517,948628.8545530492
2025-04-18T13:40:00.000+0000,832722.7663906494,1415.4693808976517,947177.921947188
2025-04-18T13:50:00.000+0000,828184.9029979211,1415.4693808976517,948184.9925669471
2025-04-18T14:00:00.000+0000,827013.8414772177,1415.4693808976517,947905.5074937672
2025-04-18T14:10:00.000+0000,827306.6068573938,1415.4693808976517,946352.2934128613
2025-04-18T14:20:00.000+0000,825110.8665060741,1415.4693808976517,945723.6514078219
2025-04-18T14:30:00.000+0000,823939.8049853699,1415.4693808976517,945444.9299094932
2025-04-18T14:40:00.000+0000,822768.743464666,1415.4693808976517,944883.5135209976
2025-04-18T14:50:00.000+0000,826135.5453366898,1415.4693808976517,944138.5183825777
2025-04-18T15:00:00.000+0000,833161.9144609133,1415.4693808976517,942118.8371364363
2025-04-18T15:10:00.000+0000,854826.5525939378,1415.4693808976517,942094.9706454173
2025-04-18T15:20:00.000+0000,859803.5640569296,1415.4693808976517,941314.2370251012
2025-04-18T15:30:00.000+0000,857900.5890857853,1415.4693808976517,941453.192654738
2025-04-18T15:40:00.000+0000,868586.5254622096,1415.4693808976517,941851.4561769923
2025-04-18T15:50:00.000+0000,869611.2042928255,1415.4693808976517,942227.1750995609
2025-04-18T16:00:00.000+0000,880297.1406692492,1415.4693808976517,942127.6252984016
2025-04-18T16:10:00.000+0000,867708.2293216817,1415.4693808976517,942893.7498882004
2025-04-18T16:20:00.000+0000,862292.0697884257,1415.4693808976517,943943.9156468937
2025-04-18T16:30:00.000+0000,857022.2929452574,1415.4693808976517,944242.7060268408
2025-04-18T16:40:00.000+0000,857461.4410155214,1415.4693808976517,943472.5938170254
2025-04-18T16:50:00.000+0000,863023.9832388656,1415.4693808976517,943696.8866130162
2025-04-18T17:00:00.000+0000,856143.9968047298,1415.4693808976517,943809.2596205777
2025-04-18T17:10:00.000+0000,847800.1834697139,1415.4693808976517,944832.1191125674
2025-04-18T17:20:00.000+0000,844286.9989076013,1415.4693808976517,944188.1162711016
2025-04-18T17:30:00.000+0000,827160.2241673059,1415.4693808976517,945026.8845470967
2025-04-18T17:40:00.000+0000,809301.5359765701,1415.4693808976517,946839.1524338864
2025-04-18T17:50:00.000+0000,812375.5724684178,1415.4693808976517,947016.5763502205
2025-04-18T18:00:00.000+0000,805202.8206541054,1415.4693808976517,945982.0121003012
2025-04-18T18:10:00.000+0000,797298.1553893539,1415.4693808976517,946967.4582323832
2025-04-18T18:20:00.000+0000,795395.1804182096,1415.4693808976517,946925.4148007857
2025-04-18T18:30:00.000+0000,800811.3399514655,1415.4693808976517,947351.6576083575
2025-04-18T18:40:00.000+0000,806081.1167946334,1415.4693808976517,947622.8353634096
2025-04-18T18:50:00.000+0000,797883.686149705,1415.4693808976517,947962.2411488369
2025-04-18T19:00:00.000+0000,802714.31492261,1415.4693808976517,947155.1371760126
2025-04-18T19:10:00.000+0000,794663.2669677698,1415.4693808976517,947993.4557116864
2025-04-18T19:20:00.000+0000,801396.8707118175,1415.4693808976517,948409.0934475198
2025-04-18T19:30:00.000+0000,805056.4379640174,1415.4693808976517,946971.1805154406
2025-04-18T19:40:00.000+0000,822915.1261547537,1415.4693808976517,946646.3333760158
2025-04-18T19:50:00.000+0000,822915.1261547537,1415.4693808976517,946933.0879930893
2025-04-18T20:00:00.000+0000,818230.8800719379,1415.4693808976517,947404.9941187016
2025-04-18T20:10:00.000+0000,804763.6725838416,1415.4693808976517,946562.4714008407
2025-04-18T20:20:00.000+0000,807691.3263856018,1415.4693808976517,946895.2651003008
2025-04-18T20:30:00.000+0000,804324.5245135771,1415.4693808976517,946406.396717509
2025-04-18T20:40:00.000+0000,807252.1783153375,1415.4693808976517,945853.3332203359
2025-04-18T20:50:00.000+0000,810618.9801873615,1415.4693808976517,947382.8376067382
2025-04-18T21:00:00.000+0000,813839.3993692977,1415.4693808976517,947426.130008986
2025-04-18T21:10:00.000+0000,814424.9301296494,1415.4693808976517,947691.102268716
2025-04-18T21:20:00.000+0000,810618.9801873615,1415.4693808976517,947435.8197800362
2025-04-18T21:30:00.000+0000,776511.8133968578,1415.4693808976517,947686.8064214233
2025-04-18T21:40:00.000+0000,776804.5787770341,1415.4693808976517,948851.8452931391
2025-04-18T21:50:00.000+0000,775779.8999464175,1415.4693808976517,948463.0847329132
2025-04-18T22:00:00.000+0000,776511.8133968578,1415.4693808976517,948440.6701188298
2025-04-18T22:10:00.000+0000,779878.615268882,1415.4693808976517,947355.0379134627
2025-04-18T22:20:00.000+0000,777682.8749175619,1415.4693808976517,948286.8047434557
2025-04-18T22:30:00.000+0000,769485.4442726335,1415.4693808976517,948259.7313776852
2025-04-18T22:40:00.000+0000,764362.0501195537,1415.4693808976517,948057.1968110022
2025-04-18T22:50:00.000+0000,766265.0250906978,1415.4693808976517,947358.0694887757
2025-04-18T23:00:00.000+0000,768168.0000618416,1415.4693808976517,944829.0076589496
2025-04-18T23:10:00.000+0000,770510.1231032498,1415.4693808976517,944078.0726393837
2025-04-18T23:20:00.000+0000,786612.2190129298,1415.4693808976517,944187.0878780084
2025-04-18T23:30:00.000+0000,786465.8363228416,1415.4693808976517,945657.9143611253
2025-04-18T23:40:00.000+0000,786173.0709426661,1415.4693808976517,946627.830000314
2025-04-18T23:50:00.000+0000,784270.0959715217,1415.4693808976517,946314.7162988161
2025-04-19T00:00:00.000+0000,783684.5652111698,1415.4693808976517,945824.2338946781
2025-04-19T00:10:00.000+0000,798322.8342199691,1415.4693808976517,944801.7064807834
2025-04-19T00:20:00.000+0000,810179.8321170972,1415.4693808976517,944953.0283416621
2025-04-19T00:30:00.000+0000,817206.2012413219,1415.4693808976517,945833.1246947573
2025-04-19T00:40:00.000+0000,815449.608960265,1415.4693808976517,946085.8357848779
2025-04-19T00:50:00.000+0000,814278.5474395617,1415.4693808976517,946523.3869368082
2025-04-19T01:00:00.000+0000,803446.2283730494,1415.4693808976517,946631.245129246
2025-04-19T01:10:00.000+0000,804910.0552739303,1415.4693808976517,947929.5570377803
2025-04-19T01:20:00.000+0000,806081.1167946334,1415.4693808976517,947992.7237590684
2025-04-19T01:30:00.000+0000,805495.5860342813,1415.4693808976517,948254.5255954592
2025-04-19T01:40:00.000+0000,804910.0552739303,1415.4693808976517,947709.3743532109
2025-04-19T01:50:00.000+0000,804031.7591334014,1415.4693808976517,947949.4948785042
2025-04-19T02:00:00.000+0000,802860.697612698,1415.4693808976517,948797.1108049026
2025-04-19T02:10:00.000+0000,788807.9593642495,1415.4693808976517,952478.3277384534
2025-04-19T02:20:00.000+0000,778122.0229878253,1415.4693808976517,955011.7738612251
2025-04-19T02:30:00.000+0000,776219.0480166818,1415.4693808976517,955885.0104805245
2025-04-19T02:40:00.000+0000,777682.8749175619,1415.4693808976517,955382.4057369444
2025-04-19T02:50:00.000+0000,769485.4442726335,1415.4693808976517,956964.4144129016
2025-04-19T03:00:00.000+0000,769924.5923428976,1415.4693808976517,957043.4109919354
2025-04-19T03:10:00.000+0000,740940.819705474,1415.4693808976517,958167.6398777345
2025-04-19T03:20:00.000+0000,732011.4756101059,1415.4693808976517,960246.2571292811
2025-04-19T03:30:00.000+0000,729376.5871885219,1415.4693808976517,961426.8361522483
2025-04-19T03:40:00.000+0000,721471.9219237699,1415.4693808976517,960602.8136084954
2025-04-19T03:50:00.000+0000,718105.1200517458,1415.4693808976517,961983.1309115671
2025-04-19T04:00:00.000+0000,693805.5934971375,1415.4693808976517,961176.9647398812
2025-04-19T04:10:00.000+0000,692341.7665962575,1415.4693808976517,962731.079097363
2025-04-19T04:20:00.000+0000,696879.6299889862,1415.4693808976517,962410.5819457737
2025-04-19T04:30:00.000+0000,683997.9532612419,1415.4693808976517,964172.4401131169
2025-04-19T04:40:00.000+0000,692780.9146665217,1415.4693808976517,963733.6729452786
2025-04-19T04:50:00.000+0000,691902.618525994,1415.4693808976517,962252.0034009526
2025-04-19T05:00:00.000+0000,692341.7665962575,1415.4693808976517,961950.3875357127
2025-04-19T05:10:00.000+0000,697026.0126790735,1415.4693808976517,960861.5591692443
2025-04-19T05:20:00.000+0000,684290.7186414177,1415.4693808976517,962772.256262419
2025-04-19T05:30:00.000+0000,682094.9782900978,1415.4693808976517,962776.6528787409
2025-04-19T05:40:00.000+0000,656624.3902147856,1415.4693808976517,962619.9770243275
2025-04-19T05:50:00.000+0000,643449.9481068652,1415.4693808976517,962506.2612347081
2025-04-19T06:00:00.000+0000,633788.6905610577,1415.4693808976517,961154.0357727839
2025-04-19T06:10:00.000+0000,644328.2442473937,1415.4693808976517,960980.1304372887
2025-04-19T06:20:00.000+0000,664675.4381696256,1415.4693808976517,961238.7077097973
2025-04-19T06:30:00.000+0000,667017.5612110343,1415.4693808976517,959458.9502622107
2025-04-19T06:40:00.000+0000,662479.6978183062,1415.4693808976517,959746.4253223188
2025-04-19T06:50:00.000+0000,670677.1284632339,1415.4693808976517,960313.2334882703
2025-04-19T07:00:00.000+0000,639351.2327844017,1415.4693808976517,960903.5053106232
2025-04-19T07:10:00.000+0000,625298.4945359537,1415.4693808976517,961833.1676349331
2025-04-19T07:20:00.000+0000,614612.5581595297,1415.4693808976517,961930.2074129147
2025-04-19T07:30:00.000+0000,619004.0388621698,1415.4693808976517,962731.2554342349
2025-04-19T07:40:00.000+0000,628226.1483377138,1415.4693808976517,964388.2612824084
2025-04-19T07:50:00.000+0000,621638.9272837543,1415.4693808976517,963678.287142945
2025-04-19T08:00:00.000+0000,623541.9022548976,1415.4693808976517,963204.7326908761
2025-04-19T08:10:00.000+0000,626615.9387467463,1415.4693808976517,962521.5400465282
2025-04-19T08:20:00.000+0000,633935.0732511455,1415.4693808976517,963701.9199192382
2025-04-19T08:30:00.000+0000,636716.3443628175,1415.4693808976517,963376.5412921029
2025-04-19T08:40:00.000+0000,633788.6905610577,1415.4693808976517,965285.5704827467
2025-04-19T08:50:00.000+0000,635398.9001520256,1415.4693808976517,965047.7412721587
2025-04-19T09:00:00.000+0000,635106.1347718498,1415.4693808976517,965113.4517851592
2025-04-19T09:10:00.000+0000,629689.9752385941,1415.4693808976517,966559.7108924385
2025-04-19T09:20:00.000+0000,619150.4215522574,1415.4693808976517,966389.5651052053
2025-04-19T09:30:00.000+0000,623249.1368747219,1415.4693808976517,964984.040934717
2025-04-19T09:40:00.000+0000,619443.1869324342,1415.4693808976517,966357.4842936734
2025-04-19T09:50:00.000+0000,619882.3350026979,1415.4693808976517,965288.9078796759
2025-04-19T10:00:00.000+0000,623395.5195648095,1415.4693808976517,964600.7120821698
2025-04-19T10:10:00.000+0000,624566.5810855143,1415.4693808976517,965738.0222943496
2025-04-19T10:20:00.000+0000,638180.1712636979,1415.4693808976517,965078.5835673318
2025-04-19T10:30:00.000+0000,633349.5424907939,1415.4693808976517,963224.1242969946
2025-04-19T10:40:00.000+0000,635106.1347718498,1415.4693808976517,963469.9890498467
2025-04-19T10:50:00.000+0000,645645.6884581858,1415.4693808976517,963446.4733992041
2025-04-19T11:00:00.000+0000,637887.4058835213,1415.4693808976517,963784.0989856292
2025-04-19T11:10:00.000+0000,641839.7385158979,1415.4693808976517,964564.2309161468
2025-04-19T11:20:00.000+0000,626762.3214368336,1415.4693808976517,963766.8636200761
2025-04-19T11:30:00.000+0000,624566.5810855143,1415.4693808976517,962146.4675910186
2025-04-19T11:40:00.000+0000,650037.1691608259,1415.4693808976517,962081.3161725752
2025-04-19T11:50:00.000+0000,655746.0940742576,1415.4693808976517,962318.9033604478
2025-04-19T12:00:00.000+0000,647695.0461194175,1415.4693808976517,963371.8846867176
2025-04-19T12:10:00.000+0000,644035.4788672178,1415.4693808976517,963442.2107838709
2025-04-19T12:20:00.000+0000,648866.1076401218,1415.4693808976517,963440.6581379061
2025-04-19T12:30:00.000+0000,646816.7499788892,1415.4693808976517,963802.9261314361
2025-04-19T12:40:00.000+0000,654282.2671733778,1415.4693808976517,962629.3644525723
2025-04-19T12:50:00.000+0000,659259.2786363695,1415.4693808976517,962888.3788648087
2025-04-19T13:00:00.000+0000,658380.9824958417,1415.4693808976517,962383.2035364623
2025-04-19T13:10:00.000+0000,657941.8344255773,1415.4693808976517,964225.5519947999
2025-04-19T13:20:00.000+0000,662772.4631984816,1415.4693808976517,964801.5942891508
2025-04-19T13:30:00.000+0000,652964.8229625855,1415.4693808976517,965312.6350039518
2025-04-19T13:40:00.000+0000,641254.2077555454,1415.4693808976517,965744.1883781652
2025-04-19T13:50:00.000+0000,630421.8886890335,1415.4693808976517,966012.7025329773
2025-04-19T14:00:00.000+0000,628518.9137178893,1415.4693808976517,966817.964394842
2025-04-19T14:10:00.000+0000,637741.0231934339,1415.4693808976517,966794.3396671807
2025-04-19T14:20:00.000+0000,620175.1003828737,1415.4693808976517,967313.5000772947
2025-04-19T14:30:00.000+0000,619443.1869324342,1415.4693808976517,966749.8510844571
2025-04-19T14:40:00.000+0000,627933.3829575374,1415.4693808976517,966532.3775554637
2025-04-19T14:50:00.000+0000,632178.4809700899,1415.4693808976517,966924.9869055387
2025-04-19T15:00:00.000+0000,631300.1848295619,1415.4693808976517,967051.8145706208
2025-04-19T15:10:00.000+0000,636569.9616727297,1415.4693808976517,967014.6732637944
2025-04-19T15:20:00.000+0000,627347.8521971859,1415.4693808976517,968938.805448103
2025-04-19T15:30:00.000+0000,624566.5810855143,1415.4693808976517,965644.5035028665
2025-04-19T15:40:00.000+0000,649012.4903302097,1415.4693808976517,963476.8461186237
2025-04-19T15:50:00.000+0000,645938.4538383617,1415.4693808976517,964483.3359393091
2025-04-19T16:00:00.000+0000,635545.282842114,1415.4693808976517,965558.749828151
2025-04-19T16:10:00.000+0000,637155.4924330816,1415.4693808976517,964707.2084709103
2025-04-19T16:20:00.000+0000,631885.7155899135,1415.4693808976517,963185.6088452355
2025-04-19T16:30:00.000+0000,652525.6748923216,1415.4693808976517,961703.4713348824
2025-04-19T16:40:00.000+0000,668774.1534920898,1415.4693808976517,959291.3654371039
2025-04-19T16:50:00.000+0000,672140.955364114,1415.4693808976517,959216.2779322912
2025-04-19T17:00:00.000+0000,671848.1899839381,1415.4693808976517,959875.6174821472
2025-04-19T17:10:00.000+0000,663943.5247191858,1415.4693808976517,959784.462371618
2025-04-19T17:20:00.000+0000,658820.1305661055,1415.4693808976517,961780.2999044086
2025-04-19T17:30:00.000+0000,653257.5883427615,1415.4693808976517,963467.1480574426
2025-04-19T17:40:00.000+0000,665992.8823804177,1415.4693808976517,966137.645250359
2025-04-19T17:50:00.000+0000,677117.9668271057,1415.4693808976517,964354.047857489
2025-04-19T18:00:00.000+0000,677557.1148973699,1415.4693808976517,966610.0187875638
2025-04-19T18:10:00.000+0000,691463.4704557298,1415.4693808976517,966805.7338100325
2025-04-19T18:20:00.000+0000,689267.7301044095,1415.4693808976517,966418.1088508342
2025-04-19T18:30:00.000+0000,676971.5841370178,1415.4693808976517,966721.1074283549
2025-04-19T18:40:00.000+0000,673458.3995749059,1415.4693808976517,965515.0535359939
2025-04-19T18:50:00.000+0000,670823.5111533216,1415.4693808976517,965433.1293522703
2025-04-19T19:00:00.000+0000,666578.4131407699,1415.4693808976517,964475.5421604026
2025-04-19T19:10:00.000+0000,656038.8594544339,1415.4693808976517,964728.5654931859
2025-04-19T19:20:00.000+0000,654575.0325535538,1415.4693808976517,964658.0815263664
2025-04-19T19:30:00.000+0000,653843.1191031138,1415.4693808976517,965164.5739168674
2025-04-19T19:40:00.000+0000,653257.5883427615,1415.4693808976517,965842.5315802749
2025-04-19T19:50:00.000+0000,665992.8823804177,1415.4693808976517,965179.315633723
2025-04-19T20:00:00.000+0000,667895.8573515613,1415.4693808976517,964158.7822981242
2025-04-19T20:10:00.000+0000,668920.5361821771,1415.4693808976517,964260.3291198148
2025-04-19T20:20:00.000+0000,652818.4402724974,1415.4693808976517,964536.7279227048
2025-04-19T20:30:00.000+0000,643596.3307969538,1415.4693808976517,965639.6282068677
2025-04-19T20:40:00.000+0000,649158.8730202975,1415.4693808976517,967025.6650907454
2025-04-19T20:50:00.000+0000,643889.0961771297,1415.4693808976517,966054.8408669916
2025-04-19T21:00:00.000+0000,639351.2327844017,1415.4693808976517,965966.6610627896
2025-04-19T21:10:00.000+0000,639643.9981645776,1415.4693808976517,967266.6038858669
2025-04-19T21:20:00.000+0000,637594.6405033458,1415.4693808976517,967521.1278703739
2025-04-19T21:30:00.000+0000,638765.7020240496,1415.4693808976517,966722.1693306249
2025-04-19T21:40:00.000+0000,647255.8980491535,1415.4693808976517,967547.2210812636
2025-04-19T21:50:00.000+0000,650915.4653013538,1415.4693808976517,968294.2939144536
2025-04-19T22:00:00.000+0000,642718.0346564255,1415.4693808976517,967353.3462828113
2025-04-19T22:10:00.000+0000,646523.9845987138,1415.4693808976517,967334.4330970114
2025-04-19T22:20:00.000+0000,638912.0847141378,1415.4693808976517,966903.2420906167
2025-04-19T22:30:00.000+0000,634813.3693916742,1415.4693808976517,967170.6503975494
2025-04-19T22:40:00.000+0000,634227.8386313216,1415.4693808976517,968111.9823787445
2025-04-19T22:50:00.000+0000,633495.9251808817,1415.4693808976517,968212.7500648964
2025-04-19T23:00:00.000+0000,645645.6884581858,1415.4693808976517,968516.0748360411
2025-04-19T23:10:00.000+0000,649012.4903302097,1415.4693808976517,967393.6979789176
2025-04-19T23:20:00.000+0000,643596.3307969538,1415.4693808976517,966752.9617778588
2025-04-19T23:30:00.000+0000,644474.6269374818,1415.4693808976517,966906.8877326809
2025-04-19T23:40:00.000+0000,641254.2077555454,1415.4693808976517,967775.4141426277
2025-04-19T23:50:00.000+0000,635398.9001520256,1415.4693808976517,967956.6203848915
2025-04-20T00:00:00.000+0000,636569.9616727297,1415.4693808976517,966768.6882015567
2025-04-20T00:10:00.000+0000,627347.8521971859,1415.4693808976517,969461.7297348003
2025-04-20T00:20:00.000+0000,620614.2484531379,1415.4693808976517,969956.1874355786
2025-04-20T00:30:00.000+0000,621638.9272837543,1415.4693808976517,969489.9909730564
2025-04-20T00:40:00.000+0000,629250.8271683301,1415.4693808976517,969509.4940797128
2025-04-20T00:50:00.000+0000,634666.9867015857,1415.4693808976517,969151.2954357299
2025-04-20T01:00:00.000+0000,636569.9616727297,1415.4693808976517,968894.3110166262
2025-04-20T01:10:00.000+0000,627347.8521971859,1415.4693808976517,971807.367724274
2025-04-20T01:20:00.000+0000,618418.5081018177,1415.4693808976517,972398.751296836
2025-04-20T01:30:00.000+0000,622078.0753540176,1415.4693808976517,971686.9554184207
2025-04-20T01:40:00.000+0000,624859.3464656894,1415.4693808976517,973450.9931584317
2025-04-20T01:50:00.000+0000,591337.7104355379,1415.4693808976517,974540.8558203236
2025-04-20T02:00:00.000+0000,587385.377803161,1415.4693808976517,973542.881571947
2025-04-20T02:10:00.000+0000,602901.9429524898,1415.4693808976517,973250.4164958497
2025-04-20T02:20:00.000+0000,595582.80844809,1415.4693808976517,972434.5886965359
2025-04-20T02:30:00.000+0000,586653.4643527222,1415.4693808976517,972947.5931999087
2025-04-20T02:40:00.000+0000,583579.4278608738,1415.4693808976517,973756.3264775502
2025-04-20T02:50:00.000+0000,583725.8105509623,1415.4693808976517,973110.05241617
2025-04-20T03:00:00.000+0000,583725.8105509623,1415.4693808976517,971796.8202897481
2025-04-20T03:10:00.000+0000,582115.6009599933,1415.4693808976517,971410.5201641188
2025-04-20T03:20:00.000+0000,579773.4779185859,1415.4693808976517,970873.656404566
2025-04-20T03:30:00.000+0000,580359.0086789379,1415.4693808976517,969898.1474320045
2025-04-20T03:40:00.000+0000,580651.7740591135,1415.4693808976517,969971.9553992257
2025-04-20T03:50:00.000+0000,579187.9471582334,1415.4693808976517,970570.8119406835
2025-04-20T04:00:00.000+0000,577870.5029474415,1415.4693808976517,970182.7597594738
2025-04-20T04:10:00.000+0000,578309.6510177058,1415.4693808976517,970528.3865830522
2025-04-20T04:20:00.000+0000,580066.2432987615,1415.4693808976517,971232.6154218062
2025-04-20T04:30:00.000+0000,590752.1796751856,1415.4693808976517,971955.890651415
2025-04-20T04:40:00.000+0000,587678.1431833378,1415.4693808976517,972852.3939231604
2025-04-20T04:50:00.000+0000,588556.4393238656,1415.4693808976517,972207.5779004038
2025-04-20T05:00:00.000+0000,589873.8835346575,1415.4693808976517,971133.9425829793
2025-04-20T05:10:00.000+0000,593094.3027165937,1415.4693808976517,970969.8594276552
2025-04-20T05:20:00.000+0000,606268.7448245138,1415.4693808976517,971491.9375247431
2025-04-20T05:30:00.000+0000,610367.4601469777,1415.4693808976517,970833.6662982033
2025-04-20T05:40:00.000+0000,612416.8178082097,1415.4693808976517,970927.5056403391
2025-04-20T05:50:00.000+0000,611977.6697379457,1415.4693808976517,969992.0535152759
2025-04-20T06:00:00.000+0000,620760.6311432259,1415.4693808976517,969698.2038399547
2025-04-20T06:10:00.000+0000,625884.0252963059,1415.4693808976517,970215.814286981
2025-04-20T06:20:00.000+0000,623688.2849449859,1415.4693808976517,969194.008925847
2025-04-20T06:30:00.000+0000,622224.4580441054,1415.4693808976517,969130.9344062395
2025-04-20T06:40:00.000+0000,630421.8886890335,1415.4693808976517,965733.5839144378
2025-04-20T06:50:00.000+0000,635252.5174619377,1415.4693808976517,966415.8307090155
2025-04-20T07:00:00.000+0000,640815.0596852815,1415.4693808976517,963998.5758345717
2025-04-20T07:10:00.000+0000,656038.8594544339,1415.4693808976517,961729.4833706757
2025-04-20T07:20:00.000+0000,682387.7436702738,1415.4693808976517,961177.1470148005
2025-04-20T07:30:00.000+0000,675507.757236138,1415.4693808976517,961351.2959827377
2025-04-20T07:40:00.000+0000,677410.7322072816,1415.4693808976517,961805.3256236333
2025-04-20T07:50:00.000+0000,675361.3745460495,1415.4693808976517,962828.2687320972
2025-04-20T08:00:00.000+0000,682973.2744306255,1415.4693808976517,961610.9882249082
2025-04-20T08:10:00.000+0000,686193.6936125614,1415.4693808976517,962077.9228195951
2025-04-20T08:20:00.000+0000,683266.0398108019,1415.4693808976517,962064.711525471
2025-04-20T08:30:00.000+0000,676239.6706865776,1415.4693808976517,961863.5331552315
2025-04-20T08:40:00.000+0000,670677.1284632339,1415.4693808976517,961331.1509788428
2025-04-20T08:50:00.000+0000,669066.918872266,1415.4693808976517,958963.0286740554
2025-04-20T09:00:00.000+0000,669945.2150127938,1415.4693808976517,959457.9752494439
2025-04-20T09:10:00.000+0000,670237.9803929697,1415.4693808976517,960443.4007501598
2025-04-20T09:20:00.000+0000,668920.5361821771,1415.4693808976517,960905.3265665759
2025-04-20T09:30:00.000+0000,669798.8323227054,1415.4693808976517,960238.8949007073
2025-04-20T09:40:00.000+0000,673019.2515046417,1415.4693808976517,959375.2526491834
2025-04-20T09:50:00.000+0000,672580.1034343779,1415.4693808976517,959219.5218307476
2025-04-20T10:00:00.000+0000,672433.7207442896,1415.4693808976517,959640.398857984
2025-04-20T10:10:00.000+0000,670237.9803929697,1415.4693808976517,960163.3630391867
2025-04-20T10:20:00.000+0000,669945.2150127938,1415.4693808976517,960130.1195563555
2025-04-20T10:30:00.000+0000,667310.3265912095,1415.4693808976517,959702.7985077512
2025-04-20T10:40:00.000+0000,667310.3265912095,1415.4693808976517,954855.5649711229
2025-04-20T10:50:00.000+0000,701124.7280015373,1415.4693808976517,952083.0838167882
2025-04-20T11:00:00.000+0000,719861.7123328019,1415.4693808976517,953004.5910496649
2025-04-20T11:10:00.000+0000,719861.7123328019,1415.4693808976517,953096.9458194808
2025-04-20T11:20:00.000+0000,699514.5184105702,1415.4693808976517,949673.7816462091
2025-04-20T11:30:00.000+0000,688243.0512737934,1415.4693808976517,948211.4029211137
2025-04-20T11:40:00.000+0000,691609.8531458176,1415.4693808976517,945887.5604082935
2025-04-20T11:50:00.000+0000,706687.2702248818,1415.4693808976517,946446.0371280813
2025-04-20T12:00:00.000+0000,696440.4819187219,1415.4693808976517,947838.3491906526
2025-04-20T12:10:00.000+0000,689853.2608647617,1415.4693808976517,950115.6757926351
2025-04-20T12:20:00.000+0000,697026.0126790735,1415.4693808976517,950912.7675568133
2025-04-20T12:30:00.000+0000,685169.0147819457,1415.4693808976517,951559.8580010782
2025-04-20T12:40:00.000+0000,681802.2129099219,1415.4693808976517,951600.2935730171
2025-04-20T12:50:00.000+0000,680631.1513892177,1415.4693808976517,951156.6133073999
2025-04-20T13:00:00.000+0000,682973.2744306255,1415.4693808976517,950494.6959200792
2025-04-20T13:10:00.000+0000,691902.618525994,1415.4693808976517,948727.2299318261
2025-04-20T13:20:00.000+0000,706101.7394645297,1415.4693808976517,949976.4416888707
2025-04-20T13:30:00.000+0000,710346.8374770822,1415.4693808976517,950937.7350843914
2025-04-20T13:40:00.000+0000,710785.9855473455,1415.4693808976517,951983.0552823757
2025-04-20T13:50:00.000+0000,714591.9354896336,1415.4693808976517,951810.0593452384
2025-04-20T14:00:00.000+0000,713420.8739689299,1415.4693808976517,951320.4067383708
2025-04-20T14:10:00.000+0000,706101.7394645297,1415.4693808976517,953684.7911994129
2025-04-20T14:20:00.000+0000,724545.958415618,1415.4693808976517,952722.6752414606
2025-04-20T14:30:00.000+0000,746503.3619288176,1415.4693808976517,954252.6081823835
2025-04-20T14:40:00.000+0000,748406.336899962,1415.4693808976517,953545.8977410913
2025-04-20T14:50:00.000+0000,737574.0178334498,1415.4693808976517,954009.6742358154
2025-04-20T15:00:00.000+0000,738013.1659037138,1415.4693808976517,952329.0956542211
2025-04-20T15:10:00.000+0000,757774.8290655942,1415.4693808976517,951781.154045583
2025-04-20T15:20:00.000+0000,761580.779007882,1415.4693808976517,949958.4258195523
2025-04-20T15:30:00.000+0000,755286.3233340976,1415.4693808976517,950428.6629694827
2025-04-20T15:40:00.000+0000,752797.8176026017,1415.4693808976517,949971.5569760134
2025-04-20T15:50:00.000+0000,752358.6695323377,1415.4693808976517,947363.0844644522
2025-04-20T16:00:00.000+0000,743868.4735072339,1415.4693808976517,947647.417244643
2025-04-20T16:10:00.000+0000,733328.9198208979,1415.4693808976517,949784.5604142798
2025-04-20T16:20:00.000+0000,727766.3775975533,1415.4693808976517,950943.2570889492
2025-04-20T16:30:00.000+0000,734207.2159614256,1415.4693808976517,950005.8047239021
2025-04-20T16:40:00.000+0000,724253.1930354412,1415.4693808976517,951387.4299852047
2025-04-20T16:50:00.000+0000,720740.0084733301,1415.4693808976517,952411.8689162135
2025-04-20T17:00:00.000+0000,718251.5027418331,1415.4693808976517,951237.1635876906
2025-04-20T17:10:00.000+0000,723374.8968949135,1415.4693808976517,950632.3446467774
2025-04-20T17:20:00.000+0000,737866.7832136255,1415.4693808976517,950542.5374247017
2025-04-20T17:30:00.000+0000,740501.6716352096,1415.4693808976517,949926.505542705
2025-04-20T17:40:00.000+0000,740208.9062550338,1415.4693808976517,950727.3217362424
2025-04-20T17:50:00.000+0000,746356.9792387293,1415.4693808976517,951393.8423843395
2025-04-20T18:00:00.000+0000,741819.1158460015,1415.4693808976517,950864.2470955296
2025-04-20T18:10:00.000+0000,733036.1544407222,1415.4693808976517,951944.2288847454
2025-04-20T18:20:00.000+0000,733328.9198208979,1415.4693808976517,951948.7147605128
2025-04-20T18:30:00.000+0000,732157.8583001938,1415.4693808976517,950670.5355324976
2025-04-20T18:40:00.000+0000,719715.3296427137,1415.4693808976517,950418.8322041044
2025-04-20T18:50:00.000+0000,716934.0585310417,1415.4693808976517,951585.4285509639
2025-04-20T19:00:00.000+0000,717080.4412211295,1415.4693808976517,951390.4101028522
2025-04-20T19:10:00.000+0000,709907.6894068177,1415.4693808976517,951187.9117282229
2025-04-20T19:20:00.000+0000,710346.8374770822,1415.4693808976517,952168.9513262666
2025-04-20T19:30:00.000+0000,701417.4933817139,1415.4693808976517,952466.0515625905
2025-04-20T19:40:00.000+0000,697172.395369162,1415.4693808976517,953082.584642574
2025-04-20T19:50:00.000+0000,692049.0012160817,1415.4693808976517,954205.8274711627
2025-04-20T20:00:00.000+0000,688682.1993440577,1415.4693808976517,954267.3769516516
2025-04-20T20:10:00.000+0000,691609.8531458176,1415.4693808976517,957568.0382286313
2025-04-20T20:20:00.000+0000,698928.987650218,1415.4693808976517,959757.0847760992
2025-04-20T20:30:00.000+0000,699368.1357204821,1415.4693808976517,957864.7666981367
2025-04-20T20:40:00.000+0000,678142.6456577219,1415.4693808976517,958315.2863255419
2025-04-20T20:50:00.000+0000,677117.9668271057,1415.4693808976517,956404.0164640656
2025-04-20T21:00:00.000+0000,691170.7050755536,1415.4693808976517,955443.0455061407
2025-04-20T21:10:00.000+0000,688535.8166539693,1415.4693808976517,954951.3454763683
2025-04-20T21:20:00.000+0000,691609.8531458176,1415.4693808976517,954897.0652804145
2025-04-20T21:30:00.000+0000,679899.2379387777,1415.4693808976517,956265.6882798483
2025-04-20T21:40:00.000+0000,688096.6685837053,1415.4693808976517,956988.3701097898
2025-04-20T21:50:00.000+0000,696001.3338484576,1415.4693808976517,957287.411634235
2025-04-20T22:00:00.000+0000,708151.0971257614,1415.4693808976517,953890.5813620591
2025-04-20T22:10:00.000+0000,729815.7352587854,1415.4693808976517,953577.4400537147
2025-04-20T22:20:00.000+0000,741819.1158460015,1415.4693808976517,951088.3519914886
2025-04-20T22:30:00.000+0000,741087.2023955616,1415.4693808976517,952367.6869331812
2025-04-20T22:40:00.000+0000,738745.0793541537,1415.4693808976517,953360.7239557428
2025-04-20T22:50:00.000+0000,738452.3139739773,1415.4693808976517,953104.9475039158
2025-04-20T23:00:00.000+0000,729522.9698786093,1415.4693808976517,955019.0136162529
2025-04-20T23:10:00.000+0000,717519.5892913935,1415.4693808976517,956427.0893498678
2025-04-20T23:20:00.000+0000,720300.8604030657,1415.4693808976517,956738.1556284606
2025-04-20T23:30:00.000+0000,719276.1815724493,1415.4693808976517,956385.2490839141
2025-04-20T23:40:00.000+0000,718105.1200517458,1415.4693808976517,956187.1529507195
2025-04-20T23:50:00.000+0000,705516.2087041776,1415.4693808976517,957764.1799186771
2025-04-21T00:00:00.000+0000,696294.0992286338,1415.4693808976517,958354.3951769685
2025-04-21T00:10:00.000+0000,693073.6800466977,1415.4693808976517,963361.8202066134
2025-04-21T00:20:00.000+0000,672140.955364114,1415.4693808976517,964880.966891889
2025-04-21T00:30:00.000+0000,631885.7155899135,1415.4693808976517,975947.1649036687
2025-04-21T00:40:00.000+0000,638912.0847141378,1415.4693808976517,978080.0245493895
2025-04-21T00:50:00.000+0000,634959.7520817614,1415.4693808976517,977160.7563240419
2025-04-21T01:00:00.000+0000,616515.533130674,1415.4693808976517,979446.3894125011
2025-04-21T01:10:00.000+0000,593387.06809677,1415.4693808976517,977025.2559950601
2025-04-21T01:20:00.000+0000,584750.4893815779,1415.4693808976517,977334.1724898512
2025-04-21T01:30:00.000+0000,588702.8220139539,1415.4693808976517,979471.9808709701
2025-04-21T01:40:00.000+0000,616954.6812009377,1415.4693808976517,981801.0800692479
2025-04-21T01:50:00.000+0000,617101.0638910256,1415.4693808976517,982752.0768975237
2025-04-21T02:00:00.000+0000,619882.3350026979,1415.4693808976517,982290.2880421905
2025-04-21T02:10:00.000+0000,617979.3600315533,1415.4693808976517,982725.6250748432
2025-04-21T02:20:00.000+0000,619882.3350026979,1415.4693808976517,984003.6662507657
2025-04-21T02:30:00.000+0000,615490.8543000576,1415.4693808976517,980364.5037396792
2025-04-21T02:40:00.000+0000,633495.9251808817,1415.4693808976517,978528.71161704
2025-04-21T02:50:00.000+0000,635838.0482222897,1415.4693808976517,981010.0195562451
2025-04-21T03:00:00.000+0000,631153.8021394735,1415.4693808976517,981680.6146602853
2025-04-21T03:10:00.000+0000,628665.2964079777,1415.4693808976517,980690.6775638987
2025-04-21T03:20:00.000+0000,626176.7906764821,1415.4693808976517,979314.1377397191
2025-04-21T03:30:00.000+0000,656624.3902147856,1415.4693808976517,979787.3547657977
2025-04-21T03:40:00.000+0000,652672.0575824097,1415.4693808976517,979835.4720973885
2025-04-21T03:50:00.000+0000,664382.6727894495,1415.4693808976517,978602.6053470371
2025-04-21T04:00:00.000+0000,655453.3286940814,1415.4693808976517,979922.1673292707
2025-04-21T04:10:00.000+0000,669359.684252441,1415.4693808976517,978698.3304863833
2025-04-21T04:20:00.000+0000,650329.9345410016,1415.4693808976517,979278.7664726796
2025-04-21T04:30:00.000+0000,648134.1941896813,1415.4693808976517,978374.182362693
2025-04-21T04:40:00.000+0000,644767.3923176577,1415.4693808976517,980694.2484340541
2025-04-21T04:50:00.000+0000,635252.5174619377,1415.4693808976517,983119.9877951489
2025-04-21T05:00:00.000+0000,624127.4330152501,1415.4693808976517,983799.6457792539
2025-04-21T05:10:00.000+0000,620907.0138333136,1415.4693808976517,983823.0188437006
2025-04-21T05:20:00.000+0000,618564.8907919056,1415.4693808976517,984947.7977022745
2025-04-21T05:30:00.000+0000,618418.5081018177,1415.4693808976517,984601.0283021877
2025-04-21T05:40:00.000+0000,602170.0295020494,1415.4693808976517,985259.0443688431
2025-04-21T05:50:00.000+0000,597924.9314894974,1415.4693808976517,986450.3715684608
2025-04-21T06:00:00.000+0000,605975.9794443377,1415.4693808976517,986426.5945962457
2025-04-21T06:10:00.000+0000,609196.398626274,1415.4693808976517,986674.2679687394
2025-04-21T06:20:00.000+0000,609928.3120767135,1415.4693808976517,986906.0337336258
2025-04-21T06:30:00.000+0000,617540.2119612893,1415.4693808976517,985677.7035207737
2025-04-21T06:40:00.000+0000,623395.5195648095,1415.4693808976517,985229.9085917734
2025-04-21T06:50:00.000+0000,612270.4351181218,1415.4693808976517,986278.3303256589
2025-04-21T07:00:00.000+0000,598510.4622498499,1415.4693808976517,986737.0184410245
2025-04-21T07:10:00.000+0000,591630.4758157136,1415.4693808976517,984378.7585238486
2025-04-21T07:20:00.000+0000,591923.2411958894,1415.4693808976517,983577.3575158507
2025-04-21T07:30:00.000+0000,594558.1296174737,1415.4693808976517,984260.7452772106
2025-04-21T07:40:00.000+0000,595143.6603778256,1415.4693808976517,985329.4495305086
2025-04-21T07:50:00.000+0000,598071.3141795855,1415.4693808976517,984019.7960277975
2025-04-21T08:00:00.000+0000,593240.6854066815,1415.4693808976517,984372.050220814
2025-04-21T08:10:00.000+0000,597339.400729146,1415.4693808976517,983397.3632562496
2025-04-21T08:20:00.000+0000,592069.6238859774,1415.4693808976517,984409.5882005696
2025-04-21T08:30:00.000+0000,587238.9951130737,1415.4693808976517,985057.5325522819
2025-04-21T08:40:00.000+0000,586360.6989725454,1415.4693808976517,984477.4198173743
2025-04-21T08:50:00.000+0000,581822.8355798174,1415.4693808976517,985757.3229575476
2025-04-21T09:00:00.000+0000,580798.1567492015,1415.4693808976517,986869.1706058511
2025-04-21T09:10:00.000+0000,594411.746927386,1415.4693808976517,983195.9986135636
2025-04-21T09:20:00.000+0000,616661.9158207618,1415.4693808976517,983069.2318051464
2025-04-21T09:30:00.000+0000,620321.4830729614,1415.4693808976517,981323.4374696328
2025-04-21T09:40:00.000+0000,619589.5696225216,1415.4693808976517,982280.8014010661
2025-04-21T09:50:00.000+0000,622956.3714945453,1415.4693808976517,983169.5955656713
2025-04-21T10:00:00.000+0000,625591.2599161298,1415.4693808976517,981834.5095294496
2025-04-21T10:10:00.000+0000,631446.5675196495,1415.4693808976517,981790.4977573187
2025-04-21T10:20:00.000+0000,631007.4194493861,1415.4693808976517,979662.2094729242
2025-04-21T10:30:00.000+0000,644328.2442473937,1415.4693808976517,978516.1175555431
2025-04-21T10:40:00.000+0000,643303.5654167779,1415.4693808976517,979197.7843648392
2025-04-21T10:50:00.000+0000,652672.0575824097,1415.4693808976517,980454.0713446991
2025-04-21T11:00:00.000+0000,657795.4517354898,1415.4693808976517,980046.5190169276
2025-04-21T11:10:00.000+0000,665114.58623989,1415.4693808976517,974895.4123639648
2025-04-21T11:20:00.000+0000,663943.5247191858,1415.4693808976517,972126.0424038897
2025-04-21T11:30:00.000+0000,669213.301562354,1415.4693808976517,973800.2313640168
2025-04-21T11:40:00.000+0000,663357.9939588334,1415.4693808976517,975141.4430351146
2025-04-21T11:50:00.000+0000,663357.9939588334,1415.4693808976517,974976.8072062797
2025-04-21T12:00:00.000+0000,654867.7979337294,1415.4693808976517,975786.9899194792
2025-04-21T12:10:00.000+0000,651354.6133716177,1415.4693808976517,977641.0085355602
2025-04-21T12:20:00.000+0000,652232.909512146,1415.4693808976517,976925.5059169163
2025-04-21T12:30:00.000+0000,663650.7593390101,1415.4693808976517,976258.5505347517
2025-04-21T12:40:00.000+0000,669798.8323227054,1415.4693808976517,975013.2237596097
2025-04-21T12:50:00.000+0000,673897.5476451697,1415.4693808976517,973659.7241258485
2025-04-21T13:00:00.000+0000,682973.2744306255,1415.4693808976517,970844.6072312586
2025-04-21T13:10:00.000+0000,674336.6957154339,1415.4693808976517,970788.7089807134
2025-04-21T13:20:00.000+0000,657063.5382850495,1415.4693808976517,971448.5926188733
2025-04-21T13:30:00.000+0000,647841.4288095058,1415.4693808976517,971414.5911505863
2025-04-21T13:40:00.000+0000,641693.3558258094,1415.4693808976517,973269.0436869422
2025-04-21T13:50:00.000+0000,646523.9845987138,1415.4693808976517,968667.2865560851
2025-04-21T14:00:00.000+0000,645352.9230780097,1415.4693808976517,966948.3399202476
2025-04-21T14:10:00.000+0000,648866.1076401218,1415.4693808976517,972256.6225346004
2025-04-21T14:20:00.000+0000,620321.4830729614,1415.4693808976517,978495.7695560688
2025-04-21T14:30:00.000+0000,617979.3600315533,1415.4693808976517,981897.2502540828
2025-04-21T14:40:00.000+0000,616222.7677504976,1415.4693808976517,978417.4585783837
2025-04-21T14:50:00.000+0000,610074.6947668019,1415.4693808976517,978430.3402179317
2025-04-21T15:00:00.000+0000,608318.1024857458,1415.4693808976517,978089.3198567238
2025-04-21T15:10:00.000+0000,618272.1254117296,1415.4693808976517,976666.8436061302
2025-04-21T15:20:00.000+0000,629104.444478242,1415.4693808976517,979587.5292475378
2025-04-21T15:30:00.000+0000,623395.5195648095,1415.4693808976517,979033.4330646675
2025-04-21T15:40:00.000+0000,622224.4580441054,1415.4693808976517,976117.1177652446
2025-04-21T15:50:00.000+0000,622809.9888044575,1415.4693808976517,976223.9821290578
2025-04-21T16:00:00.000+0000,640375.9116150175,1415.4693808976517,975092.8913631614
2025-04-21T16:10:00.000+0000,646377.6019086255,1415.4693808976517,976356.1975562095
2025-04-21T16:20:00.000+0000,662333.3151282177,1415.4693808976517,971591.5226242049
2025-04-21T16:30:00.000+0000,664236.2900993616,1415.4693808976517,971824.411389526
2025-04-21T16:40:00.000+0000,685461.7801621224,1415.4693808976517,967566.6282038287
2025-04-21T16:50:00.000+0000,699075.3703403061,1415.4693808976517,960592.1347937582
2025-04-21T17:00:00.000+0000,728059.1429777294,1415.4693808976517,951775.9932914523
2025-04-21T17:10:00.000+0000,708590.2451960254,1415.4693808976517,954910.7673454278
2025-04-21T17:20:00.000+0000,698636.2222700419,1415.4693808976517,955929.5569155774
2025-04-21T17:30:00.000+0000,696147.7165385453,1415.4693808976517,957182.8050674266
2025-04-21T17:40:00.000+0000,707272.8009852336,1415.4693808976517,956480.012026204
2025-04-21T17:50:00.000+0000,702588.5549024176,1415.4693808976517,954376.9445601875
2025-04-21T18:00:00.000+0000,705369.8260140902,1415.4693808976517,954355.215806811
2025-04-21T18:10:00.000+0000,704637.9125636494,1415.4693808976517,955681.857563822
2025-04-21T18:20:00.000+0000,700392.8145510973,1415.4693808976517,954334.3889397369
2025-04-21T18:30:00.000+0000,683266.0398108019,1415.4693808976517,954797.3080303436
2025-04-21T18:40:00.000+0000,689121.3474143217,1415.4693808976517,955925.6497104412
2025-04-21T18:50:00.000+0000,692195.3839061698,1415.4693808976517,955003.0730632383
2025-04-21T19:00:00.000+0000,681070.2994594818,1415.4693808976517,954710.7840825133
2025-04-21T19:10:00.000+0000,678581.7937279862,1415.4693808976517,958564.9033832934
2025-04-21T19:20:00.000+0000,675654.1399262253,1415.4693808976517,960672.215238937
2025-04-21T19:30:00.000+0000,662479.6978183062,1415.4693808976517,961736.6743066742
2025-04-21T19:40:00.000+0000,663065.2285786578,1415.4693808976517,960880.7041564442
2025-04-21T19:50:00.000+0000,656185.2421445217,1415.4693808976517,961543.7375865774
2025-04-21T20:00:00.000+0000,663943.5247191858,1415.4693808976517,961019.5820540779
2025-04-21T20:10:00.000+0000,660869.4882273374,1415.4693808976517,960964.9231515425
2025-04-21T20:20:00.000+0000,651354.6133716177,1415.4693808976517,960546.5427509567
2025-04-21T20:30:00.000+0000,643742.713487042,1415.4693808976517,960732.871141114
2025-04-21T20:40:00.000+0000,640522.2943051056,1415.4693808976517,961552.1582921867
2025-04-21T20:50:00.000+0000,646963.1326689777,1415.4693808976517,962522.6828738714
2025-04-21T21:00:00.000+0000,650622.6999211774,1415.4693808976517,961137.9550035165
2025-04-21T21:10:00.000+0000,654575.0325535538,1415.4693808976517,961130.8947869544
2025-04-21T21:20:00.000+0000,660137.5747768977,1415.4693808976517,960271.6984631162
2025-04-21T21:30:00.000+0000,640375.9116150175,1415.4693808976517,959424.5427491891
2025-04-21T21:40:00.000+0000,637887.4058835213,1415.4693808976517,961380.0570065124
2025-04-21T21:50:00.000+0000,624712.9637756014,1415.4693808976517,962725.7250595873
2025-04-21T22:00:00.000+0000,623981.0503251615,1415.4693808976517,959385.735149558
2025-04-21T22:10:00.000+0000,639058.467404226,1415.4693808976517,958557.1090678116
2025-04-21T22:20:00.000+0000,644621.0096275699,1415.4693808976517,959034.9440837026
2025-04-21T22:30:00.000+0000,624127.4330152501,1415.4693808976517,959450.4319985015
2025-04-21T22:40:00.000+0000,624273.8157053377,1415.4693808976517,960378.6185950572
2025-04-21T22:50:00.000+0000,614319.792779354,1415.4693808976517,959942.2164406818
2025-04-21T23:00:00.000+0000,617540.2119612893,1415.4693808976517,957841.4555371234
2025-04-21T23:10:00.000+0000,632764.0117304411,1415.4693808976517,958703.481620999
2025-04-21T23:20:00.000+0000,623102.7541846338,1415.4693808976517,959937.6544247789
2025-04-21T23:30:00.000+0000,624712.9637756014,1415.4693808976517,959309.4361629402
2025-04-21T23:40:00.000+0000,623834.6676350734,1415.4693808976517,959466.7775060527
2025-04-21T23:50:00.000+0000,616808.29851085,1415.4693808976517,962801.1135211198
2025-04-22T00:00:00.000+0000,616076.3850604101,1415.4693808976517,962799.098793599
2025-04-22T00:10:00.000+0000,625737.6426062181,1415.4693808976517,961192.7184132503
2025-04-22T00:20:00.000+0000,641693.3558258094,1415.4693808976517,962691.4799409995
2025-04-22T00:30:00.000+0000,650476.3172310898,1415.4693808976517,951763.1994716877
2025-04-22T00:40:00.000+0000,641839.7385158979,1415.4693808976517,955747.9534280912
2025-04-22T00:50:00.000+0000,629104.444478242,1415.4693808976517,959004.0344751007
2025-04-22T01:00:00.000+0000,621785.3099738418,1415.4693808976517,961676.3070378406
2025-04-22T01:10:00.000+0000,599827.9064606415,1415.4693808976517,965077.9372975309
2025-04-22T01:20:00.000+0000,593972.5988571219,1415.4693808976517,970902.2953842173
2025-04-22T01:30:00.000+0000,600413.4372209935,1415.4693808976517,971572.6291666848
2025-04-22T01:40:00.000+0000,596753.8699687936,1415.4693808976517,972374.2191657242
2025-04-22T01:50:00.000+0000,585921.5509022814,1415.4693808976517,974621.54668419
2025-04-22T02:00:00.000+0000,574357.3183853298,1415.4693808976517,975404.8806424215
2025-04-22T02:10:00.000+0000,594704.5123075617,1415.4693808976517,970700.3164511393
2025-04-22T02:20:00.000+0000,594411.746927386,1415.4693808976517,969342.8117854479
2025-04-22T02:30:00.000+0000,593972.5988571219,1415.4693808976517,968677.7003833276
2025-04-22T02:40:00.000+0000,601877.2641218739,1415.4693808976517,969047.2323134973
2025-04-22T02:50:00.000+0000,610513.8428370659,1415.4693808976517,970719.5606597419
2025-04-22T03:00:00.000+0000,590459.4142950099,1415.4693808976517,970301.6747767377
2025-04-22T03:10:00.000+0000,575528.3799060333,1415.4693808976517,968981.9694123745
2025-04-22T03:20:00.000+0000,554010.1244630975,1415.4693808976517,972152.5398626763
2025-04-22T03:30:00.000+0000,546837.3726487855,1415.4693808976517,972158.2741725186
2025-04-22T03:40:00.000+0000,549618.643760458,1415.4693808976517,972813.7209869167
2025-04-22T03:50:00.000+0000,553424.5937027457,1415.4693808976517,972357.8717712297
2025-04-22T04:00:00.000+0000,559279.9013062655,1415.4693808976517,973215.5596540708
2025-04-22T04:10:00.000+0000,556645.0128846815,1415.4693808976517,972436.1495169555
2025-04-22T04:20:00.000+0000,554302.8898432737,1415.4693808976517,972618.0252633048
2025-04-22T04:30:00.000+0000,547715.6687893138,1415.4693808976517,972866.1880291256
2025-04-22T04:40:00.000+0000,547422.9034091376,1415.4693808976517,972514.3270302275
2025-04-22T04:50:00.000+0000,562500.3204882013,1415.4693808976517,970677.0382891095
2025-04-22T05:00:00.000+0000,577431.3548771774,1415.4693808976517,970167.6030283066
2025-04-22T05:10:00.000+0000,584018.5759311379,1415.4693808976517,969426.5108202784
2025-04-22T05:20:00.000+0000,589727.5008445698,1415.4693808976517,970790.836103335
2025-04-22T05:30:00.000+0000,571429.6645835699,1415.4693808976517,971708.6998583081
2025-04-22T05:40:00.000+0000,571722.4299637458,1415.4693808976517,973354.6045252943
2025-04-22T05:50:00.000+0000,569380.3069223377,1415.4693808976517,973652.2359721116
2025-04-22T06:00:00.000+0000,572747.1087943615,1415.4693808976517,974079.5891973833
2025-04-22T06:10:00.000+0000,609781.9293866256,1415.4693808976517,972134.6529236678
2025-04-22T06:20:00.000+0000,615198.0889198817,1415.4693808976517,971233.3689632647
2025-04-22T06:30:00.000+0000,612709.5831883862,1415.4693808976517,969432.5345951156
2025-04-22T06:40:00.000+0000,614612.5581595297,1415.4693808976517,969788.8460915198
2025-04-22T06:50:00.000+0000,610660.2255271531,1415.4693808976517,971862.8975889944
2025-04-22T07:00:00.000+0000,608318.1024857458,1415.4693808976517,973431.0101654126
2025-04-22T07:10:00.000+0000,609928.3120767135,1415.4693808976517,972831.4353272223
2025-04-22T07:20:00.000+0000,607147.0409650418,1415.4693808976517,975067.8554490034
2025-04-22T07:30:00.000+0000,605683.2140641619,1415.4693808976517,977701.5241143312
2025-04-22T07:40:00.000+0000,606122.3621344258,1415.4693808976517,981336.6432729911
2025-04-22T07:50:00.000+0000,606268.7448245138,1415.4693808976517,981980.0669251089
2025-04-22T08:00:00.000+0000,606561.5102046895,1415.4693808976517,983511.1539699831
2025-04-22T08:10:00.000+0000,605975.9794443377,1415.4693808976517,984093.920646773
2025-04-22T08:20:00.000+0000,617979.3600315533,1415.4693808976517,981154.1119378001
2025-04-22T08:30:00.000+0000,605829.59675425,1415.4693808976517,981151.6426586381
2025-04-22T08:40:00.000+0000,606561.5102046895,1415.4693808976517,981298.4263901503
2025-04-22T08:50:00.000+0000,606561.5102046895,1415.4693808976517,981793.1915044123
2025-04-22T09:00:00.000+0000,610660.2255271531,1415.4693808976517,982015.0482532006
2025-04-22T09:10:00.000+0000,622517.2234242811,1415.4693808976517,980479.9936831009
2025-04-22T09:20:00.000+0000,605683.2140641619,1415.4693808976517,981629.5205648463
2025-04-22T09:30:00.000+0000,605390.4486839857,1415.4693808976517,981837.5058608481
2025-04-22T09:40:00.000+0000,606854.2755848657,1415.4693808976517,983275.2309107545
2025-04-22T09:50:00.000+0000,609489.1640064494,1415.4693808976517,982362.9567331263
2025-04-22T10:00:00.000+0000,611831.2870478579,1415.4693808976517,982910.0433611661
2025-04-22T10:10:00.000+0000,611831.2870478579,1415.4693808976517,983171.0381779541
2025-04-22T10:20:00.000+0000,613148.7312586497,1415.4693808976517,979649.98890446
2025-04-22T10:30:00.000+0000,617393.8292712013,1415.4693808976517,981071.7074646732
2025-04-22T10:40:00.000+0000,606415.1275146018,1415.4693808976517,983685.8617552606
2025-04-22T10:50:00.000+0000,607732.5717253935,1415.4693808976517,983524.0187163346
2025-04-22T11:00:00.000+0000,606415.1275146018,1415.4693808976517,983896.8151227506
2025-04-22T11:10:00.000+0000,606561.5102046895,1415.4693808976517,984179.0509093143
2025-04-22T11:20:00.000+0000,608318.1024857458,1415.4693808976517,985748.6062408857
2025-04-22T11:30:00.000+0000,590605.7969850977,1415.4693808976517,985643.775349016
2025-04-22T11:40:00.000+0000,579480.7125384097,1415.4693808976517,985012.1513393857
2025-04-22T11:50:00.000+0000,574503.7010754175,1415.4693808976517,986155.7820083778
2025-04-22T12:00:00.000+0000,566891.8011908416,1415.4693808976517,985193.767373889
2025-04-22T12:10:00.000+0000,567477.331951194,1415.4693808976517,986086.2739038354
2025-04-22T12:20:00.000+0000,564549.6781494337,1415.4693808976517,986001.4406183449
2025-04-22T12:30:00.000+0000,559865.4320666175,1415.4693808976517,987459.9936084764
2025-04-22T12:40:00.000+0000,556791.3955747697,1415.4693808976517,985245.7795872395
2025-04-22T12:50:00.000+0000,554888.4206036255,1415.4693808976517,989773.5355029479
2025-04-22T13:00:00.000+0000,558401.6051657376,1415.4693808976517,991120.5594573903
2025-04-22T13:10:00.000+0000,556059.4821243302,1415.4693808976517,995237.9318992039
2025-04-22T13:20:00.000+0000,565867.122360226,1415.4693808976517,994691.1449132334
2025-04-22T13:30:00.000+0000,543324.188086674,1415.4693808976517,993908.8685646685
2025-04-22T13:40:00.000+0000,533955.6959210418,1415.4693808976517,998179.248199664
2025-04-22T13:50:00.000+0000,539811.0035245619,1415.4693808976517,997479.2423053784
2025-04-22T14:00:00.000+0000,528978.6844580496,1415.4693808976517,999006.8407819208
2025-04-22T14:10:00.000+0000,520634.87112303363,1415.4693808976517,1003798.0578692025
2025-04-22T14:20:00.000+0000,535565.9055120097,1415.4693808976517,1002271.7641135793
2025-04-22T14:30:00.000+0000,528685.9190778736,1415.4693808976517,1002827.9707044623
2025-04-22T14:40:00.000+0000,527222.0921769934,1415.4693808976517,1006309.8700874384
2025-04-22T14:50:00.000+0000,526343.7960364654,1415.4693808976517,1008887.2387407544
2025-04-22T15:00:00.000+0000,525758.2652761139,1415.4693808976517,1015805.1330511782
2025-04-22T15:10:00.000+0000,527514.8575571699,1415.4693808976517,1021911.1094324426
2025-04-22T15:20:00.000+0000,537029.7324128894,1415.4693808976517,1020655.1894080809
2025-04-22T15:30:00.000+0000,545666.311128082,1415.4693808976517,1015654.3842358177
2025-04-22T15:40:00.000+0000,545227.1630578178,1415.4693808976517,1012501.2812739274
2025-04-22T15:50:00.000+0000,561768.4070377618,1415.4693808976517,1015858.1021230248
2025-04-22T16:00:00.000+0000,555181.1859838016,1415.4693808976517,1020235.0971772135
2025-04-22T16:10:00.000+0000,566452.6531205778,1415.4693808976517,1015270.668645916
2025-04-22T16:20:00.000+0000,577577.7375672656,1415.4693808976517,1016938.0847260333
2025-04-22T16:30:00.000+0000,577284.9721870901,1415.4693808976517,1017274.8617529063
2025-04-22T16:40:00.000+0000,572893.4914844496,1415.4693808976517,1015182.321331549
2025-04-22T16:50:00.000+0000,565574.3569800493,1415.4693808976517,1014548.6694572293
2025-04-22T17:00:00.000+0000,552253.5321820417,1415.4693808976517,1017358.0579443064
2025-04-22T17:10:00.000+0000,552985.4456324818,1415.4693808976517,1014094.7944665473
2025-04-22T17:20:00.000+0000,543763.3361569379,1415.4693808976517,1014582.3251558184
2025-04-22T17:30:00.000+0000,533955.6959210418,1415.4693808976517,1016270.5787809421
2025-04-22T17:40:00.000+0000,539225.4727642096,1415.4693808976517,1016911.0592676824
2025-04-22T17:50:00.000+0000,533809.3132309539,1415.4693808976517,1018264.0903988413
2025-04-22T18:00:00.000+0000,533662.9305408654,1415.4693808976517,1020017.0323055603
2025-04-22T18:10:00.000+0000,549765.0264505454,1415.4693808976517,1019214.8937198315
2025-04-22T18:20:00.000+0000,562061.1724179378,1415.4693808976517,1018705.2132168605
2025-04-22T18:30:00.000+0000,554302.8898432737,1415.4693808976517,1018814.1997754877
2025-04-22T18:40:00.000+0000,535712.2882020978,1415.4693808976517,1019326.3155118683
2025-04-22T18:50:00.000+0000,529710.5979084901,1415.4693808976517,1020473.9118191428
2025-04-22T19:00:00.000+0000,526929.3267968174,1415.4693808976517,1021279.1409677649
2025-04-22T19:10:00.000+0000,525465.499895938,1415.4693808976517,1020888.7063433197
2025-04-22T19:20:00.000+0000,527368.4748670816,1415.4693808976517,1019394.0013051658
2025-04-22T19:30:00.000+0000,525319.1172058498,1415.4693808976517,1014054.860852811
2025-04-22T19:40:00.000+0000,528393.153697698,1415.4693808976517,1014378.4375585678
2025-04-22T19:50:00.000+0000,526929.3267968174,1415.4693808976517,1016601.2459572675
2025-04-22T20:00:00.000+0000,525172.7345157614,1415.4693808976517,1017240.1186022081
2025-04-22T20:10:00.000+0000,529125.0671481377,1415.4693808976517,1016036.5353215183
2025-04-22T20:20:00.000+0000,520927.63650320965,1415.4693808976517,1015975.1292410175
2025-04-22T20:30:00.000+0000,519902.95767259394,1415.4693808976517,1017063.3569908384
2025-04-22T20:40:00.000+0000,521220.4018833859,1415.4693808976517,1017482.0981495169
2025-04-22T20:50:00.000+0000,549179.495690194,1415.4693808976517,1017303.6091293192
2025-04-22T21:00:00.000+0000,544202.4842272013,1415.4693808976517,1017057.0794064847
2025-04-22T21:10:00.000+0000,544348.8669172894,1415.4693808976517,1018622.9942023879
2025-04-22T21:20:00.000+0000,523708.90761488175,1415.4693808976517,1022433.8926890941
2025-04-22T21:30:00.000+0000,519317.4269122417,1415.4693808976517,1023082.5237510235
2025-04-22T21:40:00.000+0000,498238.3195395699,1415.4693808976517,1025683.0984773376
2025-04-22T21:50:00.000+0000,496188.9618783374,1415.4693808976517,1040191.1738305632
2025-04-22T22:00:00.000+0000,493700.45614684164,1415.4693808976517,1040233.1172712061
2025-04-22T22:10:00.000+0000,494871.5176675454,1415.4693808976517,1038498.9419487049
2025-04-22T22:20:00.000+0000,495164.2830477217,1415.4693808976517,1042450.3462696351
2025-04-22T22:30:00.000+0000,494285.98690719396,1415.4693808976517,1037737.0188403571
2025-04-22T22:40:00.000+0000,519171.04422215343,1415.4693808976517,1037662.2610079792
2025-04-22T22:50:00.000+0000,520927.63650320965,1415.4693808976517,1039776.8408156489
2025-04-22T23:00:00.000+0000,487698.76585323334,1415.4693808976517,1045144.4033538792
2025-04-22T23:10:00.000+0000,477451.97754707356,1415.4693808976517,1045072.5398585142
2025-04-22T23:20:00.000+0000,477451.97754707356,1415.4693808976517,1043642.5131842394
2025-04-22T23:30:00.000+0000,471743.0526336416,1415.4693808976517,1047550.538490636
2025-04-22T23:40:00.000+0000,465594.9796499455,1415.4693808976517,1048316.2012760963
2025-04-22T23:50:00.000+0000,461789.0297076574,1415.4693808976517,1048031.051594304
2025-04-23T00:00:00.000+0000,467205.18924091366,1415.4693808976517,1046669.440814719
2025-04-23T00:10:00.000+0000,478476.65637768956,1415.4693808976517,1046816.2620707941
2025-04-23T00:20:00.000+0000,484917.49474156176,1415.4693808976517,1046619.9909138626
2025-04-23T00:30:00.000+0000,504093.6271430898,1415.4693808976517,1045053.7528844299
2025-04-23T00:40:00.000+0000,519317.4269122417,1415.4693808976517,1042295.8159064197
2025-04-23T00:50:00.000+0000,547276.5207190493,1415.4693808976517,1042316.6360930894
2025-04-23T01:00:00.000+0000,524294.4383752333,1415.4693808976517,1041875.7839777833
2025-04-23T01:10:00.000+0000,515218.7115897779,1415.4693808976517,1049457.8663410076
2025-04-23T01:20:00.000+0000,496774.49263868976,1415.4693808976517,1047434.582083761
2025-04-23T01:30:00.000+0000,500580.4425809778,1415.4693808976517,1048321.833278618
2025-04-23T01:40:00.000+0000,514047.6500690734,1415.4693808976517,1046397.4566659336
2025-04-23T01:50:00.000+0000,519610.1922924173,1415.4693808976517,1042807.5243097977
2025-04-23T02:00:00.000+0000,501458.73872150545,1415.4693808976517,1043056.7345082103
2025-04-23T02:10:00.000+0000,500580.4425809778,1415.4693808976517,1045579.1344041298
2025-04-23T02:20:00.000+0000,501165.9733413299,1415.4693808976517,1050419.176388226
2025-04-23T02:30:00.000+0000,520781.25381312193,1415.4693808976517,1050616.3422323382
2025-04-23T02:40:00.000+0000,516828.9211807454,1415.4693808976517,1052402.7782476698
2025-04-23T02:50:00.000+0000,517999.9827014497,1415.4693808976517,1051811.4954441367
2025-04-23T03:00:00.000+0000,522245.08071400184,1415.4693808976517,1049815.8779523277
2025-04-23T03:10:00.000+0000,533370.16516069,1415.4693808976517,1048608.3389510717
2025-04-23T03:20:00.000+0000,516389.77311048156,1415.4693808976517,1049780.0520800706
2025-04-23T03:30:00.000+0000,494871.5176675454,1415.4693808976517,1050349.4112725733
2025-04-23T03:40:00.000+0000,493114.92538649,1415.4693808976517,1053210.0674019312
2025-04-23T03:50:00.000+0000,491358.33310543385,1415.4693808976517,1053923.243586967
2025-04-23T04:00:00.000+0000,485795.79088208964,1415.4693808976517,1054270.108667546
2025-04-23T04:10:00.000+0000,486088.55626226554,1415.4693808976517,1052467.617387733
2025-04-23T04:20:00.000+0000,491065.5677252574,1415.4693808976517,1051035.7676241384
2025-04-23T04:30:00.000+0000,490772.80234508147,1415.4693808976517,1052283.826886958
2025-04-23T04:40:00.000+0000,487991.5312334096,1415.4693808976517,1055829.3154376314
2025-04-23T04:50:00.000+0000,475988.1506461939,1415.4693808976517,1060360.0351500832
2025-04-23T05:00:00.000+0000,476280.9160263693,1415.4693808976517,1060752.794321193
2025-04-23T05:10:00.000+0000,468376.25076161785,1415.4693808976517,1059406.1501286237
2025-04-23T05:20:00.000+0000,478915.80444795365,1415.4693808976517,1060456.9068813242
2025-04-23T05:30:00.000+0000,486674.08702261775,1415.4693808976517,1060765.3859591708
2025-04-23T05:40:00.000+0000,487698.76585323334,1415.4693808976517,1062026.7819854731
2025-04-23T05:50:00.000+0000,494871.5176675454,1415.4693808976517,1060303.6946534142
2025-04-23T06:00:00.000+0000,500434.05989088945,1415.4693808976517,1059055.523353481
2025-04-23T06:10:00.000+0000,502190.65217194526,1415.4693808976517,1062401.8600125187
2025-04-23T06:20:00.000+0000,502044.2694818579,1415.4693808976517,1062242.4468591074
2025-04-23T06:30:00.000+0000,504679.15790344164,1415.4693808976517,1062140.1608321005
2025-04-23T06:40:00.000+0000,503654.4790728258,1415.4693808976517,1061377.041561136
2025-04-23T06:50:00.000+0000,491504.71579552145,1415.4693808976517,1059585.2668357403
2025-04-23T07:00:00.000+0000,491358.33310543385,1415.4693808976517,1057196.0692201168
2025-04-23T07:10:00.000+0000,513754.8846888976,1415.4693808976517,1056799.465551762
2025-04-23T07:20:00.000+0000,522830.6114743539,1415.4693808976517,1057251.3215401783
2025-04-23T07:30:00.000+0000,521366.7845734734,1415.4693808976517,1059255.287353489
2025-04-23T07:40:00.000+0000,531320.8074994576,1415.4693808976517,1059148.0450611692
2025-04-23T07:50:00.000+0000,511119.9962673133,1415.4693808976517,1060217.4504586444
2025-04-23T08:00:00.000+0000,518731.8961518892,1415.4693808976517,1061814.5816864816
2025-04-23T08:10:00.000+0000,505264.68866379367,1415.4693808976517,1063371.6123805693
2025-04-23T08:20:00.000+0000,502483.41755212186,1415.4693808976517,1065750.0827102666
2025-04-23T08:30:00.000+0000,503800.8617629134,1415.4693808976517,1064489.1179392212
2025-04-23T08:40:00.000+0000,492090.2465558736,1415.4693808976517,1065300.3531914086
2025-04-23T08:50:00.000+0000,491651.09848560975,1415.4693808976517,1066209.7407855797
2025-04-23T09:00:00.000+0000,488869.8273739378,1415.4693808976517,1067122.3869715256
2025-04-23T09:10:00.000+0000,486966.8524027936,1415.4693808976517,1068483.9650557267
2025-04-23T09:20:00.000+0000,493261.30807657744,1415.4693808976517,1067271.035609524
2025-04-23T09:30:00.000+0000,500873.2079611535,1415.4693808976517,1066265.4924524017
2025-04-23T09:40:00.000+0000,492383.01193604956,1415.4693808976517,1066090.8385304497
2025-04-23T09:50:00.000+0000,497067.25801886554,1415.4693808976517,1062663.3257197107
2025-04-23T10:00:00.000+0000,512144.6750979296,1415.4693808976517,1058523.4606545938
2025-04-23T10:10:00.000+0000,521805.9326437376,1415.4693808976517,1059705.8016508573
2025-04-23T10:20:00.000+0000,513901.2673789856,1415.4693808976517,1061552.6123935021
2025-04-23T10:30:00.000+0000,513315.7366186337,1415.4693808976517,1063288.4789506362
2025-04-23T10:40:00.000+0000,514486.7981393375,1415.4693808976517,1063585.0822815772
2025-04-23T10:50:00.000+0000,514194.03275916155,1415.4693808976517,1065565.5359230563
2025-04-23T11:00:00.000+0000,514194.03275916155,1415.4693808976517,1066132.6351637288
2025-04-23T11:10:00.000+0000,516389.77311048156,1415.4693808976517,1067141.9973754103
2025-04-23T11:20:00.000+0000,510827.2308871379,1415.4693808976517,1066492.2859440055
2025-04-23T11:30:00.000+0000,519902.95767259394,1415.4693808976517,1065928.7733756755
2025-04-23T11:40:00.000+0000,520488.4884329458,1415.4693808976517,1064031.7702895473
2025-04-23T11:50:00.000+0000,526929.3267968174,1415.4693808976517,1062203.7663385605
2025-04-23T12:00:00.000+0000,515365.0942798657,1415.4693808976517,1063667.587541592
2025-04-23T12:10:00.000+0000,490772.80234508147,1415.4693808976517,1067089.5750926035
2025-04-23T12:20:00.000+0000,489601.7408243778,1415.4693808976517,1066231.8721856498
2025-04-23T12:30:00.000+0000,496481.7272585136,1415.4693808976517,1067131.936391976
2025-04-23T12:40:00.000+0000,498531.08491974557,1415.4693808976517,1066563.7291571223
2025-04-23T12:50:00.000+0000,490772.80234508147,1415.4693808976517,1068081.406016973
2025-04-23T13:00:00.000+0000,491211.9504153458,1415.4693808976517,1067364.1266959966
2025-04-23T13:10:00.000+0000,490333.65427481773,1415.4693808976517,1070356.8473583206
2025-04-23T13:20:00.000+0000,498823.85029992164,1415.4693808976517,1070383.6087407866
2025-04-23T13:30:00.000+0000,496628.1099486012,1415.4693808976517,1063301.8202482215
2025-04-23T13:40:00.000+0000,522976.9941644416,1415.4693808976517,1062351.3230260648
2025-04-23T13:50:00.000+0000,538054.4112435055,1415.4693808976517,1054901.9449824607
2025-04-23T14:00:00.000+0000,552107.1494919537,1415.4693808976517,1057090.8714620427
2025-04-23T14:10:00.000+0000,565574.3569800493,1415.4693808976517,1052514.6640082058
2025-04-23T14:20:00.000+0000,549618.643760458,1415.4693808976517,1053587.9369578115
2025-04-23T14:30:00.000+0000,554449.2725333618,1415.4693808976517,1057451.3148101028
2025-04-23T14:40:00.000+0000,541274.8304254414,1415.4693808976517,1058790.2861054442
2025-04-23T14:50:00.000+0000,546837.3726487855,1415.4693808976517,1057371.7545666916
2025-04-23T15:00:00.000+0000,561182.87627741,1415.4693808976517,1055454.484280339
2025-04-23T15:10:00.000+0000,570112.2203727779,1415.4693808976517,1047990.6183293961
2025-04-23T15:20:00.000+0000,594997.2776877374,1415.4693808976517,1043779.4343937933
2025-04-23T15:30:00.000+0000,593240.6854066815,1415.4693808976517,1047328.4037235249
2025-04-23T15:40:00.000+0000,585775.1682121938,1415.4693808976517,1053672.2854197957
2025-04-23T15:50:00.000+0000,574064.5530051533,1415.4693808976517,1054931.802052075
2025-04-23T16:00:00.000+0000,571429.6645835699,1415.4693808976517,1058183.1224694995
2025-04-23T16:10:00.000+0000,582847.5144104338,1415.4693808976517,1057004.998792592
2025-04-23T16:20:00.000+0000,607732.5717253935,1415.4693808976517,1053591.8864988307
2025-04-23T16:30:00.000+0000,577138.5894970015,1415.4693808976517,1059020.144556526
2025-04-23T16:40:00.000+0000,574650.0837655056,1415.4693808976517,1061616.0972419237
2025-04-23T16:50:00.000+0000,570551.368443042,1415.4693808976517,1061428.471088469
2025-04-23T17:00:00.000+0000,552692.6802523057,1415.4693808976517,1062332.023049334
2025-04-23T17:10:00.000+0000,554595.6552234496,1415.4693808976517,1064630.5796123669
2025-04-23T17:20:00.000+0000,553424.5937027457,1415.4693808976517,1062185.4818771128
2025-04-23T17:30:00.000+0000,561768.4070377618,1415.4693808976517,1061169.1666746626
2025-04-23T17:40:00.000+0000,572015.1953439214,1415.4693808976517,1060923.832059153
2025-04-23T17:50:00.000+0000,563671.3820089059,1415.4693808976517,1061005.247532834
2025-04-23T18:00:00.000+0000,541860.3611857936,1415.4693808976517,1064030.1717574534
2025-04-23T18:10:00.000+0000,534833.99206157,1415.4693808976517,1067313.3457284481
2025-04-23T18:20:00.000+0000,545959.0765082575,1415.4693808976517,1065466.9783050779
2025-04-23T18:30:00.000+0000,555620.3340540661,1415.4693808976517,1063732.224848521
2025-04-23T18:40:00.000+0000,550496.9399009858,1415.4693808976517,1061298.0505893563
2025-04-23T18:50:00.000+0000,555473.9513639775,1415.4693808976517,1061060.0530726688
2025-04-23T19:00:00.000+0000,568648.3934718977,1415.4693808976517,1057990.7351498846
2025-04-23T19:10:00.000+0000,570258.6030628658,1415.4693808976517,1054119.2402851572
2025-04-23T19:20:00.000+0000,592947.9200265061,1415.4693808976517,1050530.095649767
2025-04-23T19:30:00.000+0000,590166.6489148336,1415.4693808976517,1051700.3033157217
2025-04-23T19:40:00.000+0000,601730.8814317856,1415.4693808976517,1055476.3986802925
2025-04-23T19:50:00.000+0000,586507.0816626338,1415.4693808976517,1053881.5171914937
2025-04-23T20:00:00.000+0000,580944.5394392897,1415.4693808976517,1056989.2567724886
2025-04-23T20:10:00.000+0000,598803.2276300256,1415.4693808976517,1057881.7019270535
2025-04-23T20:20:00.000+0000,595729.1911381774,1415.4693808976517,1061023.2706191328
2025-04-23T20:30:00.000+0000,590898.5623652737,1415.4693808976517,1062016.2955955353
2025-04-23T20:40:00.000+0000,586946.2297328975,1415.4693808976517,1060597.7061959293
2025-04-23T20:50:00.000+0000,578602.4163978817,1415.4693808976517,1060552.0694115846
2025-04-23T21:00:00.000+0000,559865.4320666175,1415.4693808976517,1061680.8760976153
2025-04-23T21:10:00.000+0000,582554.7490302573,1415.4693808976517,1062219.8036009767
2025-04-23T21:20:00.000+0000,568502.0107818098,1415.4693808976517,1061456.3846879425
2025-04-23T21:30:00.000+0000,566159.8877404013,1415.4693808976517,1061157.2729435507
2025-04-23T21:40:00.000+0000,573918.1703150659,1415.4693808976517,1058766.1702675768
2025-04-23T21:50:00.000+0000,573479.0222448017,1415.4693808976517,1058324.1195839937
2025-04-23T22:00:00.000+0000,587385.377803161,1415.4693808976517,1058546.663543857
2025-04-23T22:10:00.000+0000,588702.8220139539,1415.4693808976517,1058314.9588949936
2025-04-23T22:20:00.000+0000,584604.1066914896,1415.4693808976517,1060054.817346889
2025-04-23T22:30:00.000+0000,578895.1817780581,1415.4693808976517,1061483.8105395332
2025-04-23T22:40:00.000+0000,567770.0973313695,1415.4693808976517,1063055.0785151783
2025-04-23T22:50:00.000+0000,566013.5050503138,1415.4693808976517,1063717.584732346
2025-04-23T23:00:00.000+0000,557669.6917152979,1415.4693808976517,1063978.8947518908
2025-04-23T23:10:00.000+0000,550350.5572108978,1415.4693808976517,1063893.2276537437
2025-04-23T23:20:00.000+0000,551375.2360415141,1415.4693808976517,1063564.5724684855
2025-04-23T23:30:00.000+0000,566452.6531205778,1415.4693808976517,1062712.6963502727
2025-04-23T23:40:00.000+0000,575528.3799060333,1415.4693808976517,1060470.3374026376
2025-04-23T23:50:00.000+0000,577724.1202573536,1415.4693808976517,1060015.0826419105
2025-04-24T00:00:00.000+0000,572307.9607240977,1415.4693808976517,1060746.7142416523
2025-04-24T00:10:00.000+0000,589581.1181544818,1415.4693808976517,1059562.4459260877
2025-04-24T00:20:00.000+0000,606561.5102046895,1415.4693808976517,1056736.1332251106
2025-04-24T00:30:00.000+0000,604219.3871632816,1415.4693808976517,1056107.883600397
2025-04-24T00:40:00.000+0000,607586.1890353061,1415.4693808976517,1057822.1519084736
2025-04-24T00:50:00.000+0000,625444.8772260415,1415.4693808976517,1057387.5825017758
2025-04-24T01:00:00.000+0000,604512.1525434579,1415.4693808976517,1057393.1720969798
2025-04-24T01:10:00.000+0000,603780.2390930175,1415.4693808976517,1053306.8273554172
2025-04-24T01:20:00.000+0000,596753.8699687936,1415.4693808976517,1053077.1124922466
2025-04-24T01:30:00.000+0000,587092.6124229857,1415.4693808976517,1055929.9584682179
2025-04-24T01:40:00.000+0000,583433.0451707854,1415.4693808976517,1055823.8456330965
2025-04-24T01:50:00.000+0000,574357.3183853298,1415.4693808976517,1057271.516150513
2025-04-24T02:00:00.000+0000,575967.527976298,1415.4693808976517,1057455.8410812337
2025-04-24T02:10:00.000+0000,570112.2203727779,1415.4693808976517,1058716.5504151776
2025-04-24T02:20:00.000+0000,558108.8397855618,1415.4693808976517,1059009.9640239223
2025-04-24T02:30:00.000+0000,560743.728207146,1415.4693808976517,1057456.9932982412
2025-04-24T02:40:00.000+0000,584750.4893815779,1415.4693808976517,1051375.7705474026
2025-04-24T02:50:00.000+0000,603194.7083326657,1415.4693808976517,1051034.0924867685
2025-04-24T03:00:00.000+0000,597339.400729146,1415.4693808976517,1050421.027325892
2025-04-24T03:10:00.000+0000,599974.2891507297,1415.4693808976517,1052385.814067829
2025-04-24T03:20:00.000+0000,592801.5373364176,1415.4693808976517,1053622.369332703
2025-04-24T03:30:00.000+0000,594997.2776877374,1415.4693808976517,1049727.0267392383
2025-04-24T03:40:00.000+0000,627787.0002674494,1415.4693808976517,1047567.0082243299
2025-04-24T03:50:00.000+0000,636277.1962925533,1415.4693808976517,1044450.0618445652
2025-04-24T04:00:00.000+0000,633349.5424907939,1415.4693808976517,1043820.9907484297
2025-04-24T04:10:00.000+0000,628079.765647626,1415.4693808976517,1042041.1226140979
2025-04-24T04:20:00.000+0000,624712.9637756014,1415.4693808976517,1045280.4246984215
2025-04-24T04:30:00.000+0000,631885.7155899135,1415.4693808976517,1043417.2376040672
2025-04-24T04:40:00.000+0000,628811.679098066,1415.4693808976517,1043555.7330390915
2025-04-24T04:50:00.000+0000,627787.0002674494,1415.4693808976517,1045582.5779537014
2025-04-24T05:00:00.000+0000,623981.0503251615,1415.4693808976517,1048315.1946946725
2025-04-24T05:10:00.000+0000,622809.9888044575,1415.4693808976517,1047432.8654600184
2025-04-24T05:20:00.000+0000,623981.0503251615,1415.4693808976517,1044183.103832388
2025-04-24T05:30:00.000+0000,612563.2004982976,1415.4693808976517,1045664.1837330742
2025-04-24T05:40:00.000+0000,613880.6447090899,1415.4693808976517,1046743.0880771913
2025-04-24T05:50:00.000+0000,610513.8428370659,1415.4693808976517,1045472.5043094766
2025-04-24T06:00:00.000+0000,608757.2505560095,1415.4693808976517,1046054.338291524
2025-04-24T06:10:00.000+0000,610806.6082172418,1415.4693808976517,1043372.2883258734
2025-04-24T06:20:00.000+0000,603048.3256425778,1415.4693808976517,1044625.3654887466
2025-04-24T06:30:00.000+0000,612563.2004982976,1415.4693808976517,1046891.2055046966
2025-04-24T06:40:00.000+0000,617686.5946513778,1415.4693808976517,1046042.9827821035
2025-04-24T06:50:00.000+0000,622663.6061143695,1415.4693808976517,1043810.2736752958
2025-04-24T07:00:00.000+0000,629397.2098584174,1415.4693808976517,1043773.4475533674
2025-04-24T07:10:00.000+0000,620028.7176927854,1415.4693808976517,1046146.0830456929
2025-04-24T07:20:00.000+0000,629689.9752385941,1415.4693808976517,1041677.9026091096
2025-04-24T07:30:00.000+0000,629836.357928681,1415.4693808976517,1040647.5018152208
2025-04-24T07:40:00.000+0000,641546.9731357221,1415.4693808976517,1038891.4982849646
2025-04-24T07:50:00.000+0000,655306.9460039935,1415.4693808976517,1038239.887659822
2025-04-24T08:00:00.000+0000,646084.8365284494,1415.4693808976517,1037832.5441049476
2025-04-24T08:10:00.000+0000,655306.9460039935,1415.4693808976517,1035994.8101754703
2025-04-24T08:20:00.000+0000,660430.3401570733,1415.4693808976517,1032833.5647048815
2025-04-24T08:30:00.000+0000,668335.0054218257,1415.4693808976517,1029960.5575920345
2025-04-24T08:40:00.000+0000,676239.6706865776,1415.4693808976517,1028643.2006430137
2025-04-24T08:50:00.000+0000,670384.3630830577,1415.4693808976517,1030078.5858627849
2025-04-24T09:00:00.000+0000,649598.0210905618,1415.4693808976517,1032950.9641619856
2025-04-24T09:10:00.000+0000,650476.3172310898,1415.4693808976517,1035089.8009540566
2025-04-24T09:20:00.000+0000,643449.9481068652,1415.4693808976517,1036689.7959876831
2025-04-24T09:30:00.000+0000,619443.1869324342,1415.4693808976517,1035530.1145883128
2025-04-24T09:40:00.000+0000,617686.5946513778,1415.4693808976517,1035580.2321598874
2025-04-24T09:50:00.000+0000,616076.3850604101,1415.4693808976517,1034778.6076142382
2025-04-24T10:00:00.000+0000,615490.8543000576,1415.4693808976517,1036405.7733038532
2025-04-24T10:10:00.000+0000,630129.1233088579,1415.4693808976517,1036515.8260573535
2025-04-24T10:20:00.000+0000,637009.1097429934,1415.4693808976517,1038477.888083027
2025-04-24T10:30:00.000+0000,651208.2306815297,1415.4693808976517,1036984.813422841
2025-04-24T10:40:00.000+0000,646523.9845987138,1415.4693808976517,1038248.1557900843
2025-04-24T10:50:00.000+0000,641546.9731357221,1415.4693808976517,1037889.1367478303
2025-04-24T11:00:00.000+0000,641546.9731357221,1415.4693808976517,1036924.1293951005
2025-04-24T11:10:00.000+0000,659405.6613264575,1415.4693808976517,1036137.7418619634
2025-04-24T11:20:00.000+0000,654282.2671733778,1415.4693808976517,1036394.8040130702
2025-04-24T11:30:00.000+0000,655453.3286940814,1415.4693808976517,1036258.4629316684
2025-04-24T11:40:00.000+0000,668920.5361821771,1415.4693808976517,1036397.5348731632
2025-04-24T11:50:00.000+0000,668774.1534920898,1415.4693808976517,1039949.9118197709
2025-04-24T12:00:00.000+0000,671116.2765334975,1415.4693808976517,1039169.6831534693
2025-04-24T12:10:00.000+0000,662479.6978183062,1415.4693808976517,1039000.7721265667
2025-04-24T12:20:00.000+0000,656917.1555949621,1415.4693808976517,1042200.0340150889
2025-04-24T12:30:00.000+0000,674629.4610956097,1415.4693808976517,1042179.0755526859
2025-04-24T12:40:00.000+0000,668335.0054218257,1415.4693808976517,1042692.0537817213
2025-04-24T12:50:00.000+0000,660137.5747768977,1415.4693808976517,1043143.5063989449
2025-04-24T13:00:00.000+0000,663650.7593390101,1415.4693808976517,1043711.9591353252
2025-04-24T13:10:00.000+0000,655014.180623818,1415.4693808976517,1044166.4982821969
2025-04-24T13:20:00.000+0000,655014.180623818,1415.4693808976517,1045038.2007405958
2025-04-24T13:30:00.000+0000,646816.7499788892,1415.4693808976517,1046994.2671348545
2025-04-24T13:40:00.000+0000,652964.8229625855,1415.4693808976517,1042811.9991946983
2025-04-24T13:50:00.000+0000,652672.0575824097,1415.4693808976517,1041536.300236712
2025-04-24T14:00:00.000+0000,628372.5310278018,1415.4693808976517,1046218.838974784
2025-04-24T14:10:00.000+0000,621638.9272837543,1415.4693808976517,1048751.8244020853
2025-04-24T14:20:00.000+0000,641254.2077555454,1415.4693808976517,1044833.9521973296
2025-04-24T14:30:00.000+0000,626176.7906764821,1415.4693808976517,1047453.5668755935
2025-04-24T14:40:00.000+0000,620321.4830729614,1415.4693808976517,1049773.9422473817
2025-04-24T14:50:00.000+0000,619589.5696225216,1415.4693808976517,1050564.812973409
2025-04-24T15:00:00.000+0000,615344.4716099693,1415.4693808976517,1049921.8661318836
2025-04-24T15:10:00.000+0000,611831.2870478579,1415.4693808976517,1054733.1322832098
2025-04-24T15:20:00.000+0000,626176.7906764821,1415.4693808976517,1052454.4746859702
2025-04-24T15:30:00.000+0000,617247.4465811137,1415.4693808976517,1051046.2887843265
2025-04-24T15:40:00.000+0000,611538.5216676815,1415.4693808976517,1052172.5187060435
2025-04-24T15:50:00.000+0000,609489.1640064494,1415.4693808976517,1050452.550098159
2025-04-24T16:00:00.000+0000,616954.6812009377,1415.4693808976517,1050629.0437075514
2025-04-24T16:10:00.000+0000,609342.7813163616,1415.4693808976517,1052043.8666012734
2025-04-24T16:20:00.000+0000,609489.1640064494,1415.4693808976517,1053811.5869534772
2025-04-24T16:30:00.000+0000,614027.0273991775,1415.4693808976517,1056656.8050688398
2025-04-24T16:40:00.000+0000,619735.9523126096,1415.4693808976517,1057503.2835072668
2025-04-24T16:50:00.000+0000,613002.3485685616,1415.4693808976517,1056568.627965374
2025-04-24T17:00:00.000+0000,616808.29851085,1415.4693808976517,1054306.8632191594
2025-04-24T17:10:00.000+0000,632471.2463502657,1415.4693808976517,1048771.1575571988
2025-04-24T17:20:00.000+0000,639497.6154744896,1415.4693808976517,1046351.8214913153
2025-04-24T17:30:00.000+0000,627933.3829575374,1415.4693808976517,1049478.7696254347
2025-04-24T17:40:00.000+0000,639790.380854666,1415.4693808976517,1045484.7207018253
2025-04-24T17:50:00.000+0000,628518.9137178893,1415.4693808976517,1045037.6990060338
2025-04-24T18:00:00.000+0000,619296.8042423457,1415.4693808976517,1052344.135704787
2025-04-24T18:10:00.000+0000,614173.410089266,1415.4693808976517,1053543.9891903629
2025-04-24T18:20:00.000+0000,596753.8699687936,1415.4693808976517,1053325.8319291056
2025-04-24T18:30:00.000+0000,581090.9221293777,1415.4693808976517,1055464.7695080645
2025-04-24T18:40:00.000+0000,556352.2475045058,1415.4693808976517,1056291.2179219455
2025-04-24T18:50:00.000+0000,540542.9169750018,1415.4693808976517,1056797.1222606744
2025-04-24T19:00:00.000+0000,540982.0650452657,1415.4693808976517,1055158.532952276
2025-04-24T19:10:00.000+0000,558401.6051657376,1415.4693808976517,1053760.3137039428
2025-04-24T19:20:00.000+0000,548740.34761993,1415.4693808976517,1054965.76187326
2025-04-24T19:30:00.000+0000,534394.8439913058,1415.4693808976517,1056721.8787552803
2025-04-24T19:40:00.000+0000,499994.91182062554,1415.4693808976517,1055990.7893568985
2025-04-24T19:50:00.000+0000,498238.3195395699,1415.4693808976517,1056879.737912359
2025-04-24T20:00:00.000+0000,506142.9848043217,1415.4693808976517,1056268.5617860043
2025-04-24T20:10:00.000+0000,510388.08281687356,1415.4693808976517,1057056.6753954603
2025-04-24T20:20:00.000+0000,525758.2652761139,1415.4693808976517,1056538.7157177837
2025-04-24T20:30:00.000+0000,536005.0535822739,1415.4693808976517,1056105.851720321
2025-04-24T20:40:00.000+0000,522684.2287842656,1415.4693808976517,1056006.3533768272
2025-04-24T20:50:00.000+0000,513169.35392854566,1415.4693808976517,1056142.547302213
2025-04-24T21:00:00.000+0000,513608.50199880934,1415.4693808976517,1055755.755619096
2025-04-24T21:10:00.000+0000,529271.4498382258,1415.4693808976517,1055531.8023953976
2025-04-24T21:20:00.000+0000,533077.399780514,1415.4693808976517,1049410.2842710144
2025-04-24T21:30:00.000+0000,559719.0493765296,1415.4693808976517,1050718.0023879337
2025-04-24T21:40:00.000+0000,568941.1588520736,1415.4693808976517,1052207.3992651058
2025-04-24T21:50:00.000+0000,558255.2224756492,1415.4693808976517,1053404.487308262
2025-04-24T22:00:00.000+0000,554156.5071531856,1415.4693808976517,1052954.901466609
2025-04-24T22:10:00.000+0000,550204.1745208097,1415.4693808976517,1055317.5416434852
2025-04-24T22:20:00.000+0000,547569.286099226,1415.4693808976517,1055186.6330835547
2025-04-24T22:30:00.000+0000,544056.1015371135,1415.4693808976517,1056355.449988597
2025-04-24T22:40:00.000+0000,555034.803293714,1415.4693808976517,1053761.3404694512
2025-04-24T22:50:00.000+0000,559865.4320666175,1415.4693808976517,1052928.5831083418
2025-04-24T23:00:00.000+0000,554156.5071531856,1415.4693808976517,1053598.4685008563
2025-04-24T23:10:00.000+0000,548008.43416949,1415.4693808976517,1056257.84736003
2025-04-24T23:20:00.000+0000,541128.4477353541,1415.4693808976517,1056130.1874920172
2025-04-24T23:30:00.000+0000,525904.6479662015,1415.4693808976517,1060408.9535453704
2025-04-24T23:40:00.000+0000,516682.5384906571,1415.4693808976517,1061226.553217838
2025-04-24T23:50:00.000+0000,520195.7230527695,1415.4693808976517,1060637.240105207
2025-04-25T00:00:00.000+0000,502044.2694818579,1415.4693808976517,1059983.5673281234
2025-04-25T00:10:00.000+0000,507899.5770853778,1415.4693808976517,1058817.6254969544
2025-04-25T00:20:00.000+0000,503800.8617629134,1415.4693808976517,1060451.8262376627
2025-04-25T00:30:00.000+0000,501458.73872150545,1415.4693808976517,1060483.3155186116
2025-04-25T00:40:00.000+0000,501165.9733413299,1415.4693808976517,1061634.5649442887
2025-04-25T00:50:00.000+0000,498677.4676098332,1415.4693808976517,1061179.3777206312
2025-04-25T01:00:00.000+0000,490772.80234508147,1415.4693808976517,1062026.9121589984
2025-04-25T01:10:00.000+0000,490333.65427481773,1415.4693808976517,1063926.734309373
2025-04-25T01:20:00.000+0000,495310.6657378097,1415.4693808976517,1060792.201446462
2025-04-25T01:30:00.000+0000,505264.68866379367,1415.4693808976517,1059916.3527024467
2025-04-25T01:40:00.000+0000,507167.66363493784,1415.4693808976517,1061320.394446917
2025-04-25T01:50:00.000+0000,510388.08281687356,1415.4693808976517,1060157.1778507284
2025-04-25T02:00:00.000+0000,516243.3904203934,1415.4693808976517,1059650.0730389203
2025-04-25T02:10:00.000+0000,511998.2924078419,1415.4693808976517,1057473.4388146054
2025-04-25T02:20:00.000+0000,521952.315333826,1415.4693808976517,1054837.3295679719
2025-04-25T02:30:00.000+0000,523123.3768545293,1415.4693808976517,1053266.1714652795
2025-04-25T02:40:00.000+0000,538200.7939335939,1415.4693808976517,1053056.5131603512
2025-04-25T02:50:00.000+0000,545519.9284379934,1415.4693808976517,1048396.9307190059
2025-04-25T03:00:00.000+0000,565720.7396701379,1415.4693808976517,1048608.5721113633
2025-04-25T03:10:00.000+0000,565281.5915998737,1415.4693808976517,1051665.74116101
2025-04-25T03:20:00.000+0000,563964.1473890821,1415.4693808976517,1051164.353506489
2025-04-25T03:30:00.000+0000,572747.1087943615,1415.4693808976517,1051966.1412697001
2025-04-25T03:40:00.000+0000,556059.4821243302,1415.4693808976517,1055277.779108019
2025-04-25T03:50:00.000+0000,552107.1494919537,1415.4693808976517,1055391.195255569
2025-04-25T04:00:00.000+0000,539664.6208344738,1415.4693808976517,1054988.0419497793
2025-04-25T04:10:00.000+0000,535565.9055120097,1415.4693808976517,1057241.3886911203
2025-04-25T04:20:00.000+0000,540542.9169750018,1415.4693808976517,1055999.729781276
2025-04-25T04:30:00.000+0000,548593.9649298416,1415.4693808976517,1054125.1297996473
2025-04-25T04:40:00.000+0000,541713.9784957054,1415.4693808976517,1055536.4199200699
2025-04-25T04:50:00.000+0000,543909.7188470258,1415.4693808976517,1053625.5172555917
2025-04-25T05:00:00.000+0000,549765.0264505454,1415.4693808976517,1053636.750568683
2025-04-25T05:10:00.000+0000,545373.5457479056,1415.4693808976517,1056033.7759911062
2025-04-25T05:20:00.000+0000,545519.9284379934,1415.4693808976517,1056782.6351849867
2025-04-25T05:30:00.000+0000,546251.8418884339,1415.4693808976517,1056011.0008782889
2025-04-25T05:40:00.000+0000,540542.9169750018,1415.4693808976517,1055447.623920674
2025-04-25T05:50:00.000+0000,541421.2131155297,1415.4693808976517,1056753.13328407
2025-04-25T06:00:00.000+0000,545080.7803677296,1415.4693808976517,1057194.027475901
2025-04-25T06:10:00.000+0000,550496.9399009858,1415.4693808976517,1058637.5533174274
2025-04-25T06:20:00.000+0000,555620.3340540661,1415.4693808976517,1057833.277772131
2025-04-25T06:30:00.000+0000,542445.891946146,1415.4693808976517,1062053.3300073622
2025-04-25T06:40:00.000+0000,539811.0035245619,1415.4693808976517,1061874.3204724623
2025-04-25T06:50:00.000+0000,534833.99206157,1415.4693808976517,1063812.8478258536
2025-04-25T07:00:00.000+0000,530296.1286688414,1415.4693808976517,1065278.8000682641
2025-04-25T07:10:00.000+0000,530003.3632886658,1415.4693808976517,1063964.8726999946
2025-04-25T07:20:00.000+0000,544788.0149875532,1415.4693808976517,1061643.6356314856
2025-04-25T07:30:00.000+0000,533223.7824706017,1415.4693808976517,1063046.9438136118
2025-04-25T07:40:00.000+0000,530003.3632886658,1415.4693808976517,1063852.7025808597
2025-04-25T07:50:00.000+0000,523562.52492479334,1415.4693808976517,1064635.7224273435
2025-04-25T08:00:00.000+0000,507021.2809448497,1415.4693808976517,1067230.0442339156
2025-04-25T08:10:00.000+0000,495749.8138080734,1415.4693808976517,1066581.204676306
2025-04-25T08:20:00.000+0000,490040.88889464166,1415.4693808976517,1067530.0015777657
2025-04-25T08:30:00.000+0000,489894.50620455365,1415.4693808976517,1066688.070909204
2025-04-25T08:40:00.000+0000,505411.07135388174,1415.4693808976517,1066913.4481257743
2025-04-25T08:50:00.000+0000,506142.9848043217,1415.4693808976517,1066591.8995262065
2025-04-25T09:00:00.000+0000,501458.73872150545,1415.4693808976517,1063586.3009625035
2025-04-25T09:10:00.000+0000,499409.38106027374,1415.4693808976517,1062564.3811585961
2025-04-25T09:20:00.000+0000,501312.3560314176,1415.4693808976517,1064185.5228140156
2025-04-25T09:30:00.000+0000,512291.05778801726,1415.4693808976517,1065279.1061492385
2025-04-25T09:40:00.000+0000,514047.6500690734,1415.4693808976517,1064733.6568567886
2025-04-25T09:50:00.000+0000,508631.49053581734,1415.4693808976517,1066573.7132044875
2025-04-25T10:00:00.000+0000,516828.9211807454,1415.4693808976517,1066816.1279867215
2025-04-25T10:10:00.000+0000,522537.84609417745,1415.4693808976517,1067055.211274356
2025-04-25T10:20:00.000+0000,526782.9441067295,1415.4693808976517,1067050.3986862483
2025-04-25T10:30:00.000+0000,521659.5499536493,1415.4693808976517,1063109.0877490607
2025-04-25T10:40:00.000+0000,522684.2287842656,1415.4693808976517,1062563.7990091539
2025-04-25T10:50:00.000+0000,522976.9941644416,1415.4693808976517,1062340.9688037485
2025-04-25T11:00:00.000+0000,516389.77311048156,1415.4693808976517,1063802.3936304422
2025-04-25T11:10:00.000+0000,506142.9848043217,1415.4693808976517,1066243.8843392045
2025-04-25T11:20:00.000+0000,502190.65217194526,1415.4693808976517,1067767.9315216653
2025-04-25T11:30:00.000+0000,497067.25801886554,1415.4693808976517,1067785.396845916
2025-04-25T11:40:00.000+0000,500434.05989088945,1415.4693808976517,1069359.2488207137
2025-04-25T11:50:00.000+0000,494725.13497745764,1415.4693808976517,1070474.438140691
2025-04-25T12:00:00.000+0000,492529.39462613786,1415.4693808976517,1072221.3533124786
2025-04-25T12:10:00.000+0000,474231.55836513743,1415.4693808976517,1073643.9289995919
2025-04-25T12:20:00.000+0000,478183.89099751366,1415.4693808976517,1071889.0819968055
2025-04-25T12:30:00.000+0000,491358.33310543385,1415.4693808976517,1071117.022873756
2025-04-25T12:40:00.000+0000,495017.90035763365,1415.4693808976517,1071723.2958021888
2025-04-25T12:50:00.000+0000,512583.823168194,1415.4693808976517,1067144.2266710056
2025-04-25T13:00:00.000+0000,528832.3017679617,1415.4693808976517,1066134.3833739872
2025-04-25T13:10:00.000+0000,530149.7459787539,1415.4693808976517,1065276.2111684976
2025-04-25T13:20:00.000+0000,525465.499895938,1415.4693808976517,1063739.4249148252
2025-04-25T13:30:00.000+0000,533077.399780514,1415.4693808976517,1061240.005980244
2025-04-25T13:40:00.000+0000,535419.5228219216,1415.4693808976517,1066284.6961227707
2025-04-25T13:50:00.000+0000,538493.5593137698,1415.4693808976517,1064493.249737301
2025-04-25T14:00:00.000+0000,521952.315333826,1415.4693808976517,1067278.2590079303
2025-04-25T14:10:00.000+0000,517560.8346311858,1415.4693808976517,1073564.3397811067
2025-04-25T14:20:00.000+0000,529417.8325283136,1415.4693808976517,1069282.1492355396
2025-04-25T14:30:00.000+0000,546105.4591983457,1415.4693808976517,1068997.9938832303
2025-04-25T14:40:00.000+0000,516097.00773030566,1415.4693808976517,1073257.9560871609
2025-04-25T14:50:00.000+0000,515511.47696995403,1415.4693808976517,1078646.0755499685
2025-04-25T15:00:00.000+0000,525611.8825860256,1415.4693808976517,1077636.3381105163
2025-04-25T15:10:00.000+0000,533077.399780514,1415.4693808976517,1076105.4684237465
2025-04-25T15:20:00.000+0000,526197.4133463777,1415.4693808976517,1077597.254978993
2025-04-25T15:30:00.000+0000,529564.2152184017,1415.4693808976517,1072689.8233648578
2025-04-25T15:40:00.000+0000,566159.8877404013,1415.4693808976517,1072909.4823331311
2025-04-25T15:50:00.000+0000,570404.9857529539,1415.4693808976517,1073138.6555136582
2025-04-25T16:00:00.000+0000,566745.418500754,1415.4693808976517,1071006.548729139
2025-04-25T16:10:00.000+0000,581676.4528897296,1415.4693808976517,1066872.4476912953
2025-04-25T16:20:00.000+0000,580066.2432987615,1415.4693808976517,1066784.146209481
2025-04-25T16:30:00.000+0000,581090.9221293777,1415.4693808976517,1069053.941391563
2025-04-25T16:40:00.000+0000,569380.3069223377,1415.4693808976517,1071935.647371212
2025-04-25T16:50:00.000+0000,566745.418500754,1415.4693808976517,1071021.3289901318
2025-04-25T17:00:00.000+0000,560450.9628269696,1415.4693808976517,1072687.2245830926
2025-04-25T17:10:00.000+0000,562939.4685584657,1415.4693808976517,1074033.968194323
2025-04-25T17:20:00.000+0000,561475.6416575859,1415.4693808976517,1074319.1438910943
2025-04-25T17:30:00.000+0000,580066.2432987615,1415.4693808976517,1067271.6621339982
2025-04-25T17:40:00.000+0000,596461.1045886179,1415.4693808976517,1061783.8009724722
2025-04-25T17:50:00.000+0000,604073.0044731939,1415.4693808976517,1062178.7316676178
2025-04-25T18:00:00.000+0000,597778.5487994099,1415.4693808976517,1063622.9800806213
2025-04-25T18:10:00.000+0000,602901.9429524898,1415.4693808976517,1064635.4612401181
2025-04-25T18:20:00.000+0000,592947.9200265061,1415.4693808976517,1066460.5716321669
2025-04-25T18:30:00.000+0000,591776.8585058019,1415.4693808976517,1067419.0853749479
2025-04-25T18:40:00.000+0000,582554.7490302573,1415.4693808976517,1069454.371072099
2025-04-25T18:50:00.000+0000,581676.4528897296,1415.4693808976517,1067067.8705480332
2025-04-25T19:00:00.000+0000,577870.5029474415,1415.4693808976517,1067580.4647047329
2025-04-25T19:10:00.000+0000,583872.1932410497,1415.4693808976517,1066426.5672037858
2025-04-25T19:20:00.000+0000,596461.1045886179,1415.4693808976517,1066350.0624222234
2025-04-25T19:30:00.000+0000,592801.5373364176,1415.4693808976517,1065972.5485537571
2025-04-25T19:40:00.000+0000,606854.2755848657,1415.4693808976517,1066562.239577036
2025-04-25T19:50:00.000+0000,602609.1775723133,1415.4693808976517,1067450.1141662085
2025-04-25T20:00:00.000+0000,601877.2641218739,1415.4693808976517,1068325.6040212156
2025-04-25T20:10:00.000+0000,605683.2140641619,1415.4693808976517,1067383.436912713
2025-04-25T20:20:00.000+0000,606415.1275146018,1415.4693808976517,1066953.3051257115
2025-04-25T20:30:00.000+0000,603633.8564029299,1415.4693808976517,1067756.8623921338
2025-04-25T20:40:00.000+0000,603194.7083326657,1415.4693808976517,1067194.648660252
2025-04-25T20:50:00.000+0000,599535.1410804655,1415.4693808976517,1068954.3902757533
2025-04-25T21:00:00.000+0000,596314.7218985299,1415.4693808976517,1068143.2930577998
2025-04-25T21:10:00.000+0000,596461.1045886179,1415.4693808976517,1068449.6073277323
2025-04-25T21:20:00.000+0000,603341.0910227539,1415.4693808976517,1065722.1081826931
2025-04-25T21:30:00.000+0000,605097.6833038093,1415.4693808976517,1065847.5649222955
2025-04-25T21:40:00.000+0000,604512.1525434579,1415.4693808976517,1062467.16299607
2025-04-25T21:50:00.000+0000,620175.1003828737,1415.4693808976517,1061292.9698564005
2025-04-25T22:00:00.000+0000,613734.2620190019,1415.4693808976517,1063604.8741559237
2025-04-25T22:10:00.000+0000,613587.8793289135,1415.4693808976517,1063891.4853730092
2025-04-25T22:20:00.000+0000,610074.6947668019,1415.4693808976517,1064634.7622243837
2025-04-25T22:30:00.000+0000,596461.1045886179,1415.4693808976517,1065625.9643708249
2025-04-25T22:40:00.000+0000,599827.9064606415,1415.4693808976517,1067171.176678002
2025-04-25T22:50:00.000+0000,601877.2641218739,1415.4693808976517,1066183.8313521824
2025-04-25T23:00:00.000+0000,594118.9815472094,1415.4693808976517,1065307.8555648003
2025-04-25T23:10:00.000+0000,594704.5123075617,1415.4693808976517,1065418.8884731813
2025-04-25T23:20:00.000+0000,597924.9314894974,1415.4693808976517,1063577.4791663503
2025-04-25T23:30:00.000+0000,595436.4257580015,1415.4693808976517,1062648.2716708987
2025-04-25T23:40:00.000+0000,588117.2912536013,1415.4693808976517,1063220.1344476736
2025-04-25T23:50:00.000+0000,587678.1431833378,1415.4693808976517,1062697.9081392775
2025-04-26T00:00:00.000+0000,588117.2912536013,1415.4693808976517,1063647.1933787717
2025-04-26T00:10:00.000+0000,586067.9335923699,1415.4693808976517,1065118.2696560188
2025-04-26T00:20:00.000+0000,589141.9700842181,1415.4693808976517,1065703.5211726583
2025-04-26T00:30:00.000+0000,595582.80844809,1415.4693808976517,1064419.6558730137
2025-04-26T00:40:00.000+0000,604073.0044731939,1415.4693808976517,1065311.1182076796
2025-04-26T00:50:00.000+0000,610074.6947668019,1415.4693808976517,1067778.6578866462
2025-04-26T01:00:00.000+0000,620028.7176927854,1415.4693808976517,1065710.104301411
2025-04-26T01:10:00.000+0000,626615.9387467463,1415.4693808976517,1067772.6504505717
2025-04-26T01:20:00.000+0000,616369.1504405858,1415.4693808976517,1070501.634704506
2025-04-26T01:30:00.000+0000,600267.0545309059,1415.4693808976517,1071691.4290935912
2025-04-26T01:40:00.000+0000,599388.758390378,1415.4693808976517,1072347.5733139971
2025-04-26T01:50:00.000+0000,607732.5717253935,1415.4693808976517,1071991.3934129216
2025-04-26T02:00:00.000+0000,611977.6697379457,1415.4693808976517,1070693.4591556771
2025-04-26T02:10:00.000+0000,616369.1504405858,1415.4693808976517,1069264.4654443162
2025-04-26T02:20:00.000+0000,601145.3506714338,1415.4693808976517,1069913.4328412262
2025-04-26T02:30:00.000+0000,594558.1296174737,1415.4693808976517,1069673.5307471883
2025-04-26T02:40:00.000+0000,588995.5873941295,1415.4693808976517,1071369.2222401632
2025-04-26T02:50:00.000+0000,589873.8835346575,1415.4693808976517,1070633.689060398
2025-04-26T03:00:00.000+0000,589873.8835346575,1415.4693808976517,1069764.6670775772
2025-04-26T03:10:00.000+0000,582993.8971005214,1415.4693808976517,1069224.6069154232
2025-04-26T03:20:00.000+0000,583433.0451707854,1415.4693808976517,1066145.5423803101
2025-04-26T03:30:00.000+0000,585336.0201419299,1415.4693808976517,1066630.1639678145
2025-04-26T03:40:00.000+0000,597778.5487994099,1415.4693808976517,1066749.3610715521
2025-04-26T03:50:00.000+0000,586653.4643527222,1415.4693808976517,1065940.5768728205
2025-04-26T04:00:00.000+0000,588410.056633778,1415.4693808976517,1066504.7887162433
2025-04-26T04:10:00.000+0000,590459.4142950099,1415.4693808976517,1067072.3870086006
2025-04-26T04:20:00.000+0000,594850.8949976495,1415.4693808976517,1065084.98437388
2025-04-26T04:30:00.000+0000,608610.8678659216,1415.4693808976517,1063373.6074605808
2025-04-26T04:40:00.000+0000,608171.7197956579,1415.4693808976517,1064155.3941386016
2025-04-26T04:50:00.000+0000,636862.7270529058,1415.4693808976517,1063098.4603112184
2025-04-26T05:00:00.000+0000,641693.3558258094,1415.4693808976517,1062090.6191232686
2025-04-26T05:10:00.000+0000,641254.2077555454,1415.4693808976517,1061487.1461838656
2025-04-26T05:20:00.000+0000,648280.57687977,1415.4693808976517,1061647.5287785078
2025-04-26T05:30:00.000+0000,642718.0346564255,1415.4693808976517,1063979.597121425
2025-04-26T05:40:00.000+0000,635252.5174619377,1415.4693808976517,1064242.2890573167
2025-04-26T05:50:00.000+0000,631446.5675196495,1415.4693808976517,1065250.678608315
2025-04-26T06:00:00.000+0000,628079.765647626,1415.4693808976517,1065026.6956493268
2025-04-26T06:10:00.000+0000,627201.4695070978,1415.4693808976517,1065733.7813183893
2025-04-26T06:20:00.000+0000,629104.444478242,1415.4693808976517,1066010.3173595797
2025-04-26T06:30:00.000+0000,624566.5810855143,1415.4693808976517,1066690.6349479125
2025-04-26T06:40:00.000+0000,618564.8907919056,1415.4693808976517,1067784.9917935617
2025-04-26T06:50:00.000+0000,608903.6332460975,1415.4693808976517,1068416.1298886759
2025-04-26T07:00:00.000+0000,607439.8063452177,1415.4693808976517,1068671.4992132825
2025-04-26T07:10:00.000+0000,603633.8564029299,1415.4693808976517,1069602.3652301244
2025-04-26T07:20:00.000+0000,603194.7083326657,1415.4693808976517,1069944.608287645
2025-04-26T07:30:00.000+0000,611684.90435777,1415.4693808976517,1069269.4042798572
2025-04-26T07:40:00.000+0000,614173.410089266,1415.4693808976517,1068084.5050222033
2025-04-26T07:50:00.000+0000,624127.4330152501,1415.4693808976517,1067001.8210528921
2025-04-26T08:00:00.000+0000,621053.3965234017,1415.4693808976517,1066704.7985485713
2025-04-26T08:10:00.000+0000,621931.6926639298,1415.4693808976517,1065139.580604242
2025-04-26T08:20:00.000+0000,601877.2641218739,1415.4693808976517,1067798.0465862467
2025-04-26T08:30:00.000+0000,603341.0910227539,1415.4693808976517,1070914.8160925645
2025-04-26T08:40:00.000+0000,620175.1003828737,1415.4693808976517,1065943.008680996
2025-04-26T08:50:00.000+0000,630714.6540692098,1415.4693808976517,1064707.0819346923
2025-04-26T09:00:00.000+0000,642864.4173465141,1415.4693808976517,1063398.8551077305
2025-04-26T09:10:00.000+0000,639204.8500943136,1415.4693808976517,1064670.0542568467
2025-04-26T09:20:00.000+0000,637887.4058835213,1415.4693808976517,1063337.0552965356
2025-04-26T09:30:00.000+0000,651500.9960617055,1415.4693808976517,1059253.6105349576
2025-04-26T09:40:00.000+0000,659698.4267066338,1415.4693808976517,1059183.8092272512
2025-04-26T09:50:00.000+0000,661601.401677778,1415.4693808976517,1059937.950584993
2025-04-26T10:00:00.000+0000,651208.2306815297,1415.4693808976517,1060339.5737631277
2025-04-26T10:10:00.000+0000,656331.6248346096,1415.4693808976517,1060837.1166431862
2025-04-26T10:20:00.000+0000,666432.0304506811,1415.4693808976517,1061541.2382740057
2025-04-26T10:30:00.000+0000,653111.2056526741,1415.4693808976517,1061789.8513167226
2025-04-26T10:40:00.000+0000,649744.4037806496,1415.4693808976517,1062175.8957458923
2025-04-26T10:50:00.000+0000,649744.4037806496,1415.4693808976517,1060585.3873176724
2025-04-26T11:00:00.000+0000,654721.4152436418,1415.4693808976517,1059227.9134604216
2025-04-26T11:10:00.000+0000,671116.2765334975,1415.4693808976517,1058602.1012154198
2025-04-26T11:20:00.000+0000,675068.6091658737,1415.4693808976517,1056652.2786369799
2025-04-26T11:30:00.000+0000,678874.5591081618,1415.4693808976517,1056104.4906054046
2025-04-26T11:40:00.000+0000,690292.4089350256,1415.4693808976517,1054081.8423609254
2025-04-26T11:50:00.000+0000,696586.8646088094,1415.4693808976517,1053264.4353819508
2025-04-26T12:00:00.000+0000,694244.741567402,1415.4693808976517,1055335.426883473
2025-04-26T12:10:00.000+0000,701856.6414519772,1415.4693808976517,1056893.6765357042
2025-04-26T12:20:00.000+0000,697465.1607493378,1415.4693808976517,1056525.2949713161
2025-04-26T12:30:00.000+0000,692341.7665962575,1415.4693808976517,1057041.416294061
2025-04-26T12:40:00.000+0000,701271.1106916253,1415.4693808976517,1056229.763201003
2025-04-26T12:50:00.000+0000,699953.6664808332,1415.4693808976517,1055609.4877431716
2025-04-26T13:00:00.000+0000,693805.5934971375,1415.4693808976517,1056093.680221721
2025-04-26T13:10:00.000+0000,697757.9261295139,1415.4693808976517,1056019.1118812424
2025-04-26T13:20:00.000+0000,697904.3088196021,1415.4693808976517,1054553.859173283
2025-04-26T13:30:00.000+0000,709907.6894068177,1415.4693808976517,1053603.3659665124
2025-04-26T13:40:00.000+0000,712688.9605184898,1415.4693808976517,1051679.7593675843
2025-04-26T13:50:00.000+0000,717665.9719814816,1415.4693808976517,1054358.910167043
2025-04-26T14:00:00.000+0000,707126.4182951461,1415.4693808976517,1054215.1143424516
2025-04-26T14:10:00.000+0000,712835.3432085778,1415.4693808976517,1054192.5976089712
2025-04-26T14:20:00.000+0000,714445.5527995456,1415.4693808976517,1054033.7684740862
2025-04-26T14:30:00.000+0000,700100.0491709216,1415.4693808976517,1056590.5088561508
2025-04-26T14:40:00.000+0000,696001.3338484576,1415.4693808976517,1057034.5520083038
2025-04-26T14:50:00.000+0000,690146.0262449384,1415.4693808976517,1056904.5335478743
2025-04-26T15:00:00.000+0000,682241.3609801857,1415.4693808976517,1057469.140177283
2025-04-26T15:10:00.000+0000,674775.843785698,1415.4693808976517,1058335.4058394656
2025-04-26T15:20:00.000+0000,669359.684252441,1415.4693808976517,1058380.9303273384
2025-04-26T15:30:00.000+0000,668042.2400416496,1415.4693808976517,1059729.8280328326
2025-04-26T15:40:00.000+0000,675361.3745460495,1415.4693808976517,1059665.2978981205
2025-04-26T15:50:00.000+0000,669652.4496326178,1415.4693808976517,1061081.1987735166
2025-04-26T16:00:00.000+0000,678581.7937279862,1415.4693808976517,1058964.9505445994
2025-04-26T16:10:00.000+0000,675068.6091658737,1415.4693808976517,1059270.2994065469
2025-04-26T16:20:00.000+0000,667310.3265912095,1415.4693808976517,1060450.1885355618
2025-04-26T16:30:00.000+0000,671262.6592235855,1415.4693808976517,1059474.5101837504
2025-04-26T16:40:00.000+0000,673458.3995749059,1415.4693808976517,1057638.5923681124
2025-04-26T16:50:00.000+0000,664821.8208597135,1415.4693808976517,1059339.0886777812
2025-04-26T17:00:00.000+0000,676093.28799649,1415.4693808976517,1059979.3756750943
2025-04-26T17:10:00.000+0000,666578.4131407699,1415.4693808976517,1059515.314803913
2025-04-26T17:20:00.000+0000,663065.2285786578,1415.4693808976517,1059889.618300958
2025-04-26T17:30:00.000+0000,658380.9824958417,1415.4693808976517,1060949.504657001
2025-04-26T17:40:00.000+0000,656624.3902147856,1415.4693808976517,1060939.6077049207
2025-04-26T17:50:00.000+0000,656331.6248346096,1415.4693808976517,1060483.6276719803
2025-04-26T18:00:00.000+0000,657063.5382850495,1415.4693808976517,1059736.4819359663
2025-04-26T18:10:00.000+0000,667163.9439011217,1415.4693808976517,1059408.757317008
2025-04-26T18:20:00.000+0000,672580.1034343779,1415.4693808976517,1059883.171856071
2025-04-26T18:30:00.000+0000,673897.5476451697,1415.4693808976517,1060859.4875710183
2025-04-26T18:40:00.000+0000,664382.6727894495,1415.4693808976517,1060379.4982015053
2025-04-26T18:50:00.000+0000,665114.58623989,1415.4693808976517,1058680.57248629
2025-04-26T19:00:00.000+0000,677849.8802775452,1415.4693808976517,1058102.8285208736
2025-04-26T19:10:00.000+0000,675654.1399262253,1415.4693808976517,1057771.2537795568
2025-04-26T19:20:00.000+0000,667895.8573515613,1415.4693808976517,1058925.9454222962
2025-04-26T19:30:00.000+0000,665260.9689299774,1415.4693808976517,1059395.3819915294
2025-04-26T19:40:00.000+0000,664382.6727894495,1415.4693808976517,1060380.7640653525
2025-04-26T19:50:00.000+0000,665260.9689299774,1415.4693808976517,1061301.273472077
2025-04-26T20:00:00.000+0000,664968.2035498018,1415.4693808976517,1062888.7042152137
2025-04-26T20:10:00.000+0000,665700.1170002418,1415.4693808976517,1061493.7666135407
2025-04-26T20:20:00.000+0000,666285.6477605937,1415.4693808976517,1060658.154291207
2025-04-26T20:30:00.000+0000,663943.5247191858,1415.4693808976517,1060609.8155861257
2025-04-26T20:40:00.000+0000,668042.2400416496,1415.4693808976517,1060751.5396004182
2025-04-26T20:50:00.000+0000,670530.7457731459,1415.4693808976517,1058569.8580001188
2025-04-26T21:00:00.000+0000,665846.4996903299,1415.4693808976517,1059105.063774857
2025-04-26T21:10:00.000+0000,669066.918872266,1415.4693808976517,1060566.9640796338
2025-04-26T21:20:00.000+0000,674483.0784055213,1415.4693808976517,1060491.799120035
2025-04-26T21:30:00.000+0000,671116.2765334975,1415.4693808976517,1061037.415368216
2025-04-26T21:40:00.000+0000,670384.3630830577,1415.4693808976517,1061419.789785786
2025-04-26T21:50:00.000+0000,673019.2515046417,1415.4693808976517,1060731.3356089427
2025-04-26T22:00:00.000+0000,663065.2285786578,1415.4693808976517,1061599.712457213
2025-04-26T22:10:00.000+0000,647548.6634293298,1415.4693808976517,1064352.9759545
2025-04-26T22:20:00.000+0000,634959.7520817614,1415.4693808976517,1065454.9470048724
2025-04-26T22:30:00.000+0000,644035.4788672178,1415.4693808976517,1065506.320245361
2025-04-26T22:40:00.000+0000,622078.0753540176,1415.4693808976517,1066268.3264157486
2025-04-26T22:50:00.000+0000,618418.5081018177,1415.4693808976517,1063957.151403825
2025-04-26T23:00:00.000+0000,626615.9387467463,1415.4693808976517,1064490.9926741298
2025-04-26T23:10:00.000+0000,641693.3558258094,1415.4693808976517,1063278.9484982493
2025-04-26T23:20:00.000+0000,640229.5289249297,1415.4693808976517,1064473.9449135326
2025-04-26T23:30:00.000+0000,643010.8000366018,1415.4693808976517,1063711.5324297168
2025-04-26T23:40:00.000+0000,648426.9595698577,1415.4693808976517,1063870.2865154757
2025-04-26T23:50:00.000+0000,657502.6863553134,1415.4693808976517,1064705.1652754648
2025-04-27T00:00:00.000+0000,649598.0210905618,1415.4693808976517,1064753.7730735333
2025-04-27T00:10:00.000+0000,632178.4809700899,1415.4693808976517,1068736.4898019654
2025-04-27T00:20:00.000+0000,620907.0138333136,1415.4693808976517,1070854.3517928708
2025-04-27T00:30:00.000+0000,614027.0273991775,1415.4693808976517,1071595.188045081
2025-04-27T00:40:00.000+0000,616076.3850604101,1415.4693808976517,1071291.6536872466
2025-04-27T00:50:00.000+0000,623541.9022548976,1415.4693808976517,1071491.9966351027
2025-04-27T01:00:00.000+0000,635838.0482222897,1415.4693808976517,1070746.3252764752
2025-04-27T01:10:00.000+0000,626615.9387467463,1415.4693808976517,1071513.5198171756
2025-04-27T01:20:00.000+0000,650037.1691608259,1415.4693808976517,1064006.0017611845
2025-04-27T01:30:00.000+0000,667895.8573515613,1415.4693808976517,1056008.140685657
2025-04-27T01:40:00.000+0000,679460.0898685141,1415.4693808976517,1058101.9295410893
2025-04-27T01:50:00.000+0000,690146.0262449384,1415.4693808976517,1052447.570863695
2025-04-27T02:00:00.000+0000,690585.1743152014,1415.4693808976517,1053701.0149463487
2025-04-27T02:10:00.000+0000,672872.8688145533,1415.4693808976517,1057479.0848310003
2025-04-27T02:20:00.000+0000,675068.6091658737,1415.4693808976517,1059431.0094916043
2025-04-27T02:30:00.000+0000,676532.4360667544,1415.4693808976517,1057533.7209737266
2025-04-27T02:40:00.000+0000,687950.2858936184,1415.4693808976517,1053972.9608460725
2025-04-27T02:50:00.000+0000,696733.2472988976,1415.4693808976517,1054652.5735342002
2025-04-27T03:00:00.000+0000,693220.0627367854,1415.4693808976517,1057261.8267910266
2025-04-27T03:10:00.000+0000,690438.7916251139,1415.4693808976517,1056986.6670410708
2025-04-27T03:20:00.000+0000,688682.1993440577,1415.4693808976517,1054775.1300166012
2025-04-27T03:30:00.000+0000,686047.3109224737,1415.4693808976517,1055174.5725667758
2025-04-27T03:40:00.000+0000,683412.4225008896,1415.4693808976517,1056377.1821314904
2025-04-27T03:50:00.000+0000,685169.0147819457,1415.4693808976517,1055477.2648039637
2025-04-27T04:00:00.000+0000,684729.8667116815,1415.4693808976517,1056663.1769118821
2025-04-27T04:10:00.000+0000,675068.6091658737,1415.4693808976517,1057341.6984811667
2025-04-27T04:20:00.000+0000,672872.8688145533,1415.4693808976517,1057122.4712868668
2025-04-27T04:30:00.000+0000,683558.8051909776,1415.4693808976517,1053688.1558251102
2025-04-27T04:40:00.000+0000,701417.4933817139,1415.4693808976517,1053412.4678068964
2025-04-27T04:50:00.000+0000,705369.8260140902,1415.4693808976517,1052064.949334872
2025-04-27T05:00:00.000+0000,711810.664377962,1415.4693808976517,1052140.5878856105
2025-04-27T05:10:00.000+0000,716494.9104607777,1415.4693808976517,1052719.4709487248
2025-04-27T05:20:00.000+0000,720593.6257832418,1415.4693808976517,1047564.3935510837
2025-04-27T05:30:00.000+0000,730986.7967794897,1415.4693808976517,1048618.2754311464
2025-04-27T05:40:00.000+0000,734353.5986515143,1415.4693808976517,1050668.7496253797
2025-04-27T05:50:00.000+0000,737866.7832136255,1415.4693808976517,1050387.0118352084
2025-04-27T06:00:00.000+0000,722642.9834444737,1415.4693808976517,1051503.1218216282
2025-04-27T06:10:00.000+0000,731279.562159666,1415.4693808976517,1052612.946434421
2025-04-27T06:20:00.000+0000,722057.4526841217,1415.4693808976517,1052700.4786984127
2025-04-27T06:30:00.000+0000,724253.1930354412,1415.4693808976517,1053372.0309203072
2025-04-27T06:40:00.000+0000,731718.7102299294,1415.4693808976517,1052211.4216375144
2025-04-27T06:50:00.000+0000,724545.958415618,1415.4693808976517,1052269.026111087
2025-04-27T07:00:00.000+0000,721911.069994034,1415.4693808976517,1053341.6059472882
2025-04-27T07:10:00.000+0000,716055.762390514,1415.4693808976517,1052402.6009362761
2025-04-27T07:20:00.000+0000,711371.5163076977,1415.4693808976517,1054869.6396944735
2025-04-27T07:30:00.000+0000,716055.762390514,1415.4693808976517,1055088.3249467716
2025-04-27T07:40:00.000+0000,704491.5298735616,1415.4693808976517,1055691.3390419297
2025-04-27T07:50:00.000+0000,706540.8875347938,1415.4693808976517,1055408.299732433
2025-04-27T08:00:00.000+0000,712103.4297581378,1415.4693808976517,1055023.5887041804
2025-04-27T08:10:00.000+0000,699368.1357204821,1415.4693808976517,1055874.4139109903
2025-04-27T08:20:00.000+0000,703027.7029726816,1415.4693808976517,1057774.011709921
2025-04-27T08:30:00.000+0000,704784.2952537376,1415.4693808976517,1058972.704947717
2025-04-27T08:40:00.000+0000,697611.5434394256,1415.4693808976517,1059482.6800042198
2025-04-27T08:50:00.000+0000,696586.8646088094,1415.4693808976517,1059508.467134135
2025-04-27T09:00:00.000+0000,701124.7280015373,1415.4693808976517,1058743.8359612213
2025-04-27T09:10:00.000+0000,714299.1701094577,1415.4693808976517,1058113.9471139743
2025-04-27T09:20:00.000+0000,713713.6393491057,1415.4693808976517,1058419.2407622281
2025-04-27T09:30:00.000+0000,714738.3181797216,1415.4693808976517,1058519.1647180072
2025-04-27T09:40:00.000+0000,705077.060633914,1415.4693808976517,1059705.5675696204
2025-04-27T09:50:00.000+0000,707711.9490554975,1415.4693808976517,1059474.4691803765
2025-04-27T10:00:00.000+0000,702734.9375925058,1415.4693808976517,1058896.1307421415
2025-04-27T10:10:00.000+0000,700539.1972411855,1415.4693808976517,1058844.1641019855
2025-04-27T10:20:00.000+0000,709175.7759563781,1415.4693808976517,1058010.8082526713
2025-04-27T10:30:00.000+0000,714299.1701094577,1415.4693808976517,1057273.1957684094
2025-04-27T10:40:00.000+0000,717519.5892913935,1415.4693808976517,1058021.2835981655
2025-04-27T10:50:00.000+0000,707419.1836753216,1415.4693808976517,1058874.26397239
2025-04-27T11:00:00.000+0000,705369.8260140902,1415.4693808976517,1057424.8783873809
2025-04-27T11:10:00.000+0000,710346.8374770822,1415.4693808976517,1057212.044570576
2025-04-27T11:20:00.000+0000,710785.9855473455,1415.4693808976517,1057436.0597062316
2025-04-27T11:30:00.000+0000,707126.4182951461,1415.4693808976517,1057888.5015822593
2025-04-27T11:40:00.000+0000,707858.3317455858,1415.4693808976517,1057573.6795114323
2025-04-27T11:50:00.000+0000,707419.1836753216,1415.4693808976517,1056906.1358181373
2025-04-27T12:00:00.000+0000,707126.4182951461,1415.4693808976517,1055623.3026676143
2025-04-27T12:10:00.000+0000,711957.0470680498,1415.4693808976517,1055170.0309943159
2025-04-27T12:20:00.000+0000,714006.4047292816,1415.4693808976517,1054292.4738809713
2025-04-27T12:30:00.000+0000,721764.6873039454,1415.4693808976517,1052807.9590159205
2025-04-27T12:40:00.000+0000,709029.3932662895,1415.4693808976517,1054339.510011435
2025-04-27T12:50:00.000+0000,705077.060633914,1415.4693808976517,1053520.8543211685
2025-04-27T13:00:00.000+0000,704052.3818032974,1415.4693808976517,1050379.5217494753
2025-04-27T13:10:00.000+0000,702442.1722123303,1415.4693808976517,1053090.5180181551
2025-04-27T13:20:00.000+0000,698928.987650218,1415.4693808976517,1053005.6029852754
2025-04-27T13:30:00.000+0000,692049.0012160817,1415.4693808976517,1054429.5450459067
2025-04-27T13:40:00.000+0000,688974.9647242341,1415.4693808976517,1056970.378097581
2025-04-27T13:50:00.000+0000,674922.2264757856,1415.4693808976517,1056744.139738724
2025-04-27T14:00:00.000+0000,671848.1899839381,1415.4693808976517,1057435.53785902
2025-04-27T14:10:00.000+0000,681363.0648396576,1415.4693808976517,1056900.279812824
2025-04-27T14:20:00.000+0000,677117.9668271057,1415.4693808976517,1059730.7154851742
2025-04-27T14:30:00.000+0000,680338.3860090418,1415.4693808976517,1059491.0208493832
2025-04-27T14:40:00.000+0000,685754.5455422978,1415.4693808976517,1058516.0449742582
2025-04-27T14:50:00.000+0000,686193.6936125614,1415.4693808976517,1057920.1511385345
2025-04-27T15:00:00.000+0000,681948.59560001,1415.4693808976517,1055893.8205590798
2025-04-27T15:10:00.000+0000,678289.0283478093,1415.4693808976517,1057312.2542531802
2025-04-27T15:20:00.000+0000,666432.0304506811,1415.4693808976517,1055679.578569449
2025-04-27T15:30:00.000+0000,662186.9324381293,1415.4693808976517,1056201.7445756143
2025-04-27T15:40:00.000+0000,663211.611268746,1415.4693808976517,1056595.7722934484
2025-04-27T15:50:00.000+0000,651647.3787517936,1415.4693808976517,1057182.64317933
2025-04-27T16:00:00.000+0000,651793.7614418819,1415.4693808976517,1057396.1443717775
2025-04-27T16:10:00.000+0000,656770.7729048738,1415.4693808976517,1056305.228929398
2025-04-27T16:20:00.000+0000,669359.684252441,1415.4693808976517,1055800.7914559995
2025-04-27T16:30:00.000+0000,676678.8187568416,1415.4693808976517,1054187.8466913207
2025-04-27T16:40:00.000+0000,685461.7801621224,1415.4693808976517,1055252.4124304168
2025-04-27T16:50:00.000+0000,685022.6320918581,1415.4693808976517,1055089.4994584478
2025-04-27T17:00:00.000+0000,678289.0283478093,1415.4693808976517,1055525.854966478
2025-04-27T17:10:00.000+0000,666139.2650705059,1415.4693808976517,1057339.0236664189
2025-04-27T17:20:00.000+0000,664968.2035498018,1415.4693808976517,1058582.0870109196
2025-04-27T17:30:00.000+0000,670677.1284632339,1415.4693808976517,1057335.8489504762
2025-04-27T17:40:00.000+0000,661894.167057954,1415.4693808976517,1058053.4453432942
2025-04-27T17:50:00.000+0000,682387.7436702738,1415.4693808976517,1059127.3392994143
2025-04-27T18:00:00.000+0000,678581.7937279862,1415.4693808976517,1058372.9886143408
2025-04-27T18:10:00.000+0000,668774.1534920898,1415.4693808976517,1060205.8729677226
2025-04-27T18:20:00.000+0000,665114.58623989,1415.4693808976517,1061085.3440216999
2025-04-27T18:30:00.000+0000,664382.6727894495,1415.4693808976517,1061637.4252176909
2025-04-27T18:40:00.000+0000,655160.5633139057,1415.4693808976517,1063457.7677810336
2025-04-27T18:50:00.000+0000,655599.7113841699,1415.4693808976517,1062602.5612235134
2025-04-27T19:00:00.000+0000,665992.8823804177,1415.4693808976517,1062258.0898363953
2025-04-27T19:10:00.000+0000,684437.1013315059,1415.4693808976517,1061574.479610535
2025-04-27T19:20:00.000+0000,687071.9897530897,1415.4693808976517,1061448.4806695725
2025-04-27T19:30:00.000+0000,685461.7801621224,1415.4693808976517,1062480.6297630135
2025-04-27T19:40:00.000+0000,687511.1378233541,1415.4693808976517,1063060.2091411261
2025-04-27T19:50:00.000+0000,691317.087765642,1415.4693808976517,1063896.45238769
2025-04-27T20:00:00.000+0000,684876.2494017698,1415.4693808976517,1061811.053670926
2025-04-27T20:10:00.000+0000,695708.5684682816,1415.4693808976517,1061551.6002320186
2025-04-27T20:20:00.000+0000,699368.1357204821,1415.4693808976517,1059732.9729956267
2025-04-27T20:30:00.000+0000,700978.3453114498,1415.4693808976517,1060347.2225323196
2025-04-27T20:40:00.000+0000,698928.987650218,1415.4693808976517,1060023.2092055515
2025-04-27T20:50:00.000+0000,697172.395369162,1415.4693808976517,1059604.1539351258
2025-04-27T21:00:00.000+0000,708004.714435674,1415.4693808976517,1058219.749834876
2025-04-27T21:10:00.000+0000,715762.9970103374,1415.4693808976517,1058360.4049892765
2025-04-27T21:20:00.000+0000,708590.2451960254,1415.4693808976517,1060232.6659545628
2025-04-27T21:30:00.000+0000,686193.6936125614,1415.4693808976517,1061254.268686629
2025-04-27T21:40:00.000+0000,686632.8416828257,1415.4693808976517,1062370.1243090979
2025-04-27T21:50:00.000+0000,690877.9396953778,1415.4693808976517,1061467.0869606053
2025-04-27T22:00:00.000+0000,700100.0491709216,1415.4693808976517,1056960.1179638896
2025-04-27T22:10:00.000+0000,718397.8854319219,1415.4693808976517,1055386.1483268656
2025-04-27T22:20:00.000+0000,709614.9240266419,1415.4693808976517,1054481.4634478502
2025-04-27T22:30:00.000+0000,712542.5778284018,1415.4693808976517,1052875.209037717
2025-04-27T22:40:00.000+0000,706833.6529149694,1415.4693808976517,1054863.876722492
2025-04-27T22:50:00.000+0000,707126.4182951461,1415.4693808976517,1055723.0837599805
2025-04-27T23:00:00.000+0000,707858.3317455858,1415.4693808976517,1053528.4564797326
2025-04-27T23:10:00.000+0000,720154.4777129776,1415.4693808976517,1053253.0573899385
2025-04-27T23:20:00.000+0000,721325.5392336815,1415.4693808976517,1054538.2721699043
2025-04-27T23:30:00.000+0000,728644.6737380816,1415.4693808976517,1054757.0994718228
2025-04-27T23:40:00.000+0000,732743.3890605454,1415.4693808976517,1053690.1880181208
2025-04-27T23:50:00.000+0000,737427.6351433614,1415.4693808976517,1053610.312312594
2025-04-28T00:00:00.000+0000,738305.93128389,1415.4693808976517,1047755.8580758134
2025-04-28T00:10:00.000+0000,735378.2774821296,1415.4693808976517,1047233.2442162703
2025-04-28T00:20:00.000+0000,729815.7352587854,1415.4693808976517,1047707.6246917229
2025-04-28T00:30:00.000+0000,727619.9949074654,1415.4693808976517,1050446.9425008898
2025-04-28T00:40:00.000+0000,735817.4255523934,1415.4693808976517,1047479.2842328432
2025-04-28T00:50:00.000+0000,747235.2753792572,1415.4693808976517,1046835.6193718023
2025-04-28T01:00:00.000+0000,749577.3984206661,1415.4693808976517,1045461.1350013004
2025-04-28T01:10:00.000+0000,765972.2597105219,1415.4693808976517,1044959.1721906768
2025-04-28T01:20:00.000+0000,783099.0344508172,1415.4693808976517,1041875.6829136781
2025-04-28T01:30:00.000+0000,793053.0573768014,1415.4693808976517,1035689.3617698504
2025-04-28T01:40:00.000+0000,792760.2919966257,1415.4693808976517,1035689.7962267007
2025-04-28T01:50:00.000+0000,792174.761236274,1415.4693808976517,1037304.6099132523
2025-04-28T02:00:00.000+0000,787197.7497732816,1415.4693808976517,1037181.1949535832
2025-04-28T02:10:00.000+0000,769485.4442726335,1415.4693808976517,1039520.3165375816
2025-04-28T02:20:00.000+0000,753236.9656728659,1415.4693808976517,1041576.3122355147
2025-04-28T02:30:00.000+0000,755432.7060241855,1415.4693808976517,1042426.2593889823
2025-04-28T02:40:00.000+0000,753383.348362954,1415.4693808976517,1042424.3127529656
2025-04-28T02:50:00.000+0000,743722.0908171455,1415.4693808976517,1043973.0881231661
2025-04-28T03:00:00.000+0000,736988.4870730973,1415.4693808976517,1042824.2886599354
2025-04-28T03:10:00.000+0000,728937.4391182573,1415.4693808976517,1043242.7625947115
2025-04-28T03:20:00.000+0000,724399.5757255295,1415.4693808976517,1046995.3066710206
2025-04-28T03:30:00.000+0000,714299.1701094577,1415.4693808976517,1051590.8535130941
2025-04-28T03:40:00.000+0000,689999.6435548497,1415.4693808976517,1052222.369518856
2025-04-28T03:50:00.000+0000,691317.087765642,1415.4693808976517,1053706.471094998
2025-04-28T04:00:00.000+0000,690292.4089350256,1415.4693808976517,1054886.1774303776
2025-04-28T04:10:00.000+0000,669213.301562354,1415.4693808976517,1055732.035935441
2025-04-28T04:20:00.000+0000,658966.513256194,1415.4693808976517,1056368.6379149016
2025-04-28T04:30:00.000+0000,662186.9324381293,1415.4693808976517,1057419.768545005
2025-04-28T04:40:00.000+0000,660723.1055372498,1415.4693808976517,1056575.1335500465
2025-04-28T04:50:00.000+0000,662626.0805083934,1415.4693808976517,1055480.1428379316
2025-04-28T05:00:00.000+0000,665553.7343101535,1415.4693808976517,1055558.7952927114
2025-04-28T05:10:00.000+0000,658088.2171156657,1415.4693808976517,1057860.2885643574
2025-04-28T05:20:00.000+0000,656038.8594544339,1415.4693808976517,1058236.345726709
2025-04-28T05:30:00.000+0000,656185.2421445217,1415.4693808976517,1057705.5612329042
2025-04-28T05:40:00.000+0000,655014.180623818,1415.4693808976517,1058520.764806251
2025-04-28T05:50:00.000+0000,646231.2192185376,1415.4693808976517,1058952.3165707383
2025-04-28T06:00:00.000+0000,628226.1483377138,1415.4693808976517,1061535.6352822748
2025-04-28T06:10:00.000+0000,615490.8543000576,1415.4693808976517,1061827.1971217021
2025-04-28T06:20:00.000+0000,609781.9293866256,1415.4693808976517,1061598.5907892878
2025-04-28T06:30:00.000+0000,616661.9158207618,1415.4693808976517,1062641.4379699407
2025-04-28T06:40:00.000+0000,608171.7197956579,1415.4693808976517,1065085.0122758027
2025-04-28T06:50:00.000+0000,618418.5081018177,1415.4693808976517,1064990.085570852
2025-04-28T07:00:00.000+0000,620175.1003828737,1415.4693808976517,1065898.2244358724
2025-04-28T07:10:00.000+0000,612416.8178082097,1415.4693808976517,1065316.929194233
2025-04-28T07:20:00.000+0000,613441.4966388256,1415.4693808976517,1066870.6278571459
2025-04-28T07:30:00.000+0000,597632.1661093218,1415.4693808976517,1067690.9833315345
2025-04-28T07:40:00.000+0000,595582.80844809,1415.4693808976517,1067594.1576922045
2025-04-28T07:50:00.000+0000,611392.1389775935,1415.4693808976517,1067310.6667733025
2025-04-28T08:00:00.000+0000,596314.7218985299,1415.4693808976517,1066670.3969285442
2025-04-28T08:10:00.000+0000,595290.0430679135,1415.4693808976517,1067657.869834306
2025-04-28T08:20:00.000+0000,594558.1296174737,1415.4693808976517,1067487.3455819907
2025-04-28T08:30:00.000+0000,593387.06809677,1415.4693808976517,1068752.0698834397
2025-04-28T08:40:00.000+0000,594850.8949976495,1415.4693808976517,1068160.597069291
2025-04-28T08:50:00.000+0000,589873.8835346575,1415.4693808976517,1067573.1330431
2025-04-28T09:00:00.000+0000,577284.9721870901,1415.4693808976517,1069487.3792661955
2025-04-28T09:10:00.000+0000,574650.0837655056,1415.4693808976517,1068596.6116546607
2025-04-28T09:20:00.000+0000,568648.3934718977,1415.4693808976517,1069120.969539011
2025-04-28T09:30:00.000+0000,578163.2683276178,1415.4693808976517,1070124.8973422777
2025-04-28T09:40:00.000+0000,572600.7261042736,1415.4693808976517,1070031.6690889404
2025-04-28T09:50:00.000+0000,572600.7261042736,1415.4693808976517,1069375.8593701478
2025-04-28T10:00:00.000+0000,575674.762596122,1415.4693808976517,1063478.8347481627
2025-04-28T10:10:00.000+0000,586653.4643527222,1415.4693808976517,1066094.823396154
2025-04-28T10:20:00.000+0000,593387.06809677,1415.4693808976517,1063105.3862674334
2025-04-28T10:30:00.000+0000,574357.3183853298,1415.4693808976517,1068864.5267846922
2025-04-28T10:40:00.000+0000,562793.0858683779,1415.4693808976517,1075681.3955483434
2025-04-28T10:50:00.000+0000,574942.8491456814,1415.4693808976517,1074112.9254332855
2025-04-28T11:00:00.000+0000,573039.8741745376,1415.4693808976517,1072335.1767930312
2025-04-28T11:10:00.000+0000,579041.5644681461,1415.4693808976517,1073479.9473377957
2025-04-28T11:20:00.000+0000,588702.8220139539,1415.4693808976517,1074605.884592924
2025-04-28T11:30:00.000+0000,584018.5759311379,1415.4693808976517,1076097.0372638456
2025-04-28T11:40:00.000+0000,586214.3162824581,1415.4693808976517,1074330.644705305
2025-04-28T11:50:00.000+0000,606415.1275146018,1415.4693808976517,1072557.7791503228
2025-04-28T12:00:00.000+0000,609196.398626274,1415.4693808976517,1069768.035282947
2025-04-28T12:10:00.000+0000,616808.29851085,1415.4693808976517,1069534.9966787326
2025-04-28T12:20:00.000+0000,621492.544593666,1415.4693808976517,1069234.8305441267
2025-04-28T12:30:00.000+0000,617979.3600315533,1415.4693808976517,1070116.196499238
2025-04-28T12:40:00.000+0000,596021.9565183537,1415.4693808976517,1070895.5230020205
2025-04-28T12:50:00.000+0000,601291.7333615216,1415.4693808976517,1069231.333372729
2025-04-28T13:00:00.000+0000,602316.4121921374,1415.4693808976517,1068639.0648070618
2025-04-28T13:10:00.000+0000,600706.20260117,1415.4693808976517,1067191.3047708415
2025-04-28T13:20:00.000+0000,615344.4716099693,1415.4693808976517,1063899.318250487
2025-04-28T13:30:00.000+0000,623249.1368747219,1415.4693808976517,1058183.8043777319
2025-04-28T13:40:00.000+0000,633935.0732511455,1415.4693808976517,1058683.522555713
2025-04-28T13:50:00.000+0000,655453.3286940814,1415.4693808976517,1053355.619709053
2025-04-28T14:00:00.000+0000,653696.7364130258,1415.4693808976517,1053526.089007033
2025-04-28T14:10:00.000+0000,646670.367288802,1415.4693808976517,1057465.1356462105
2025-04-28T14:20:00.000+0000,643742.713487042,1415.4693808976517,1057251.084722488
2025-04-28T14:30:00.000+0000,658527.3651859298,1415.4693808976517,1052766.4649490872
2025-04-28T14:40:00.000+0000,665846.4996903299,1415.4693808976517,1054050.325142336
2025-04-28T14:50:00.000+0000,680045.6206288659,1415.4693808976517,1051742.1468818986
2025-04-28T15:00:00.000+0000,682973.2744306255,1415.4693808976517,1048744.8934559622
2025-04-28T15:10:00.000+0000,696440.4819187219,1415.4693808976517,1047319.6263024035
2025-04-28T15:20:00.000+0000,712396.1951383138,1415.4693808976517,1041954.6997932843
2025-04-28T15:30:00.000+0000,733768.0678911615,1415.4693808976517,1041262.1162061628
2025-04-28T15:40:00.000+0000,731133.1794695773,1415.4693808976517,1041393.4927321204
2025-04-28T15:50:00.000+0000,721471.9219237699,1415.4693808976517,1041488.2433416989
2025-04-28T16:00:00.000+0000,721618.3046138575,1415.4693808976517,1042156.8245498695
2025-04-28T16:10:00.000+0000,727034.4641471136,1415.4693808976517,1039528.9046819209
2025-04-28T16:20:00.000+0000,720300.8604030657,1415.4693808976517,1040121.1727288715
2025-04-28T16:30:00.000+0000,698050.6915096892,1415.4693808976517,1043285.4690736302
2025-04-28T16:40:00.000+0000,697757.9261295139,1415.4693808976517,1044583.0650910919
2025-04-28T16:50:00.000+0000,700100.0491709216,1415.4693808976517,1042294.7919759941
2025-04-28T17:00:00.000+0000,697904.3088196021,1415.4693808976517,1043082.6745357426
2025-04-28T17:10:00.000+0000,706101.7394645297,1415.4693808976517,1041615.3671700393
2025-04-28T17:20:00.000+0000,720447.2430931535,1415.4693808976517,1041808.0168486602
2025-04-28T17:30:00.000+0000,720447.2430931535,1415.4693808976517,1041169.1988808375
2025-04-28T17:40:00.000+0000,718837.0335021858,1415.4693808976517,1045212.0048869746
2025-04-28T17:50:00.000+0000,714299.1701094577,1415.4693808976517,1047912.1854240755
2025-04-28T18:00:00.000+0000,716348.5277706899,1415.4693808976517,1047955.2084739776
2025-04-28T18:10:00.000+0000,738891.4620442416,1415.4693808976517,1045143.1193986728
2025-04-28T18:20:00.000+0000,739476.992804594,1415.4693808976517,1046311.088817314
2025-04-28T18:30:00.000+0000,735817.4255523934,1415.4693808976517,1045576.5625854833
2025-04-28T18:40:00.000+0000,738452.3139739773,1415.4693808976517,1047315.1932346697
2025-04-28T18:50:00.000+0000,723374.8968949135,1415.4693808976517,1049231.7310318288
2025-04-28T19:00:00.000+0000,703905.9991132095,1415.4693808976517,1049559.9721322441
2025-04-28T19:10:00.000+0000,706394.5048447056,1415.4693808976517,1053886.429609827
2025-04-28T19:20:00.000+0000,702881.320282594,1415.4693808976517,1057703.5928030761
2025-04-28T19:30:00.000+0000,685754.5455422978,1415.4693808976517,1058364.5311086671
2025-04-28T19:40:00.000+0000,681509.447529746,1415.4693808976517,1059107.8103657018
2025-04-28T19:50:00.000+0000,675507.757236138,1415.4693808976517,1059672.9179337383
2025-04-28T20:00:00.000+0000,688096.6685837053,1415.4693808976517,1055690.3834623666
2025-04-28T20:10:00.000+0000,691902.618525994,1415.4693808976517,1054373.7900881968
2025-04-28T20:20:00.000+0000,674629.4610956097,1415.4693808976517,1053863.2760319274
2025-04-28T20:30:00.000+0000,669359.684252441,1415.4693808976517,1053642.2080770358
2025-04-28T20:40:00.000+0000,664529.0554795378,1415.4693808976517,1051990.966291853
2025-04-28T20:50:00.000+0000,662918.8458885698,1415.4693808976517,1051839.1745958624
2025-04-28T21:00:00.000+0000,661601.401677778,1415.4693808976517,1052735.798212711
2025-04-28T21:10:00.000+0000,646670.367288802,1415.4693808976517,1051624.8315599852
2025-04-28T21:20:00.000+0000,581676.4528897296,1415.4693808976517,1051750.9409283348
2025-04-28T21:30:00.000+0000,612270.4351181218,1415.4693808976517,1052639.97526443
2025-04-28T21:40:00.000+0000,612709.5831883862,1415.4693808976517,1053290.0935458383
2025-04-28T21:50:00.000+0000,637009.1097429934,1415.4693808976517,1053479.355961732
2025-04-28T22:00:00.000+0000,655160.5633139057,1415.4693808976517,1055455.3947611833
2025-04-28T22:10:00.000+0000,670091.5977028818,1415.4693808976517,1055800.6755735641
2025-04-28T22:20:00.000+0000,694098.3588773134,1415.4693808976517,1054930.8607814608
2025-04-28T22:30:00.000+0000,685315.3974720336,1415.4693808976517,1054507.5085905911
2025-04-28T22:40:00.000+0000,637155.4924330816,1415.4693808976517,1056368.9069185946
2025-04-28T22:50:00.000+0000,633495.9251808817,1415.4693808976517,1059368.4894610164
2025-04-28T23:00:00.000+0000,644328.2442473937,1415.4693808976517,1059196.8368425122
2025-04-28T23:10:00.000+0000,633495.9251808817,1415.4693808976517,1058032.81696489
2025-04-28T23:20:00.000+0000,599827.9064606415,1415.4693808976517,1058499.170483286
2025-04-28T23:30:00.000+0000,576260.2933564737,1415.4693808976517,1058990.7884884519
2025-04-28T23:40:00.000+0000,562207.5551080254,1415.4693808976517,1058938.9454128516
2025-04-28T23:50:00.000+0000,541128.4477353541,1415.4693808976517,1058667.769267526
2025-04-29T00:00:00.000+0000,536736.9670327138,1415.4693808976517,1057584.4219379586
2025-04-29T00:10:00.000+0000,540250.1515948258,1415.4693808976517,1056950.7105752006
2025-04-29T00:20:00.000+0000,537761.6458633299,1415.4693808976517,1057554.882512479
2025-04-29T00:30:00.000+0000,520634.87112303363,1415.4693808976517,1059993.6128673581
2025-04-29T00:40:00.000+0000,520634.87112303363,1415.4693808976517,1059671.5244720902
2025-04-29T00:50:00.000+0000,509948.93474660954,1415.4693808976517,1058822.6405355427
2025-04-29T01:00:00.000+0000,502190.65217194526,1415.4693808976517,1060432.6493875417
2025-04-29T01:10:00.000+0000,495017.90035763365,1415.4693808976517,1057621.2223399838
2025-04-29T01:20:00.000+0000,497360.0233990418,1415.4693808976517,1058543.5781324124
2025-04-29T01:30:00.000+0000,500873.2079611535,1415.4693808976517,1059901.9710285203
2025-04-29T01:40:00.000+0000,519902.95767259394,1415.4693808976517,1063121.784234366
2025-04-29T01:50:00.000+0000,525319.1172058498,1415.4693808976517,1059613.691926763
2025-04-29T02:00:00.000+0000,525319.1172058498,1415.4693808976517,1056281.4984785172
2025-04-29T02:10:00.000+0000,541713.9784957054,1415.4693808976517,1057228.1434320142
2025-04-29T02:20:00.000+0000,551375.2360415141,1415.4693808976517,1057088.0052956461
2025-04-29T02:30:00.000+0000,539079.0900741218,1415.4693808976517,1057658.1278036416
2025-04-29T02:40:00.000+0000,540250.1515948258,1415.4693808976517,1055120.6474323669
2025-04-29T02:50:00.000+0000,571576.0472736576,1415.4693808976517,1054203.2125091315
2025-04-29T03:00:00.000+0000,567330.9492611054,1415.4693808976517,1055914.5963979114
2025-04-29T03:10:00.000+0000,562500.3204882013,1415.4693808976517,1055210.8312504399
2025-04-29T03:20:00.000+0000,561182.87627741,1415.4693808976517,1057006.5989437473
2025-04-29T03:30:00.000+0000,557669.6917152979,1415.4693808976517,1057375.9322423767
2025-04-29T03:40:00.000+0000,542592.2746362337,1415.4693808976517,1057396.1388988704
2025-04-29T03:50:00.000+0000,549033.1130001054,1415.4693808976517,1057693.848354908
2025-04-29T04:00:00.000+0000,553863.7417730099,1415.4693808976517,1056375.299500156
2025-04-29T04:10:00.000+0000,560011.8147567058,1415.4693808976517,1058262.7939812846
2025-04-29T04:20:00.000+0000,566745.418500754,1415.4693808976517,1058413.3578745662
2025-04-29T04:30:00.000+0000,562353.937798114,1415.4693808976517,1057600.3877193537
2025-04-29T04:40:00.000+0000,587531.7604932495,1415.4693808976517,1052401.2189484942
2025-04-29T04:50:00.000+0000,594997.2776877374,1415.4693808976517,1051756.556243442
2025-04-29T05:00:00.000+0000,591776.8585058019,1415.4693808976517,1050722.8933611084
2025-04-29T05:10:00.000+0000,595875.5738282657,1415.4693808976517,1049417.8790340105
2025-04-29T05:20:00.000+0000,596021.9565183537,1415.4693808976517,1051180.437290239
2025-04-29T05:30:00.000+0000,594850.8949976495,1415.4693808976517,1052071.5632542064
2025-04-29T05:40:00.000+0000,595143.6603778256,1415.4693808976517,1052053.3321909443
2025-04-29T05:50:00.000+0000,580944.5394392897,1415.4693808976517,1052500.9365548945
2025-04-29T06:00:00.000+0000,564988.826219698,1415.4693808976517,1053517.367013911
2025-04-29T06:10:00.000+0000,561329.2589674975,1415.4693808976517,1055190.5168494359
2025-04-29T06:20:00.000+0000,548447.5822397543,1415.4693808976517,1060446.3946464718
2025-04-29T06:30:00.000+0000,536590.5843426253,1415.4693808976517,1060890.4273621917
2025-04-29T06:40:00.000+0000,539225.4727642096,1415.4693808976517,1060387.2903349677
2025-04-29T06:50:00.000+0000,526490.1787265536,1415.4693808976517,1061336.6144315337
2025-04-29T07:00:00.000+0000,530149.7459787539,1415.4693808976517,1062125.8210110585
2025-04-29T07:10:00.000+0000,518439.1307717136,1415.4693808976517,1063036.3594897278
2025-04-29T07:20:00.000+0000,510388.08281687356,1415.4693808976517,1063588.5159942028
2025-04-29T07:30:00.000+0000,506435.75018449733,1415.4693808976517,1064000.1599483318
2025-04-29T07:40:00.000+0000,521805.9326437376,1415.4693808976517,1063575.6796506322
2025-04-29T07:50:00.000+0000,516975.30387083365,1415.4693808976517,1065390.9946734225
2025-04-29T08:00:00.000+0000,514340.4154492497,1415.4693808976517,1065267.3202791244
2025-04-29T08:10:00.000+0000,526782.9441067295,1415.4693808976517,1067503.1368241636
2025-04-29T08:20:00.000+0000,516536.1558005701,1415.4693808976517,1065292.82438295
2025-04-29T08:30:00.000+0000,514779.5635195139,1415.4693808976517,1064807.0556669754
2025-04-29T08:40:00.000+0000,508924.2559159931,1415.4693808976517,1065177.6183958987
2025-04-29T08:50:00.000+0000,509363.4039862575,1415.4693808976517,1065159.36453711
2025-04-29T09:00:00.000+0000,514194.03275916155,1415.4693808976517,1067508.4248903547
2025-04-29T09:10:00.000+0000,519902.95767259394,1415.4693808976517,1066566.8460751236
2025-04-29T09:20:00.000+0000,508485.10784572916,1415.4693808976517,1065611.1436073156
2025-04-29T09:30:00.000+0000,510095.3174366977,1415.4693808976517,1066849.0684473016
2025-04-29T09:40:00.000+0000,520195.7230527695,1415.4693808976517,1065878.009435671
2025-04-29T09:50:00.000+0000,508485.10784572916,1415.4693808976517,1066392.0024019144
2025-04-29T10:00:00.000+0000,505411.07135388174,1415.4693808976517,1068039.2294968092
2025-04-29T10:10:00.000+0000,504240.00983317726,1415.4693808976517,1068069.2234917886
2025-04-29T10:20:00.000+0000,503508.0963827375,1415.4693808976517,1066702.3069747407
2025-04-29T10:30:00.000+0000,504679.15790344164,1415.4693808976517,1065876.783761405
2025-04-29T10:40:00.000+0000,512583.823168194,1415.4693808976517,1062644.175751938
2025-04-29T10:50:00.000+0000,523708.90761488175,1415.4693808976517,1063956.3880526144
2025-04-29T11:00:00.000+0000,527222.0921769934,1415.4693808976517,1064853.9505437529
2025-04-29T11:10:00.000+0000,515950.6250402177,1415.4693808976517,1068114.6774646386
2025-04-29T11:20:00.000+0000,517121.6865609217,1415.4693808976517,1068788.39662289
2025-04-29T11:30:00.000+0000,507753.19439528964,1415.4693808976517,1067614.0182839248
2025-04-29T11:40:00.000+0000,508338.7251556419,1415.4693808976517,1066936.9582320745
2025-04-29T11:50:00.000+0000,519463.8096023298,1415.4693808976517,1067947.4418344642
2025-04-29T12:00:00.000+0000,520927.63650320965,1415.4693808976517,1067212.3369498611
2025-04-29T12:10:00.000+0000,530881.6594291937,1415.4693808976517,1067231.2471934254
2025-04-29T12:20:00.000+0000,531759.9555697219,1415.4693808976517,1064736.7901314113
2025-04-29T12:30:00.000+0000,542592.2746362337,1415.4693808976517,1063723.4258300355
2025-04-29T12:40:00.000+0000,535712.2882020978,1415.4693808976517,1064591.799199495
2025-04-29T12:50:00.000+0000,545812.6938181698,1415.4693808976517,1062723.2192366754
2025-04-29T13:00:00.000+0000,547862.0514794013,1415.4693808976517,1062229.1370408847
2025-04-29T13:10:00.000+0000,541860.3611857936,1415.4693808976517,1056641.0259714553
2025-04-29T13:20:00.000+0000,543177.805396586,1415.4693808976517,1057878.6474133437
2025-04-29T13:30:00.000+0000,539518.2381443859,1415.4693808976517,1058590.9616423005
2025-04-29T13:40:00.000+0000,529271.4498382258,1415.4693808976517,1058928.517545354
2025-04-29T13:50:00.000+0000,521659.5499536493,1415.4693808976517,1060343.6202635719
2025-04-29T14:00:00.000+0000,517121.6865609217,1415.4693808976517,1059101.2098250357
2025-04-29T14:10:00.000+0000,521220.4018833859,1415.4693808976517,1060453.4532354488
2025-04-29T14:20:00.000+0000,521659.5499536493,1415.4693808976517,1058711.887210158
2025-04-29T14:30:00.000+0000,517414.45194109733,1415.4693808976517,1058515.441826939
2025-04-29T14:40:00.000+0000,516975.30387083365,1415.4693808976517,1063115.9271916188
2025-04-29T14:50:00.000+0000,508924.2559159931,1415.4693808976517,1062717.848332085
2025-04-29T15:00:00.000+0000,510827.2308871379,1415.4693808976517,1063280.9310133853
2025-04-29T15:10:00.000+0000,512730.20585828135,1415.4693808976517,1061344.7384015915
2025-04-29T15:20:00.000+0000,523562.52492479334,1415.4693808976517,1060935.7004283494
2025-04-29T15:30:00.000+0000,515511.47696995403,1415.4693808976517,1060403.04486637
2025-04-29T15:40:00.000+0000,514340.4154492497,1415.4693808976517,1062336.6234665043
2025-04-29T15:50:00.000+0000,514925.9462096015,1415.4693808976517,1061818.4756472965
2025-04-29T16:00:00.000+0000,521952.315333826,1415.4693808976517,1062196.5309033305
2025-04-29T16:10:00.000+0000,520049.3403626816,1415.4693808976517,1063169.668960099
2025-04-29T16:20:00.000+0000,522098.69802391354,1415.4693808976517,1065278.3490762045
2025-04-29T16:30:00.000+0000,500141.29451071355,1415.4693808976517,1067054.0197266126
2025-04-29T16:40:00.000+0000,499994.91182062554,1415.4693808976517,1068125.6421856007
2025-04-29T16:50:00.000+0000,500580.4425809778,1415.4693808976517,1063470.12106303
2025-04-29T17:00:00.000+0000,530735.2767391056,1415.4693808976517,1059802.4762174138
2025-04-29T17:10:00.000+0000,514486.7981393375,1415.4693808976517,1061754.6343155266
2025-04-29T17:20:00.000+0000,503947.24445300136,1415.4693808976517,1066040.882164482
2025-04-29T17:30:00.000+0000,503361.7136926492,1415.4693808976517,1065145.9411970591
2025-04-29T17:40:00.000+0000,505850.21942414565,1415.4693808976517,1065594.6573112183
2025-04-29T17:50:00.000+0000,503800.8617629134,1415.4693808976517,1067059.3994400506
2025-04-29T18:00:00.000+0000,498677.4676098332,1415.4693808976517,1065631.3960606449
2025-04-29T18:10:00.000+0000,503654.4790728258,1415.4693808976517,1065890.1038553312
2025-04-29T18:20:00.000+0000,501605.1214115938,1415.4693808976517,1067553.0522675281
2025-04-29T18:30:00.000+0000,499409.38106027374,1415.4693808976517,1069461.562571055
2025-04-29T18:40:00.000+0000,498531.08491974557,1415.4693808976517,1069373.9196203179
2025-04-29T18:50:00.000+0000,510680.84819704964,1415.4693808976517,1069674.60356889
2025-04-29T19:00:00.000+0000,514486.7981393375,1415.4693808976517,1070432.046426583
2025-04-29T19:10:00.000+0000,514633.18082942587,1415.4693808976517,1069331.5173175714
2025-04-29T19:20:00.000+0000,502190.65217194526,1415.4693808976517,1069791.723237216
2025-04-29T19:30:00.000+0000,504971.92328361777,1415.4693808976517,1068450.0637127408
2025-04-29T19:40:00.000+0000,496920.8753287779,1415.4693808976517,1067762.5776267601
2025-04-29T19:50:00.000+0000,491504.71579552145,1415.4693808976517,1068224.0711147687
2025-04-29T20:00:00.000+0000,481989.84093980177,1415.4693808976517,1066521.6335169787
2025-04-29T20:10:00.000+0000,511705.52702766564,1415.4693808976517,1064431.8030828487
2025-04-29T20:20:00.000+0000,513022.97123845795,1415.4693808976517,1063662.0620854176
2025-04-29T20:30:00.000+0000,510680.84819704964,1415.4693808976517,1061709.5654703046
2025-04-29T20:40:00.000+0000,513022.97123845795,1415.4693808976517,1062217.4724725366
2025-04-29T20:50:00.000+0000,519317.4269122417,1415.4693808976517,1062278.1870672181
2025-04-29T21:00:00.000+0000,528100.3883175213,1415.4693808976517,1061614.410952958
2025-04-29T21:10:00.000+0000,546837.3726487855,1415.4693808976517,1054912.2976222448
2025-04-29T21:20:00.000+0000,566452.6531205778,1415.4693808976517,1050721.9295449904
2025-04-29T21:30:00.000+0000,557084.1609549458,1415.4693808976517,1052102.504950182
2025-04-29T21:40:00.000+0000,558255.2224756492,1415.4693808976517,1054174.0831531081
2025-04-29T21:50:00.000+0000,583579.4278608738,1415.4693808976517,1054278.1032872063
2025-04-29T22:00:00.000+0000,600998.9679813456,1415.4693808976517,1052398.3345291973
2025-04-29T22:10:00.000+0000,587824.5258734254,1415.4693808976517,1052291.7537280493
2025-04-29T22:20:00.000+0000,591044.9450553615,1415.4693808976517,1050641.6395131215
2025-04-29T22:30:00.000+0000,594411.746927386,1415.4693808976517,1050953.6964187452
2025-04-29T22:40:00.000+0000,596461.1045886179,1415.4693808976517,1049928.6241399872
2025-04-29T22:50:00.000+0000,592801.5373364176,1415.4693808976517,1050436.7825460755
2025-04-29T23:00:00.000+0000,609050.0159361853,1415.4693808976517,1046888.529921209
2025-04-29T23:10:00.000+0000,617979.3600315533,1415.4693808976517,1044291.7565424645
2025-04-29T23:20:00.000+0000,608903.6332460975,1415.4693808976517,1044547.6994313059
2025-04-29T23:30:00.000+0000,590752.1796751856,1415.4693808976517,1047301.070932461
2025-04-29T23:40:00.000+0000,564403.2954593458,1415.4693808976517,1048751.32304337
2025-04-29T23:50:00.000+0000,561475.6416575859,1415.4693808976517,1052330.26892045
2025-04-30T00:00:00.000+0000,563085.8512485535,1415.4693808976517,1051486.3841216746
2025-04-30T00:10:00.000+0000,564549.6781494337,1415.4693808976517,1053762.0704279728
2025-04-30T00:20:00.000+0000,560597.3455170577,1415.4693808976517,1053909.2843237321
2025-04-30T00:30:00.000+0000,554156.5071531856,1415.4693808976517,1053465.9731241972
2025-04-30T00:40:00.000+0000,553717.3590829215,1415.4693808976517,1055120.3641647778
2025-04-30T00:50:00.000+0000,558840.7532360017,1415.4693808976517,1054395.48000236
2025-04-30T01:00:00.000+0000,565427.9742899619,1415.4693808976517,1053769.277246117
2025-04-30T01:10:00.000+0000,572307.9607240977,1415.4693808976517,1051676.3991215522
2025-04-30T01:20:00.000+0000,571136.8992033936,1415.4693808976517,1053174.7023237736
2025-04-30T01:30:00.000+0000,573479.0222448017,1415.4693808976517,1051547.0166560318
2025-04-30T01:40:00.000+0000,595875.5738282657,1415.4693808976517,1048175.901961315
2025-04-30T01:50:00.000+0000,579773.4779185859,1415.4693808976517,1048423.451769253
2025-04-30T02:00:00.000+0000,586360.6989725454,1415.4693808976517,1051825.6293188408
2025-04-30T02:10:00.000+0000,579480.7125384097,1415.4693808976517,1052540.935470105
2025-04-30T02:20:00.000+0000,577870.5029474415,1415.4693808976517,1053245.422688196
2025-04-30T02:30:00.000+0000,581822.8355798174,1415.4693808976517,1052567.1836084253
2025-04-30T02:40:00.000+0000,573918.1703150659,1415.4693808976517,1054583.7094374807
2025-04-30T02:50:00.000+0000,571722.4299637458,1415.4693808976517,1056416.174876841
2025-04-30T03:00:00.000+0000,576260.2933564737,1415.4693808976517,1054884.56304252
2025-04-30T03:10:00.000+0000,579187.9471582334,1415.4693808976517,1053724.6029096637
2025-04-30T03:20:00.000+0000,576260.2933564737,1415.4693808976517,1057491.880117621
2025-04-30T03:30:00.000+0000,575528.3799060333,1415.4693808976517,1057684.8216668968
2025-04-30T03:40:00.000+0000,567330.9492611054,1415.4693808976517,1057664.8591615614
2025-04-30T03:50:00.000+0000,566159.8877404013,1415.4693808976517,1059159.1763534928
2025-04-30T04:00:00.000+0000,566599.0358106656,1415.4693808976517,1060236.3345443592
2025-04-30T04:10:00.000+0000,565135.2089097856,1415.4693808976517,1059992.225862474
2025-04-30T04:20:00.000+0000,568941.1588520736,1415.4693808976517,1060241.227010772
2025-04-30T04:30:00.000+0000,591044.9450553615,1415.4693808976517,1059694.7372612106
2025-04-30T04:40:00.000+0000,590752.1796751856,1415.4693808976517,1059258.468052532
2025-04-30T04:50:00.000+0000,587385.377803161,1415.4693808976517,1060118.2757245265
2025-04-30T05:00:00.000+0000,586799.8470428094,1415.4693808976517,1059084.699937478
2025-04-30T05:10:00.000+0000,586799.8470428094,1415.4693808976517,1058595.6739443785
2025-04-30T05:20:00.000+0000,587970.9085635137,1415.4693808976517,1058433.187935063
2025-04-30T05:30:00.000+0000,586507.0816626338,1415.4693808976517,1058711.6888379757
2025-04-30T05:40:00.000+0000,588410.056633778,1415.4693808976517,1057434.9821182624
2025-04-30T05:50:00.000+0000,599827.9064606415,1415.4693808976517,1057838.8824007823
2025-04-30T06:00:00.000+0000,604073.0044731939,1415.4693808976517,1057187.668448569
2025-04-30T06:10:00.000+0000,593387.06809677,1415.4693808976517,1057535.761609074
2025-04-30T06:20:00.000+0000,584018.5759311379,1415.4693808976517,1059181.6662939189
2025-04-30T06:30:00.000+0000,585482.4028320175,1415.4693808976517,1058702.3145468996
2025-04-30T06:40:00.000+0000,591337.7104355379,1415.4693808976517,1057759.5352585893
2025-04-30T06:50:00.000+0000,592362.3892661534,1415.4693808976517,1057298.4663097148
2025-04-30T07:00:00.000+0000,589434.7354643933,1415.4693808976517,1056401.5918255853
2025-04-30T07:10:00.000+0000,589288.352774306,1415.4693808976517,1057060.7984476038
2025-04-30T07:20:00.000+0000,591044.9450553615,1415.4693808976517,1056857.4432054327
2025-04-30T07:30:00.000+0000,591923.2411958894,1415.4693808976517,1054357.4378288058
2025-04-30T07:40:00.000+0000,594850.8949976495,1415.4693808976517,1052168.98895575
2025-04-30T07:50:00.000+0000,591776.8585058019,1415.4693808976517,1051972.7955129626
2025-04-30T08:00:00.000+0000,589141.9700842181,1415.4693808976517,1052348.917529507
2025-04-30T08:10:00.000+0000,588556.4393238656,1415.4693808976517,1054117.8388735068
2025-04-30T08:20:00.000+0000,585775.1682121938,1415.4693808976517,1053618.7819451971
2025-04-30T08:30:00.000+0000,582701.1317203458,1415.4693808976517,1053848.3006182048
2025-04-30T08:40:00.000+0000,581822.8355798174,1415.4693808976517,1054394.7222762622
2025-04-30T08:50:00.000+0000,580798.1567492015,1415.4693808976517,1054277.2804475576
2025-04-30T09:00:00.000+0000,577724.1202573536,1415.4693808976517,1055735.319084675
2025-04-30T09:10:00.000+0000,575528.3799060333,1415.4693808976517,1055790.0849536452
2025-04-30T09:20:00.000+0000,573479.0222448017,1415.4693808976517,1056348.5598043483
2025-04-30T09:30:00.000+0000,567916.480021458,1415.4693808976517,1058043.189135695
2025-04-30T09:40:00.000+0000,566745.418500754,1415.4693808976517,1058451.2571311314
2025-04-30T09:50:00.000+0000,562500.3204882013,1415.4693808976517,1058434.0667843386
2025-04-30T10:00:00.000+0000,564110.5300791698,1415.4693808976517,1057516.7728375727
2025-04-30T10:10:00.000+0000,572307.9607240977,1415.4693808976517,1058180.0831321075
2025-04-30T10:20:00.000+0000,575089.2318357694,1415.4693808976517,1058325.5846431511
2025-04-30T10:30:00.000+0000,576845.8241168258,1415.4693808976517,1058008.118807516
2025-04-30T10:40:00.000+0000,574796.4664555938,1415.4693808976517,1059475.482996639
2025-04-30T10:50:00.000+0000,576113.9106663859,1415.4693808976517,1059934.041662978
2025-04-30T11:00:00.000+0000,576553.0587366497,1415.4693808976517,1060400.110545558
2025-04-30T11:10:00.000+0000,575381.997215946,1415.4693808976517,1060218.925489094
2025-04-30T11:20:00.000+0000,569380.3069223377,1415.4693808976517,1060706.8686534818
2025-04-30T11:30:00.000+0000,549033.1130001054,1415.4693808976517,1061297.4076818784
2025-04-30T11:40:00.000+0000,540542.9169750018,1415.4693808976517,1061594.7877426979
2025-04-30T11:50:00.000+0000,535712.2882020978,1415.4693808976517,1062296.4532136656
2025-04-30T12:00:00.000+0000,532784.6344003376,1415.4693808976517,1061942.9462939708
2025-04-30T12:10:00.000+0000,538200.7939335939,1415.4693808976517,1059490.5460422223
2025-04-30T12:20:00.000+0000,540103.7689047375,1415.4693808976517,1056031.9357942843
2025-04-30T12:30:00.000+0000,546837.3726487855,1415.4693808976517,1048231.0103269541
2025-04-30T12:40:00.000+0000,579627.0952284973,1415.4693808976517,1043543.621977069
2025-04-30T12:50:00.000+0000,583579.4278608738,1415.4693808976517,1045184.449514922
2025-04-30T13:00:00.000+0000,590898.5623652737,1415.4693808976517,1040715.4148936742
2025-04-30T13:10:00.000+0000,602901.9429524898,1415.4693808976517,1036597.6910213325
2025-04-30T13:20:00.000+0000,612563.2004982976,1415.4693808976517,1037201.5381153552
2025-04-30T13:30:00.000+0000,612270.4351181218,1415.4693808976517,1035231.1768201852
2025-04-30T13:40:00.000+0000,639790.380854666,1415.4693808976517,1028877.9746604462
2025-04-30T13:50:00.000+0000,653696.7364130258,1415.4693808976517,1023348.4630378005
2025-04-30T14:00:00.000+0000,644035.4788672178,1415.4693808976517,1025279.4876691476
2025-04-30T14:10:00.000+0000,633935.0732511455,1415.4693808976517,1026208.8543667747
2025-04-30T14:20:00.000+0000,619296.8042423457,1415.4693808976517,1028961.2277467015
2025-04-30T14:30:00.000+0000,615490.8543000576,1415.4693808976517,1033397.194926914
2025-04-30T14:40:00.000+0000,628811.679098066,1415.4693808976517,1032165.211041225
2025-04-30T14:50:00.000+0000,626030.4079863935,1415.4693808976517,1029810.8596974122
2025-04-30T15:00:00.000+0000,616222.7677504976,1415.4693808976517,1033921.8578369468
2025-04-30T15:10:00.000+0000,614319.792779354,1415.4693808976517,1034963.5953958335
2025-04-30T15:20:00.000+0000,620175.1003828737,1415.4693808976517,1033115.745287087
2025-04-30T15:30:00.000+0000,607586.1890353061,1415.4693808976517,1034160.421423672
2025-04-30T15:40:00.000+0000,599974.2891507297,1415.4693808976517,1035768.8816450925
2025-04-30T15:50:00.000+0000,600852.5852912571,1415.4693808976517,1035062.0926758635
2025-04-30T16:00:00.000+0000,607000.658274954,1415.4693808976517,1032342.818564987
2025-04-30T16:10:00.000+0000,611684.90435777,1415.4693808976517,1030619.931769271
2025-04-30T16:20:00.000+0000,611977.6697379457,1415.4693808976517,1030854.7122341322
2025-04-30T16:30:00.000+0000,587531.7604932495,1415.4693808976517,1032858.304688757
2025-04-30T16:40:00.000+0000,557376.9263351219,1415.4693808976517,1037196.4854093335
2025-04-30T16:50:00.000+0000,541567.5958056177,1415.4693808976517,1036594.7677628226
2025-04-30T17:00:00.000+0000,542885.0400164098,1415.4693808976517,1035912.2502655312
2025-04-30T17:10:00.000+0000,563964.1473890821,1415.4693808976517,1035185.0021628013
2025-04-30T17:20:00.000+0000,555034.803293714,1415.4693808976517,1036179.5382273607
2025-04-30T17:30:00.000+0000,549472.2610703696,1415.4693808976517,1039183.1448412107
2025-04-30T17:40:00.000+0000,540542.9169750018,1415.4693808976517,1041971.1910707664
2025-04-30T17:50:00.000+0000,539371.8554542977,1415.4693808976517,1043745.2077874638
2025-04-30T18:00:00.000+0000,532199.1036399859,1415.4693808976517,1043316.0971587163
2025-04-30T18:10:00.000+0000,526343.7960364654,1415.4693808976517,1048676.7642898138
2025-04-30T18:20:00.000+0000,532931.0170904257,1415.4693808976517,1046174.0969405319
2025-04-30T18:30:00.000+0000,549179.495690194,1415.4693808976517,1045602.5024608101
2025-04-30T18:40:00.000+0000,556352.2475045058,1415.4693808976517,1044709.2082101176
2025-04-30T18:50:00.000+0000,556498.6301945939,1415.4693808976517,1046924.5540942133
2025-04-30T19:00:00.000+0000,550496.9399009858,1415.4693808976517,1047310.3455276587
2025-04-30T19:10:00.000+0000,544202.4842272013,1415.4693808976517,1045912.8523474724
2025-04-30T19:20:00.000+0000,550643.3225910738,1415.4693808976517,1042673.8514970859
2025-04-30T19:30:00.000+0000,560158.1974467937,1415.4693808976517,1043004.2129053713
2025-04-30T19:40:00.000+0000,541567.5958056177,1415.4693808976517,1044539.658505429
2025-04-30T19:50:00.000+0000,531613.5728796335,1415.4693808976517,1048202.6724834222
2025-04-30T20:00:00.000+0000,520342.105742858,1415.4693808976517,1048307.3074444873
2025-04-30T20:10:00.000+0000,514047.6500690734,1415.4693808976517,1054729.226509212
2025-04-30T20:20:00.000+0000,511559.14433757734,1415.4693808976517,1056425.6556156354
2025-04-30T20:30:00.000+0000,511559.14433757734,1415.4693808976517,1055640.1696915831
2025-04-30T20:40:00.000+0000,513169.35392854566,1415.4693808976517,1055192.867116004
2025-04-30T20:50:00.000+0000,507899.5770853778,1415.4693808976517,1054568.232548555
2025-04-30T21:00:00.000+0000,506142.9848043217,1415.4693808976517,1054776.5512730193
2025-04-30T21:10:00.000+0000,503800.8617629134,1415.4693808976517,1053653.1060925797
2025-04-30T21:20:00.000+0000,499409.38106027374,1415.4693808976517,1054856.318956819
2025-04-30T21:30:00.000+0000,500141.29451071355,1415.4693808976517,1053832.4860260712
2025-04-30T21:40:00.000+0000,496481.7272585136,1415.4693808976517,1053780.3829614075
2025-04-30T21:50:00.000+0000,484917.49474156176,1415.4693808976517,1051920.2421892614
2025-04-30T22:00:00.000+0000,440856.3050250732,1415.4693808976517,1054210.046782382
2025-04-30T22:10:00.000+0000,447882.67414929747,1415.4693808976517,1055080.1068166539
2025-04-30T22:20:00.000+0000,428121.0109874175,1415.4693808976517,1053995.6766940928
2025-04-30T22:30:00.000+0000,430170.36864864937,1415.4693808976517,1052757.9507271468
2025-04-30T22:40:00.000+0000,427681.8629171534,1415.4693808976517,1051198.3349786147
2025-04-30T22:50:00.000+0000,412311.6804579135,1415.4693808976517,1051536.853347418
2025-04-30T23:00:00.000+0000,400601.06525087357,1415.4693808976517,1052683.110109946
2025-04-30T23:10:00.000+0000,362980.71389825764,1415.4693808976517,1055295.8931978364
2025-04-30T23:20:00.000+0000,365615.6023198415,1415.4693808976517,1054869.4357150374
2025-04-30T23:30:00.000+0000,335168.0027815376,1415.4693808976517,1055715.7927352106
2025-04-30T23:40:00.000+0000,341901.60652558546,1415.4693808976517,1054728.6588830242
2025-04-30T23:50:00.000+0000,352733.9255920973,1415.4693808976517,1054474.6907736217
2025-05-01T00:00:00.000+0000,321700.79529344145,1415.4693808976517,1054688.4634647164
2025-05-01T00:10:00.000+0000,315406.3396196575,1415.4693808976517,1055962.2157866857
2025-05-01T00:20:00.000+0000,343219.05073637795,1415.4693808976517,1056295.9663267832
2025-05-01T00:30:00.000+0000,344390.11225708167,1415.4693808976517,1055066.4431350492
2025-05-01T00:40:00.000+0000,388744.0673537456,1415.4693808976517,1056107.8866769793
2025-05-01T00:50:00.000+0000,386109.1789321619,1415.4693808976517,1056379.681145942
2025-05-01T01:00:00.000+0000,393574.69612664956,1415.4693808976517,1057734.1874682799
2025-05-01T01:10:00.000+0000,377326.2175268818,1415.4693808976517,1058946.1174607452
2025-05-01T01:20:00.000+0000,396648.7326184974,1415.4693808976517,1060019.3802154174
2025-05-01T01:30:00.000+0000,402650.4229121054,1415.4693808976517,1060754.4307001196
2025-05-01T01:40:00.000+0000,417142.3092308177,1415.4693808976517,1059990.663093011
2025-05-01T01:50:00.000+0000,428413.77636759385,1415.4693808976517,1060866.4456324656
2025-05-01T02:00:00.000+0000,423290.38221451367,1415.4693808976517,1062519.9650586094
2025-05-01T02:10:00.000+0000,420069.9630325776,1415.4693808976517,1063677.175032516
2025-05-01T02:20:00.000+0000,392550.0172960337,1415.4693808976517,1064772.3045747986
2025-05-01T02:30:00.000+0000,389622.36349427386,1415.4693808976517,1065466.4641042694
2025-05-01T02:40:00.000+0000,417288.691920906,1415.4693808976517,1064637.5539232828
2025-05-01T02:50:00.000+0000,412458.0631480014,1415.4693808976517,1062733.9583094022
2025-05-01T03:00:00.000+0000,411433.38431738573,1415.4693808976517,1063226.293815367
2025-05-01T03:10:00.000+0000,431487.8128594414,1415.4693808976517,1062074.2400529645
2025-05-01T03:20:00.000+0000,426071.65332618554,1415.4693808976517,1062785.575736767
2025-05-01T03:30:00.000+0000,444076.72420700965,1415.4693808976517,1062185.8888614636
2025-05-01T03:40:00.000+0000,452274.15485193796,1415.4693808976517,1062519.7492923725
2025-05-01T03:50:00.000+0000,448760.9702898256,1415.4693808976517,1062190.0863453872
2025-05-01T04:00:00.000+0000,440856.3050250732,1415.4693808976517,1061745.5559104916
2025-05-01T04:10:00.000+0000,444369.4895871856,1415.4693808976517,1060837.4722413062
2025-05-01T04:20:00.000+0000,440270.7742647215,1415.4693808976517,1060705.1120816572
2025-05-01T04:30:00.000+0000,426949.94946671376,1415.4693808976517,1060606.3065743512
2025-05-01T04:40:00.000+0000,422412.0860739859,1415.4693808976517,1061479.738310662
2025-05-01T04:50:00.000+0000,419045.2842019619,1415.4693808976517,1061913.6899302984
2025-05-01T05:00:00.000+0000,403382.33636254555,1415.4693808976517,1061400.6551372013
2025-05-01T05:10:00.000+0000,395331.2884077054,1415.4693808976517,1062739.342852019
2025-05-01T05:20:00.000+0000,383620.6732006657,1415.4693808976517,1062640.188650638
2025-05-01T05:30:00.000+0000,401332.97870131343,1415.4693808976517,1062729.0658429894
2025-05-01T05:40:00.000+0000,392842.7826762095,1415.4693808976517,1064404.912510714
2025-05-01T05:50:00.000+0000,377472.6002169694,1415.4693808976517,1064941.6108885447
2025-05-01T06:00:00.000+0000,371031.76185309724,1415.4693808976517,1064563.8043534898
2025-05-01T06:10:00.000+0000,370299.8484026575,1415.4693808976517,1063361.3781189865
2025-05-01T06:20:00.000+0000,369567.93495221745,1415.4693808976517,1063368.737181684
2025-05-01T06:30:00.000+0000,374544.94641520956,1415.4693808976517,1062848.0251987563
2025-05-01T06:40:00.000+0000,390354.2769447136,1415.4693808976517,1061373.7010433837
2025-05-01T06:50:00.000+0000,391818.1038455939,1415.4693808976517,1062298.742954362
2025-05-01T07:00:00.000+0000,386109.1789321619,1415.4693808976517,1061005.1525054057
2025-05-01T07:10:00.000+0000,380985.7847790814,1415.4693808976517,1062772.6844210022
2025-05-01T07:20:00.000+0000,384352.58665110543,1415.4693808976517,1063095.564015827
2025-05-01T07:30:00.000+0000,378350.89635749743,1415.4693808976517,1064681.553613537
2025-05-01T07:40:00.000+0000,373227.50220441766,1415.4693808976517,1066278.421927934
2025-05-01T07:50:00.000+0000,366933.0465306335,1415.4693808976517,1066686.1594728604
2025-05-01T08:00:00.000+0000,359613.9120262333,1415.4693808976517,1065883.6523397658
2025-05-01T08:10:00.000+0000,355954.34477403376,1415.4693808976517,1066678.3890081975
2025-05-01T08:20:00.000+0000,355076.0486335056,1415.4693808976517,1069769.9417115236
2025-05-01T08:30:00.000+0000,356247.11015420954,1415.4693808976517,1069677.7188142533
2025-05-01T08:40:00.000+0000,358003.7024352656,1415.4693808976517,1069511.0974923298
2025-05-01T08:50:00.000+0000,367079.4292207217,1415.4693808976517,1070069.5565229869
2025-05-01T09:00:00.000+0000,366786.66384054546,1415.4693808976517,1069766.4499237393
2025-05-01T09:10:00.000+0000,366201.13308019366,1415.4693808976517,1069502.1715733476
2025-05-01T09:20:00.000+0000,364005.3927288734,1415.4693808976517,1071307.0401899999
2025-05-01T09:30:00.000+0000,360053.0600964975,1415.4693808976517,1071655.536185122
2025-05-01T09:40:00.000+0000,365615.6023198415,1415.4693808976517,1074192.9742205138
2025-05-01T09:50:00.000+0000,352587.54290200974,1415.4693808976517,1073433.920543068
2025-05-01T10:00:00.000+0000,351855.6294515698,1415.4693808976517,1074357.843987715
2025-05-01T10:10:00.000+0000,348342.4448894576,1415.4693808976517,1074507.8589813726
2025-05-01T10:20:00.000+0000,344682.87763725757,1415.4693808976517,1079973.7573975795
2025-05-01T10:30:00.000+0000,345268.40839760966,1415.4693808976517,1079806.0152215231
2025-05-01T10:40:00.000+0000,360638.5908568497,1415.4693808976517,1078717.4339841662
2025-05-01T10:50:00.000+0000,354344.13518306584,1415.4693808976517,1080422.6592654688
2025-05-01T11:00:00.000+0000,350684.56793086557,1415.4693808976517,1083041.3720752895
2025-05-01T11:10:00.000+0000,347171.38336875394,1415.4693808976517,1082467.0172416845
2025-05-01T11:20:00.000+0000,350830.9506209537,1415.4693808976517,1079479.246665127
2025-05-01T11:30:00.000+0000,362395.18313790584,1415.4693808976517,1080370.6066031787
2025-05-01T11:40:00.000+0000,357710.93705508986,1415.4693808976517,1081808.019133205
2025-05-01T11:50:00.000+0000,352148.3948317457,1415.4693808976517,1082029.7777779829
2025-05-01T12:00:00.000+0000,333411.4105004816,1415.4693808976517,1081448.3171546212
2025-05-01T12:10:00.000+0000,331508.4355293374,1415.4693808976517,1081831.0716291408
2025-05-01T12:20:00.000+0000,324628.4490952013,1415.4693808976517,1081684.8829070223
2025-05-01T12:30:00.000+0000,301792.74944147345,1415.4693808976517,1080734.2117357948
2025-05-01T12:40:00.000+0000,280567.2593787133,1415.4693808976517,1083523.4134018107
2025-05-01T12:50:00.000+0000,250412.42522058566,1415.4693808976517,1084133.1368552959
2025-05-01T13:00:00.000+0000,213523.98731840975,1415.4693808976517,1083744.8890204986
2025-05-01T13:10:00.000+0000,206497.61819418558,1415.4693808976517,1085017.5550349453
2025-05-01T13:20:00.000+0000,184979.36275124975,1415.4693808976517,1085419.8466440141
2025-05-01T13:30:00.000+0000,220843.12182280933,1415.4693808976517,1079494.3817818826
2025-05-01T13:40:00.000+0000,253193.69633225742,1415.4693808976517,1077504.042715766
2025-05-01T13:50:00.000+0000,243678.82147653776,1415.4693808976517,1074699.1953181494
2025-05-01T14:00:00.000+0000,227723.10825694536,1415.4693808976517,1077899.3534500024
2025-05-01T14:10:00.000+0000,240019.2542243375,1415.4693808976517,1079060.2240543677
2025-05-01T14:20:00.000+0000,248070.30217917726,1415.4693808976517,1082646.899947171
2025-05-01T14:30:00.000+0000,256999.64627454532,1415.4693808976517,1081609.9213724253
2025-05-01T14:40:00.000+0000,278957.04978774575,1415.4693808976517,1083049.319672758
2025-05-01T14:50:00.000+0000,293595.3187965454,1415.4693808976517,1085103.6340716332
2025-05-01T15:00:00.000+0000,258756.2385556013,1415.4693808976517,1087671.3855616474
2025-05-01T15:10:00.000+0000,249826.89446023354,1415.4693808976517,1092942.7512206174
2025-05-01T15:20:00.000+0000,281445.5555192417,1415.4693808976517,1091544.6611619527
2025-05-01T15:30:00.000+0000,295498.2937676896,1415.4693808976517,1089949.4537746056
2025-05-01T15:40:00.000+0000,304574.0205531458,1415.4693808976517,1088148.6242177766
2025-05-01T15:50:00.000+0000,317455.6972808894,1415.4693808976517,1085754.3859244317
2025-05-01T16:00:00.000+0000,291253.19575513765,1415.4693808976517,1087475.1122226964
2025-05-01T16:10:00.000+0000,303110.19365226565,1415.4693808976517,1086614.2922370126
2025-05-01T16:20:00.000+0000,319505.0549421219,1415.4693808976517,1087529.1758564794
2025-05-01T16:30:00.000+0000,301060.8359910338,1415.4693808976517,1090913.7784503635
2025-05-01T16:40:00.000+0000,312917.83388816164,1415.4693808976517,1090592.1612405751
2025-05-01T16:50:00.000+0000,332972.26243021747,1415.4693808976517,1087655.172391782
2025-05-01T17:00:00.000+0000,323018.2395042336,1415.4693808976517,1087221.4574291075
2025-05-01T17:10:00.000+0000,316284.6357601854,1415.4693808976517,1088874.2681990177
2025-05-01T17:20:00.000+0000,309111.8839458738,1415.4693808976517,1087009.4258205849
2025-05-01T17:30:00.000+0000,329312.6951780175,1415.4693808976517,1084272.9173994476
2025-05-01T17:40:00.000+0000,352294.7775218333,1415.4693808976517,1082117.0320508457
2025-05-01T17:50:00.000+0000,339852.24886435363,1415.4693808976517,1084095.764463044
2025-05-01T18:00:00.000+0000,320676.11646282574,1415.4693808976517,1083949.0493417524
2025-05-01T18:10:00.000+0000,338388.4219634735,1415.4693808976517,1080662.0742825463
2025-05-01T18:20:00.000+0000,348927.9756498096,1415.4693808976517,1080198.5258774355
2025-05-01T18:30:00.000+0000,327409.7202068736,1415.4693808976517,1080703.8255841306
2025-05-01T18:40:00.000+0000,309404.6493260493,1415.4693808976517,1082887.61918431
2025-05-01T18:50:00.000+0000,305891.46476393775,1415.4693808976517,1084454.4484671087
2025-05-01T19:00:00.000+0000,309843.79739631346,1415.4693808976517,1081947.5889996574
2025-05-01T19:10:00.000+0000,323457.38757449755,1415.4693808976517,1080347.4736209274
2025-05-01T19:20:00.000+0000,318626.7588015938,1415.4693808976517,1080973.330088756
2025-05-01T19:30:00.000+0000,306769.76090446534,1415.4693808976517,1081659.323813144
2025-05-01T19:40:00.000+0000,318041.2280412418,1415.4693808976517,1080517.5569596284
2025-05-01T19:50:00.000+0000,309843.79739631346,1415.4693808976517,1078890.497386938
2025-05-01T20:00:00.000+0000,311746.7723674578,1415.4693808976517,1076905.7990964733
2025-05-01T20:10:00.000+0000,321115.26453308976,1415.4693808976517,1078674.3229537513
2025-05-01T20:20:00.000+0000,300914.4533009455,1415.4693808976517,1080858.4017263222
2025-05-01T20:30:00.000+0000,325799.5106159059,1415.4693808976517,1078138.553255277
2025-05-01T20:40:00.000+0000,317894.8453511536,1415.4693808976517,1077907.0466656615
2025-05-01T20:50:00.000+0000,350099.0371705138,1415.4693808976517,1077242.4898239952
2025-05-01T21:00:00.000+0000,338827.5700337375,1415.4693808976517,1078244.8097676034
2025-05-01T21:10:00.000+0000,349074.3583398976,1415.4693808976517,1080892.4557254256
2025-05-01T21:20:00.000+0000,354197.75249297766,1415.4693808976517,1080399.0550977383
2025-05-01T21:30:00.000+0000,351709.24676148174,1415.4693808976517,1079145.7318967632
2025-05-01T21:40:00.000+0000,349659.88910025,1415.4693808976517,1080636.088279591
2025-05-01T21:50:00.000+0000,341755.2238354977,1415.4693808976517,1079883.656104971
2025-05-01T22:00:00.000+0000,337949.27389320935,1415.4693808976517,1078665.3163783895
2025-05-01T22:10:00.000+0000,333411.4105004816,1415.4693808976517,1080174.5151904947
2025-05-01T22:20:00.000+0000,335460.76816171367,1415.4693808976517,1079556.7036460708
2025-05-01T22:30:00.000+0000,340291.3969346177,1415.4693808976517,1077568.4205702068
2025-05-01T22:40:00.000+0000,348927.9756498096,1415.4693808976517,1077550.1273177704
2025-05-01T22:50:00.000+0000,364590.9234892257,1415.4693808976517,1077566.475007341
2025-05-01T23:00:00.000+0000,369860.7003323938,1415.4693808976517,1076463.5219330033
2025-05-01T23:10:00.000+0000,367664.9599810734,1415.4693808976517,1076545.5227755792
2025-05-01T23:20:00.000+0000,367957.72536124964,1415.4693808976517,1078867.7067491505
2025-05-01T23:30:00.000+0000,377033.45214670536,1415.4693808976517,1076654.465647955
2025-05-01T23:40:00.000+0000,363273.4792784338,1415.4693808976517,1077056.015109473
2025-05-01T23:50:00.000+0000,368543.2561216015,1415.4693808976517,1078767.314290769
2025-05-02T00:00:00.000+0000,354344.13518306584,1415.4693808976517,1078958.9596686147
2025-05-02T00:10:00.000+0000,350684.56793086557,1415.4693808976517,1079220.3500851812
2025-05-02T00:20:00.000+0000,336631.82968241733,1415.4693808976517,1080834.4773565915
2025-05-02T00:30:00.000+0000,327556.10289696173,1415.4693808976517,1081835.7356572882
2025-05-02T00:40:00.000+0000,325360.362545642,1415.4693808976517,1081897.143884091
2025-05-02T00:50:00.000+0000,312917.83388816164,1415.4693808976517,1083481.460213516
2025-05-02T01:00:00.000+0000,311600.3896773697,1415.4693808976517,1084551.1003810088
2025-05-02T01:10:00.000+0000,274711.9517751936,1415.4693808976517,1083164.523978648
2025-05-02T01:20:00.000+0000,282323.8516597698,1415.4693808976517,1083183.8140019448
2025-05-02T01:30:00.000+0000,301207.21868112194,1415.4693808976517,1081517.296883753
2025-05-02T01:40:00.000+0000,306916.1435945535,1415.4693808976517,1079631.4839610406
2025-05-02T01:50:00.000+0000,296230.20721812954,1415.4693808976517,1080396.661091343
2025-05-02T02:00:00.000+0000,310868.4762269295,1415.4693808976517,1079251.230128558
2025-05-02T02:10:00.000+0000,318480.3761115058,1415.4693808976517,1079649.4842696714
2025-05-02T02:20:00.000+0000,308819.1185656978,1415.4693808976517,1081155.0554239189
2025-05-02T02:30:00.000+0000,309258.26663596183,1415.4693808976517,1082654.3441467753
2025-05-02T02:40:00.000+0000,312039.5377476335,1415.4693808976517,1081928.4369570184
2025-05-02T02:50:00.000+0000,310282.94546657737,1415.4693808976517,1082520.2284527349
2025-05-02T03:00:00.000+0000,285544.2708417054,1415.4693808976517,1082363.2264046976
2025-05-02T03:10:00.000+0000,285544.2708417054,1415.4693808976517,1081553.351087123
2025-05-02T03:20:00.000+0000,288764.69002364174,1415.4693808976517,1081032.2121415418
2025-05-02T03:30:00.000+0000,277346.84019677783,1415.4693808976517,1082811.6294624018
2025-05-02T03:40:00.000+0000,275736.63060580933,1415.4693808976517,1083177.9038382298
2025-05-02T03:50:00.000+0000,266660.9038203538,1415.4693808976517,1083573.6530625615
2025-05-02T04:00:00.000+0000,263001.3365681534,1415.4693808976517,1082988.9863782413
2025-05-02T04:10:00.000+0000,265928.9903699134,1415.4693808976517,1082608.2377688186
2025-05-02T04:20:00.000+0000,257438.7943448092,1415.4693808976517,1083359.7388584223
2025-05-02T04:30:00.000+0000,266953.6692005295,1415.4693808976517,1081373.3161192238
2025-05-02T04:40:00.000+0000,286861.71505249763,1415.4693808976517,1079997.086132047
2025-05-02T04:50:00.000+0000,289057.4554038175,1415.4693808976517,1080190.1716000275
2025-05-02T05:00:00.000+0000,274126.42101484135,1415.4693808976517,1080340.0209526047
2025-05-02T05:10:00.000+0000,267392.8172707936,1415.4693808976517,1077931.9246208593
2025-05-02T05:20:00.000+0000,267539.19996088184,1415.4693808976517,1077281.177561522
2025-05-02T05:30:00.000+0000,259488.15200604184,1415.4693808976517,1077618.4935881617
2025-05-02T05:40:00.000+0000,279103.4324778333,1415.4693808976517,1078081.6399724477
2025-05-02T05:50:00.000+0000,289642.98616416974,1415.4693808976517,1075928.0898841603
2025-05-02T06:00:00.000+0000,312478.6858178976,1415.4693808976517,1074731.6308782916
2025-05-02T06:10:00.000+0000,314381.660789042,1415.4693808976517,1075220.474319255
2025-05-02T06:20:00.000+0000,320529.7337727377,1415.4693808976517,1074364.8595792218
2025-05-02T06:30:00.000+0000,323603.7702645855,1415.4693808976517,1075506.5830058446
2025-05-02T06:40:00.000+0000,336339.06430224155,1415.4693808976517,1073066.8746423866
2025-05-02T06:50:00.000+0000,345414.79108769796,1415.4693808976517,1074124.4702202997
2025-05-02T07:00:00.000+0000,343511.8161165536,1415.4693808976517,1071899.2630396024
2025-05-02T07:10:00.000+0000,326238.6586861698,1415.4693808976517,1071365.5166359972
2025-05-02T07:20:00.000+0000,321115.26453308976,1415.4693808976517,1073051.9370125853
2025-05-02T07:30:00.000+0000,318041.2280412418,1415.4693808976517,1070294.5328726536
2025-05-02T07:40:00.000+0000,321554.41260335373,1415.4693808976517,1069674.0277154827
2025-05-02T07:50:00.000+0000,327409.7202068736,1415.4693808976517,1069660.5944934334
2025-05-02T08:00:00.000+0000,311307.62429719366,1415.4693808976517,1069249.2268671305
2025-05-02T08:10:00.000+0000,304866.7859333215,1415.4693808976517,1071502.860390589
2025-05-02T08:20:00.000+0000,309551.0320161377,1415.4693808976517,1073257.0226058199
2025-05-02T08:30:00.000+0000,305745.08207384974,1415.4693808976517,1072684.6042311573
2025-05-02T08:40:00.000+0000,300914.4533009455,1415.4693808976517,1074379.1191018717
2025-05-02T08:50:00.000+0000,297694.03411900974,1415.4693808976517,1073290.1843412616
2025-05-02T09:00:00.000+0000,294473.61493707326,1415.4693808976517,1072460.2495232094
2025-05-02T09:10:00.000+0000,285690.6535317935,1415.4693808976517,1075156.5842126966
2025-05-02T09:20:00.000+0000,288911.0727137296,1415.4693808976517,1074000.443653116
2025-05-02T09:30:00.000+0000,308087.2051152575,1415.4693808976517,1073986.369052545
2025-05-02T09:40:00.000+0000,299157.8610198894,1415.4693808976517,1073845.6948765041
2025-05-02T09:50:00.000+0000,295644.67645777785,1415.4693808976517,1073623.7089380475
2025-05-02T10:00:00.000+0000,288032.7765732011,1415.4693808976517,1073831.7757220801
2025-05-02T10:10:00.000+0000,280713.6420688018,1415.4693808976517,1075713.791053251
2025-05-02T10:20:00.000+0000,278078.7536472176,1415.4693808976517,1075598.0490086684
2025-05-02T10:30:00.000+0000,286276.18429214583,1415.4693808976517,1076678.8954368406
2025-05-02T10:40:00.000+0000,283641.2958705617,1415.4693808976517,1076611.6011922176
2025-05-02T10:50:00.000+0000,280128.1113084494,1415.4693808976517,1076753.0531712875
2025-05-02T11:00:00.000+0000,282470.2343498579,1415.4693808976517,1078118.2462948943
2025-05-02T11:10:00.000+0000,288471.9246434652,1415.4693808976517,1078377.6539012487
2025-05-02T11:20:00.000+0000,289935.7515443455,1415.4693808976517,1079898.5751782728
2025-05-02T11:30:00.000+0000,313796.13002868975,1415.4693808976517,1078724.7406503942
2025-05-02T11:40:00.000+0000,320090.58570247353,1415.4693808976517,1078977.0936652995
2025-05-02T11:50:00.000+0000,329898.22593836964,1415.4693808976517,1080030.1712086366
2025-05-02T12:00:00.000+0000,317894.8453511536,1415.4693808976517,1080010.7163580519
2025-05-02T12:10:00.000+0000,315991.8703800097,1415.4693808976517,1077865.7909190923
2025-05-02T12:20:00.000+0000,312478.6858178976,1415.4693808976517,1077550.1350356084
2025-05-02T12:30:00.000+0000,288911.0727137296,1415.4693808976517,1074384.9590277812
2025-05-02T12:40:00.000+0000,275736.63060580933,1415.4693808976517,1078168.7637588507
2025-05-02T12:50:00.000+0000,270320.47107255354,1415.4693808976517,1080713.6396442351
2025-05-02T13:00:00.000+0000,270174.0883824654,1415.4693808976517,1080311.8956022807
2025-05-02T13:10:00.000+0000,267100.0518906179,1415.4693808976517,1078253.0671842159
2025-05-02T13:20:00.000+0000,275297.4825355455,1415.4693808976517,1079512.320885196
2025-05-02T13:30:00.000+0000,272223.4460436977,1415.4693808976517,1077735.3018276175
2025-05-02T13:40:00.000+0000,260366.44814656986,1415.4693808976517,1078427.648462702
2025-05-02T13:50:00.000+0000,259488.15200604184,1415.4693808976517,1078618.6463181963
2025-05-02T14:00:00.000+0000,214255.90076884974,1415.4693808976517,1080836.791413247
2025-05-02T14:10:00.000+0000,216598.02381025755,1415.4693808976517,1080748.5880354433
2025-05-02T14:20:00.000+0000,216744.4065003457,1415.4693808976517,1082740.407121918
2025-05-02T14:30:00.000+0000,209425.2719959455,1415.4693808976517,1083412.693961449
2025-05-02T14:40:00.000+0000,212060.16041752952,1415.4693808976517,1084356.35528277
2025-05-02T14:50:00.000+0000,208546.97585541735,1415.4693808976517,1086515.9497772607
2025-05-02T15:00:00.000+0000,205619.3220536575,1415.4693808976517,1084794.8686053744
2025-05-02T15:10:00.000+0000,222892.47948404177,1415.4693808976517,1084008.2009883833
2025-05-02T15:20:00.000+0000,220989.50451289752,1415.4693808976517,1078557.3002269913
2025-05-02T15:30:00.000+0000,216598.02381025755,1415.4693808976517,1079737.1955176946
2025-05-02T15:40:00.000+0000,203423.58170233748,1415.4693808976517,1081688.717862398
2025-05-02T15:50:00.000+0000,183661.9185404578,1415.4693808976517,1080695.8593408684
2025-05-02T16:00:00.000+0000,161704.51502725747,1415.4693808976517,1081826.3818904255
2025-05-02T16:10:00.000+0000,169023.64953165743,1415.4693808976517,1088371.9051473597
2025-05-02T16:20:00.000+0000,161411.74964708168,1415.4693808976517,1087812.454693738
2025-05-02T16:30:00.000+0000,152628.78824180167,1415.4693808976517,1087273.153017898
2025-05-02T16:40:00.000+0000,156434.73818408983,1415.4693808976517,1085654.778414625
2025-05-02T16:50:00.000+0000,177074.69748649746,1415.4693808976517,1083452.9000755479
2025-05-02T17:00:00.000+0000,181758.94356931356,1415.4693808976517,1079501.2253112625
2025-05-02T17:10:00.000+0000,192005.73187547358,1415.4693808976517,1079037.531637079
2025-05-02T17:20:00.000+0000,193908.70684661774,1415.4693808976517,1081635.295884354
2025-05-02T17:30:00.000+0000,183515.53585036958,1415.4693808976517,1082500.3176287059
2025-05-02T17:40:00.000+0000,181173.412808962,1415.4693808976517,1080853.006121403
2025-05-02T17:50:00.000+0000,186004.04158186543,1415.4693808976517,1081189.5215673451
2025-05-02T18:00:00.000+0000,183661.9185404578,1415.4693808976517,1082891.6914046574
2025-05-02T18:10:00.000+0000,152775.17093188938,1415.4693808976517,1083454.2565134908
2025-05-02T18:20:00.000+0000,150286.66520039344,1415.4693808976517,1083283.414929976
2025-05-02T18:30:00.000+0000,152628.78824180167,1415.4693808976517,1083464.4180065964
2025-05-02T18:40:00.000+0000,158337.7131552335,1415.4693808976517,1083578.3468795752
2025-05-02T18:50:00.000+0000,184832.9800611616,1415.4693808976517,1080565.0738267768
2025-05-02T19:00:00.000+0000,204448.2605329537,1415.4693808976517,1078832.1790971593
2025-05-02T19:10:00.000+0000,212352.92579770548,1415.4693808976517,1076513.5179791714
2025-05-02T19:20:00.000+0000,215280.5795994655,1415.4693808976517,1077872.031756958
2025-05-02T19:30:00.000+0000,229772.46591817721,1415.4693808976517,1075286.073573217
2025-05-02T19:40:00.000+0000,229479.70053800158,1415.4693808976517,1072280.156345805
2025-05-02T19:50:00.000+0000,217329.93726069783,1415.4693808976517,1073471.731470468
2025-05-02T20:00:00.000+0000,210449.9508265617,1415.4693808976517,1072885.8943255753
2025-05-02T20:10:00.000+0000,209132.50661576964,1415.4693808976517,1075026.7544125156
2025-05-02T20:20:00.000+0000,202545.28556180932,1415.4693808976517,1074579.782582522
2025-05-02T20:30:00.000+0000,202691.66825189756,1415.4693808976517,1075526.9767128602
2025-05-02T20:40:00.000+0000,192737.64532591327,1415.4693808976517,1076098.034079759
2025-05-02T20:50:00.000+0000,196836.36064837768,1415.4693808976517,1076076.961988375
2025-05-02T21:00:00.000+0000,196250.8298880255,1415.4693808976517,1075965.8666314615
2025-05-02T21:10:00.000+0000,193176.79339617732,1415.4693808976517,1075847.2749914096
2025-05-02T21:20:00.000+0000,192884.02801600154,1415.4693808976517,1075096.8658344413
2025-05-02T21:30:00.000+0000,198300.18754925742,1415.4693808976517,1074586.7645483643
2025-05-02T21:40:00.000+0000,219232.91223184156,1415.4693808976517,1071371.3230348711
2025-05-02T21:50:00.000+0000,230797.14474879368,1415.4693808976517,1070402.1967261548
2025-05-02T22:00:00.000+0000,220550.3564426336,1415.4693808976517,1070858.0422036722
2025-05-02T22:10:00.000+0000,215426.96228955346,1415.4693808976517,1070896.5225543873
2025-05-02T22:20:00.000+0000,216451.64112016975,1415.4693808976517,1071555.8449695471
2025-05-02T22:30:00.000+0000,215134.19690937776,1415.4693808976517,1071492.121559362
2025-05-02T22:40:00.000+0000,220550.3564426336,1415.4693808976517,1071074.407738485
2025-05-02T22:50:00.000+0000,226844.8121164175,1415.4693808976517,1071357.996484181
2025-05-02T23:00:00.000+0000,231089.9101289694,1415.4693808976517,1071565.3310383786
2025-05-02T23:10:00.000+0000,235920.53890187375,1415.4693808976517,1072704.4854899608
2025-05-02T23:20:00.000+0000,224941.83714527366,1415.4693808976517,1072309.296433337
2025-05-02T23:30:00.000+0000,222453.3314137779,1415.4693808976517,1072799.474366227
2025-05-02T23:40:00.000+0000,226991.1948065057,1415.4693808976517,1073794.3551094746
2025-05-02T23:50:00.000+0000,235481.39083160972,1415.4693808976517,1073651.6439648208
2025-05-03T00:00:00.000+0000,231236.2928190576,1415.4693808976517,1074434.442160597
2025-05-03T00:10:00.000+0000,235335.00814152142,1415.4693808976517,1074646.44162817
2025-05-03T00:20:00.000+0000,229626.08322808973,1415.4693808976517,1073640.8931052932
2025-05-03T00:30:00.000+0000,240751.1676747779,1415.4693808976517,1073937.9022130868
2025-05-03T00:40:00.000+0000,247484.77141882564,1415.4693808976517,1072712.2396158613
2025-05-03T00:50:00.000+0000,260220.06545648174,1415.4693808976517,1072296.394698998
2025-05-03T01:00:00.000+0000,252900.9309520815,1415.4693808976517,1071697.6788746512
2025-05-03T01:10:00.000+0000,270613.23645272956,1415.4693808976517,1070857.4871423603
2025-05-03T01:20:00.000+0000,264611.54615912196,1415.4693808976517,1071399.8233536072
2025-05-03T01:30:00.000+0000,269295.79224193783,1415.4693808976517,1069682.8938509508
2025-05-03T01:40:00.000+0000,268124.7307212335,1415.4693808976517,1070068.2098063133
2025-05-03T01:50:00.000+0000,260805.59621683345,1415.4693808976517,1069939.6333051033
2025-05-03T02:00:00.000+0000,246899.2406584736,1415.4693808976517,1071519.7990563083
2025-05-03T02:10:00.000+0000,261683.8923573615,1415.4693808976517,1072486.201739771
2025-05-03T02:20:00.000+0000,256121.35013401732,1415.4693808976517,1073491.2466590013
2025-05-03T02:30:00.000+0000,253340.0790223457,1415.4693808976517,1073711.2765803004
2025-05-03T02:40:00.000+0000,263294.1019483298,1415.4693808976517,1072667.8030452377
2025-05-03T02:50:00.000+0000,256267.73282410548,1415.4693808976517,1073137.2179099538
2025-05-03T03:00:00.000+0000,242214.9945756575,1415.4693808976517,1073940.3147045467
2025-05-03T03:10:00.000+0000,252754.54826199354,1415.4693808976517,1072206.972917485
2025-05-03T03:20:00.000+0000,255389.4366835773,1415.4693808976517,1071833.1357767407
2025-05-03T03:30:00.000+0000,250266.0425304975,1415.4693808976517,1071137.7773839168
2025-05-03T03:40:00.000+0000,240458.40229460152,1415.4693808976517,1072385.2502225498
2025-05-03T03:50:00.000+0000,241922.2291954818,1415.4693808976517,1072031.4002338932
2025-05-03T04:00:00.000+0000,249680.51177014585,1415.4693808976517,1071946.1083635164
2025-05-03T04:10:00.000+0000,256999.64627454532,1415.4693808976517,1072697.481855319
2025-05-03T04:20:00.000+0000,251290.72136111377,1415.4693808976517,1072536.192822413
2025-05-03T04:30:00.000+0000,248655.8329395296,1415.4693808976517,1072901.1997246675
2025-05-03T04:40:00.000+0000,239140.95808380947,1415.4693808976517,1072767.5367131834
2025-05-03T04:50:00.000+0000,238701.81001354536,1415.4693808976517,1072973.9972472843
2025-05-03T05:00:00.000+0000,241775.84650539348,1415.4693808976517,1071845.3623640228
2025-05-03T05:10:00.000+0000,240019.2542243375,1415.4693808976517,1071577.377014044
2025-05-03T05:20:00.000+0000,239580.10615407344,1415.4693808976517,1071924.258969961
2025-05-03T05:30:00.000+0000,242068.61188556984,1415.4693808976517,1071003.9543386064
2025-05-03T05:40:00.000+0000,246752.85796838597,1415.4693808976517,1072236.862628907
2025-05-03T05:50:00.000+0000,258317.09048533748,1415.4693808976517,1070743.1064006174
2025-05-03T06:00:00.000+0000,254218.37516287368,1415.4693808976517,1069719.089603083
2025-05-03T06:10:00.000+0000,260659.2135267458,1415.4693808976517,1068052.538179781
2025-05-03T06:20:00.000+0000,260805.59621683345,1415.4693808976517,1068088.2187829656
2025-05-03T06:30:00.000+0000,256560.49820428138,1415.4693808976517,1068549.062325104
2025-05-03T06:40:00.000+0000,266807.2865104414,1415.4693808976517,1068593.4667547778
2025-05-03T06:50:00.000+0000,275151.09984545765,1415.4693808976517,1068095.034571152
2025-05-03T07:00:00.000+0000,273833.65563466575,1415.4693808976517,1068633.3196406993
2025-05-03T07:10:00.000+0000,271930.68066352163,1415.4693808976517,1068724.6165236316
2025-05-03T07:20:00.000+0000,272369.82873378554,1415.4693808976517,1067477.322463248
2025-05-03T07:30:00.000+0000,276468.5440562499,1415.4693808976517,1068349.3288563194
2025-05-03T07:40:00.000+0000,269588.55762211373,1415.4693808976517,1069390.1990933726
2025-05-03T07:50:00.000+0000,270320.47107255354,1415.4693808976517,1069449.67704078
2025-05-03T08:00:00.000+0000,271930.68066352163,1415.4693808976517,1067841.1798313719
2025-05-03T08:10:00.000+0000,277346.84019677783,1415.4693808976517,1067882.0404790204
2025-05-03T08:20:00.000+0000,277200.4575066896,1415.4693808976517,1068723.109450861
2025-05-03T08:30:00.000+0000,259049.00393577773,1415.4693808976517,1070009.6734339313
2025-05-03T08:40:00.000+0000,259634.5346961294,1415.4693808976517,1070565.0263767252
2025-05-03T08:50:00.000+0000,256560.49820428138,1415.4693808976517,1069225.7959239718
2025-05-03T09:00:00.000+0000,255682.2020637539,1415.4693808976517,1067931.6270816014
2025-05-03T09:10:00.000+0000,257877.9424150734,1415.4693808976517,1067832.5270207631
2025-05-03T09:20:00.000+0000,252315.40019172942,1415.4693808976517,1068803.7838322832
2025-05-03T09:30:00.000+0000,261391.12697718546,1415.4693808976517,1067964.8585004145
2025-05-03T09:40:00.000+0000,265197.0769194736,1415.4693808976517,1068001.954788481
2025-05-03T09:50:00.000+0000,277346.84019677783,1415.4693808976517,1066038.6073228861
2025-05-03T10:00:00.000+0000,280274.49399853765,1415.4693808976517,1067284.1002935427
2025-05-03T10:10:00.000+0000,287154.48043267376,1415.4693808976517,1066508.731380411
2025-05-03T10:20:00.000+0000,286276.18429214583,1415.4693808976517,1067354.8597922544
2025-05-03T10:30:00.000+0000,292277.874585754,1415.4693808976517,1066213.511056827
2025-05-03T10:40:00.000+0000,299011.4783298017,1415.4693808976517,1064868.7057736234
2025-05-03T10:50:00.000+0000,304574.0205531458,1415.4693808976517,1063974.9585631576
2025-05-03T11:00:00.000+0000,302963.8109621774,1415.4693808976517,1064193.8692221916
2025-05-03T11:10:00.000+0000,301792.74944147345,1415.4693808976517,1064542.5780234565
2025-05-03T11:20:00.000+0000,298425.9475694495,1415.4693808976517,1065913.4529439479
2025-05-03T11:30:00.000+0000,299011.4783298017,1415.4693808976517,1064950.3166415337
2025-05-03T11:40:00.000+0000,317894.8453511536,1415.4693808976517,1065103.9512622764
2025-05-03T11:50:00.000+0000,308233.5878053455,1415.4693808976517,1065337.2249137256
2025-05-03T12:00:00.000+0000,300475.3052306814,1415.4693808976517,1066159.2062141206
2025-05-03T12:10:00.000+0000,296815.7379784819,1415.4693808976517,1066234.1468401344
2025-05-03T12:20:00.000+0000,289496.60347408155,1415.4693808976517,1068158.3449696454
2025-05-03T12:30:00.000+0000,283494.91318047355,1415.4693808976517,1068507.1840337296
2025-05-03T12:40:00.000+0000,278517.90171748184,1415.4693808976517,1068993.8634805714
2025-05-03T12:50:00.000+0000,276175.7786760733,1415.4693808976517,1069543.7388652747
2025-05-03T13:00:00.000+0000,274858.3344652814,1415.4693808976517,1069668.1133305994
2025-05-03T13:10:00.000+0000,272223.4460436977,1415.4693808976517,1070645.397136409
2025-05-03T13:20:00.000+0000,271345.14990316966,1415.4693808976517,1071092.8782130205
2025-05-03T13:30:00.000+0000,270466.8537626417,1415.4693808976517,1070944.0162501629
2025-05-03T13:40:00.000+0000,269149.4095518499,1415.4693808976517,1071723.9353566791
2025-05-03T13:50:00.000+0000,264172.3980888579,1415.4693808976517,1071859.1067913012
2025-05-03T14:00:00.000+0000,262123.04042762538,1415.4693808976517,1071983.6675290726
2025-05-03T14:10:00.000+0000,257292.41165472186,1415.4693808976517,1071276.8262883855
2025-05-03T14:20:00.000+0000,249534.12908005758,1415.4693808976517,1071525.1455735043
2025-05-03T14:30:00.000+0000,249973.27715032143,1415.4693808976517,1071010.9529382875
2025-05-03T14:40:00.000+0000,248509.45024944132,1415.4693808976517,1071725.7209035773
2025-05-03T14:50:00.000+0000,251290.72136111377,1415.4693808976517,1072076.2656541134
2025-05-03T15:00:00.000+0000,229626.08322808973,1415.4693808976517,1073179.5090072383
2025-05-03T15:10:00.000+0000,224063.54100474578,1415.4693808976517,1073699.2102862035
2025-05-03T15:20:00.000+0000,233578.4158604654,1415.4693808976517,1073304.537174461
2025-05-03T15:30:00.000+0000,244410.73492697766,1415.4693808976517,1073290.2100968824
2025-05-03T15:40:00.000+0000,253047.3136421697,1415.4693808976517,1073266.95845069
2025-05-03T15:50:00.000+0000,258024.32510516158,1415.4693808976517,1072213.7206320262
2025-05-03T16:00:00.000+0000,260659.2135267458,1415.4693808976517,1071280.6201238995
2025-05-03T16:10:00.000+0000,267831.9653410576,1415.4693808976517,1070707.3832021917
2025-05-03T16:20:00.000+0000,266514.52113026555,1415.4693808976517,1070370.0923767388
2025-05-03T16:30:00.000+0000,265636.2249897375,1415.4693808976517,1067747.7768330302
2025-05-03T16:40:00.000+0000,265197.0769194736,1415.4693808976517,1066808.1049829512
2025-05-03T16:50:00.000+0000,247777.53679900162,1415.4693808976517,1068026.4045020929
2025-05-03T17:00:00.000+0000,248216.68486926565,1415.4693808976517,1062606.4580194112
2025-05-03T17:10:00.000+0000,274711.9517751936,1415.4693808976517,1060610.8978875973
2025-05-03T17:20:00.000+0000,298865.0956397137,1415.4693808976517,1061063.9894501371
2025-05-03T17:30:00.000+0000,285251.50546152954,1415.4693808976517,1061480.3433364015
2025-05-03T17:40:00.000+0000,274272.80370492965,1415.4693808976517,1061777.452953866
2025-05-03T17:50:00.000+0000,274419.18639501726,1415.4693808976517,1064197.9881424608
2025-05-03T18:00:00.000+0000,263879.6327086815,1415.4693808976517,1064770.2181162336
2025-05-03T18:10:00.000+0000,253047.3136421697,1415.4693808976517,1066109.1607137187
2025-05-03T18:20:00.000+0000,237969.89656310563,1415.4693808976517,1066810.7937665195
2025-05-03T18:30:00.000+0000,224941.83714527366,1415.4693808976517,1065547.6213151016
2025-05-03T18:40:00.000+0000,214987.81421928952,1415.4693808976517,1064903.0290893544
2025-05-03T18:50:00.000+0000,207375.91433471363,1415.4693808976517,1064749.038003123
2025-05-03T19:00:00.000+0000,211767.39503735374,1415.4693808976517,1065128.825479305
2025-05-03T19:10:00.000+0000,201081.45866092958,1415.4693808976517,1067033.6164598686
2025-05-03T19:20:00.000+0000,177660.2282468497,1415.4693808976517,1067302.3541523316
2025-05-03T19:30:00.000+0000,162290.04578760965,1415.4693808976517,1068531.2362249019
2025-05-03T19:40:00.000+0000,136819.45771229765,1415.4693808976517,1068975.375611981
2025-05-03T19:50:00.000+0000,135502.0135015056,1415.4693808976517,1069664.7421294178
2025-05-03T20:00:00.000+0000,166827.9091803375,1415.4693808976517,1070498.6007864447
2025-05-03T20:10:00.000+0000,179563.20321799352,1415.4693808976517,1069621.015529678
2025-05-03T20:20:00.000+0000,164339.40344884162,1415.4693808976517,1069915.2409693454
2025-05-03T20:30:00.000+0000,165364.0822794578,1415.4693808976517,1069969.2826392532
2025-05-03T20:40:00.000+0000,167559.82263077775,1415.4693808976517,1069416.2451392007
2025-05-03T20:50:00.000+0000,170048.32836227372,1415.4693808976517,1070340.6113665465
2025-05-03T21:00:00.000+0000,166535.14380016155,1415.4693808976517,1068799.630848403
2025-05-03T21:10:00.000+0000,182637.23970984155,1415.4693808976517,1068951.661624874
2025-05-03T21:20:00.000+0000,180880.64742878525,1415.4693808976517,1071626.093647632
2025-05-03T21:30:00.000+0000,185272.12813142553,1415.4693808976517,1071777.21315666
2025-05-03T21:40:00.000+0000,186150.42427195376,1415.4693808976517,1070979.9889833606
2025-05-03T21:50:00.000+0000,188053.3992430975,1415.4693808976517,1070615.7001006217
2025-05-03T22:00:00.000+0000,187175.10310256964,1415.4693808976517,1069725.2321311557
2025-05-03T22:10:00.000+0000,189224.46076380165,1415.4693808976517,1069775.198531328
2025-05-03T22:20:00.000+0000,174878.95713517728,1415.4693808976517,1069767.7271721587
2025-05-03T22:30:00.000+0000,155995.59011382578,1415.4693808976517,1070928.206469349
2025-05-03T22:40:00.000+0000,149115.60367968978,1415.4693808976517,1071233.0994292875
2025-05-03T22:50:00.000+0000,150725.81327065753,1415.4693808976517,1070396.2477768026
2025-05-03T23:00:00.000+0000,148822.83829951377,1415.4693808976517,1069490.7582838442
2025-05-03T23:10:00.000+0000,183369.1531602813,1415.4693808976517,1069042.0051816977
2025-05-03T23:20:00.000+0000,197129.12602855352,1415.4693808976517,1066048.0942412275
2025-05-03T23:30:00.000+0000,208839.74123559392,1415.4693808976517,1065551.5971840345
2025-05-03T23:40:00.000+0000,198739.33561952144,1415.4693808976517,1066529.2894495744
2025-05-03T23:50:00.000+0000,217476.31995078537,1415.4693808976517,1065642.1004617503
2025-05-04T00:00:00.000+0000,197129.12602855352,1415.4693808976517,1065457.524663749
2025-05-04T00:10:00.000+0000,180734.2647386979,1415.4693808976517,1067155.2421344703
2025-05-04T00:20:00.000+0000,187321.48579265748,1415.4693808976517,1066350.8609909657
2025-05-04T00:30:00.000+0000,202691.66825189756,1415.4693808976517,1064512.0413084
2025-05-04T00:40:00.000+0000,213816.7526985858,1415.4693808976517,1063484.4279208067
2025-05-04T00:50:00.000+0000,207522.29702480172,1415.4693808976517,1063968.827857603
2025-05-04T01:00:00.000+0000,208254.21047524156,1415.4693808976517,1064559.0798445237
2025-05-04T01:10:00.000+0000,207522.29702480172,1415.4693808976517,1066193.912028179
2025-05-04T01:20:00.000+0000,209278.88930585788,1415.4693808976517,1067331.5039160803
2025-05-04T01:30:00.000+0000,211913.77772744125,1415.4693808976517,1066087.6742959926
2025-05-04T01:40:00.000+0000,226844.8121164175,1415.4693808976517,1062016.5038590515
2025-05-04T01:50:00.000+0000,239872.8715342498,1415.4693808976517,1064349.1460255617
2025-05-04T02:00:00.000+0000,233578.4158604654,1415.4693808976517,1068485.2601454824
2025-05-04T02:10:00.000+0000,230797.14474879368,1415.4693808976517,1069833.906724337
2025-05-04T02:20:00.000+0000,224209.92369483347,1415.4693808976517,1069461.774196894
2025-05-04T02:30:00.000+0000,236945.21773248987,1415.4693808976517,1065834.1805558049
2025-05-04T02:40:00.000+0000,257731.5597249858,1415.4693808976517,1064224.7766309157
2025-05-04T02:50:00.000+0000,261391.12697718546,1415.4693808976517,1064291.8473557464
2025-05-04T03:00:00.000+0000,272516.2114238737,1415.4693808976517,1061835.8081959148
2025-05-04T03:10:00.000+0000,279103.4324778333,1415.4693808976517,1061725.1387285038
2025-05-04T03:20:00.000+0000,276029.3959859859,1415.4693808976517,1062280.8505424466
2025-05-04T03:30:00.000+0000,275443.8652256336,1415.4693808976517,1063598.8041284462
2025-05-04T03:40:00.000+0000,265050.694229386,1415.4693808976517,1063049.7502330237
2025-05-04T03:50:00.000+0000,266514.52113026555,1415.4693808976517,1062933.5699755629
2025-05-04T04:00:00.000+0000,263440.4846384175,1415.4693808976517,1062124.106873746
2025-05-04T04:10:00.000+0000,260805.59621683345,1415.4693808976517,1063434.7826078625
2025-05-04T04:20:00.000+0000,253632.8444025213,1415.4693808976517,1063432.3063532198
2025-05-04T04:30:00.000+0000,255974.9674439297,1415.4693808976517,1061414.2919364583
2025-05-04T04:40:00.000+0000,270613.23645272956,1415.4693808976517,1061359.1776506305
2025-05-04T04:50:00.000+0000,271052.3845229935,1415.4693808976517,1061169.5113269687
2025-05-04T05:00:00.000+0000,256560.49820428138,1415.4693808976517,1062456.9469423345
2025-05-04T05:10:00.000+0000,254950.28861331329,1415.4693808976517,1063377.8288939523
2025-05-04T05:20:00.000+0000,254364.75785296183,1415.4693808976517,1064500.3504835728
2025-05-04T05:30:00.000+0000,253632.8444025213,1415.4693808976517,1066169.35778951
2025-05-04T05:40:00.000+0000,245142.64837741744,1415.4693808976517,1066212.26397312
2025-05-04T05:50:00.000+0000,233139.2677902014,1415.4693808976517,1067692.549454797
2025-05-04T06:00:00.000+0000,231382.67550914572,1415.4693808976517,1066897.3282043587
2025-05-04T06:10:00.000+0000,234163.94662081744,1415.4693808976517,1065973.8030245085
2025-05-04T06:20:00.000+0000,253193.69633225742,1415.4693808976517,1064859.8329220333
2025-05-04T06:30:00.000+0000,259195.38662586565,1415.4693808976517,1064673.2992377894
2025-05-04T06:40:00.000+0000,233871.1812406417,1415.4693808976517,1064674.0665865273
2025-05-04T06:50:00.000+0000,222014.18334351387,1415.4693808976517,1065330.8725396045
2025-05-04T07:00:00.000+0000,221428.6525831615,1415.4693808976517,1064391.0310330587
2025-05-04T07:10:00.000+0000,220989.50451289752,1415.4693808976517,1064606.8540892939
2025-05-04T07:20:00.000+0000,221867.8006534256,1415.4693808976517,1064226.0612570443
2025-05-04T07:30:00.000+0000,223038.86217412955,1415.4693808976517,1062676.615828324
2025-05-04T07:40:00.000+0000,254511.1405430495,1415.4693808976517,1062689.8394636835
2025-05-04T07:50:00.000+0000,270613.23645272956,1415.4693808976517,1063303.8011451075
2025-05-04T08:00:00.000+0000,272077.0633536096,1415.4693808976517,1064225.5777481885
2025-05-04T08:10:00.000+0000,280274.49399853765,1415.4693808976517,1063446.366484113
2025-05-04T08:20:00.000+0000,284519.5920110895,1415.4693808976517,1062102.4207513288
2025-05-04T08:30:00.000+0000,287740.01119302545,1415.4693808976517,1061838.8692828768
2025-05-04T08:40:00.000+0000,290667.66499478545,1415.4693808976517,1060218.5185497967
2025-05-04T08:50:00.000+0000,279542.5805480974,1415.4693808976517,1060980.7042943672
2025-05-04T09:00:00.000+0000,285837.036221882,1415.4693808976517,1059320.6143222055
2025-05-04T09:10:00.000+0000,284958.7400813539,1415.4693808976517,1058874.6089733485
2025-05-04T09:20:00.000+0000,292570.6399659298,1415.4693808976517,1057940.0544598429
2025-05-04T09:30:00.000+0000,292277.874585754,1415.4693808976517,1057914.9558735115
2025-05-04T09:40:00.000+0000,289057.4554038175,1415.4693808976517,1058682.093590792
2025-05-04T09:50:00.000+0000,288618.30733355356,1415.4693808976517,1058704.9357041041
2025-05-04T10:00:00.000+0000,277200.4575066896,1415.4693808976517,1058381.369711997
2025-05-04T10:10:00.000+0000,279688.96323818556,1415.4693808976517,1057092.2158274443
2025-05-04T10:20:00.000+0000,279103.4324778333,1415.4693808976517,1057650.4489147903
2025-05-04T10:30:00.000+0000,262854.95387806575,1415.4693808976517,1059328.3258528647
2025-05-04T10:40:00.000+0000,260366.44814656986,1415.4693808976517,1059251.9751670817
2025-05-04T10:50:00.000+0000,253340.0790223457,1415.4693808976517,1059316.9928438948
2025-05-04T11:00:00.000+0000,245728.17913776965,1415.4693808976517,1059470.5363361074
2025-05-04T11:10:00.000+0000,241922.2291954818,1415.4693808976517,1061606.6776463469
2025-05-04T11:20:00.000+0000,234163.94662081744,1415.4693808976517,1061495.1971439468
2025-05-04T11:30:00.000+0000,231236.2928190576,1415.4693808976517,1060668.7546323957
2025-05-04T11:40:00.000+0000,228747.7870875616,1415.4693808976517,1060567.3377963072
2025-05-04T11:50:00.000+0000,223917.15831465763,1415.4693808976517,1059253.6851461374
2025-05-04T12:00:00.000+0000,225234.6025254495,1415.4693808976517,1060209.7333657844
2025-05-04T12:10:00.000+0000,226405.66404615346,1415.4693808976517,1060771.4670854798
2025-05-04T12:20:00.000+0000,222892.47948404177,1415.4693808976517,1060731.3949545105
2025-05-04T12:30:00.000+0000,220989.50451289752,1415.4693808976517,1060923.7200492339
2025-05-04T12:40:00.000+0000,213377.60462832148,1415.4693808976517,1061461.6221195962
2025-05-04T12:50:00.000+0000,213231.22193823342,1415.4693808976517,1060979.7560567958
2025-05-04T13:00:00.000+0000,211913.77772744125,1415.4693808976517,1061353.0783258094
2025-05-04T13:10:00.000+0000,221282.26989307354,1415.4693808976517,1058940.90405931
2025-05-04T13:20:00.000+0000,240312.01960451386,1415.4693808976517,1058870.7398472093
2025-05-04T13:30:00.000+0000,230504.37936861775,1415.4693808976517,1058851.9571835871
2025-05-04T13:40:00.000+0000,243093.29071618555,1415.4693808976517,1057427.3552593691
2025-05-04T13:50:00.000+0000,238848.19270363348,1415.4693808976517,1059368.0525092117
2025-05-04T14:00:00.000+0000,224941.83714527366,1415.4693808976517,1059370.8128630947
2025-05-04T14:10:00.000+0000,221575.03527324984,1415.4693808976517,1060751.3314448665
2025-05-04T14:20:00.000+0000,221867.8006534256,1415.4693808976517,1061995.1516838137
2025-05-04T14:30:00.000+0000,219086.5295417539,1415.4693808976517,1062322.3359704963
2025-05-04T14:40:00.000+0000,221135.88720298576,1415.4693808976517,1062962.8188986143
2025-05-04T14:50:00.000+0000,219672.06030210556,1415.4693808976517,1063666.7419157522
2025-05-04T15:00:00.000+0000,213377.60462832148,1415.4693808976517,1064582.4395303023
2025-05-04T15:10:00.000+0000,218061.8507111377,1415.4693808976517,1064853.2972712773
2025-05-04T15:20:00.000+0000,225380.98521553766,1415.4693808976517,1063926.440060252
2025-05-04T15:30:00.000+0000,221575.03527324984,1415.4693808976517,1063544.774558274
2025-05-04T15:40:00.000+0000,244703.50030715353,1415.4693808976517,1062266.9317009572
2025-05-04T15:50:00.000+0000,245728.17913776965,1415.4693808976517,1064060.573461282
2025-05-04T16:00:00.000+0000,241775.84650539348,1415.4693808976517,1064836.112567456
2025-05-04T16:10:00.000+0000,242214.9945756575,1415.4693808976517,1062782.9091049975
2025-05-04T16:20:00.000+0000,242507.75995583337,1415.4693808976517,1063908.2156952536
2025-05-04T16:30:00.000+0000,240751.1676747779,1415.4693808976517,1063015.5722042243
2025-05-04T16:40:00.000+0000,256414.11551419375,1415.4693808976517,1061737.271835172
2025-05-04T16:50:00.000+0000,265197.0769194736,1415.4693808976517,1061756.6760418836
2025-05-04T17:00:00.000+0000,259634.5346961294,1415.4693808976517,1063222.8335962393
2025-05-04T17:10:00.000+0000,255682.2020637539,1415.4693808976517,1063915.2397376206
2025-05-04T17:20:00.000+0000,269442.1749320255,1415.4693808976517,1062415.287117933
2025-05-04T17:30:00.000+0000,282470.2343498579,1415.4693808976517,1061192.5459458504
2025-05-04T17:40:00.000+0000,266953.6692005295,1415.4693808976517,1062330.2147519623
2025-05-04T17:50:00.000+0000,260512.83083665746,1415.4693808976517,1064127.7824797048
2025-05-04T18:00:00.000+0000,256853.2635844577,1415.4693808976517,1064495.7566575138
2025-05-04T18:10:00.000+0000,258902.62124568954,1415.4693808976517,1064170.205431676
2025-05-04T18:20:00.000+0000,273980.03832475387,1415.4693808976517,1065045.611670209
2025-05-04T18:30:00.000+0000,280128.1113084494,1415.4693808976517,1064059.8798291606
2025-05-04T18:40:00.000+0000,288179.1592632895,1415.4693808976517,1063252.6112884067
2025-05-04T18:50:00.000+0000,285544.2708417054,1415.4693808976517,1062426.0854197396
2025-05-04T19:00:00.000+0000,282323.8516597698,1415.4693808976517,1061158.878979177
2025-05-04T19:10:00.000+0000,280420.8766886253,1415.4693808976517,1061139.8009482303
2025-05-04T19:20:00.000+0000,309404.6493260493,1415.4693808976517,1061447.0042445133
2025-05-04T19:30:00.000+0000,298865.0956397137,1415.4693808976517,1062428.9175854372
2025-05-04T19:40:00.000+0000,298718.71294962533,1415.4693808976517,1063068.2903552135
2025-05-04T19:50:00.000+0000,315406.3396196575,1415.4693808976517,1062218.0443377513
2025-05-04T20:00:00.000+0000,301207.21868112194,1415.4693808976517,1062803.6088929875
2025-05-04T20:10:00.000+0000,303402.9590324413,1415.4693808976517,1062983.1753761426
2025-05-04T20:20:00.000+0000,290228.51692452154,1415.4693808976517,1064395.0087710763
2025-05-04T20:30:00.000+0000,280567.2593787133,1415.4693808976517,1065858.6742686024
2025-05-04T20:40:00.000+0000,286422.5669822336,1415.4693808976517,1065992.2804566664
2025-05-04T20:50:00.000+0000,282470.2343498579,1415.4693808976517,1066121.0204526554
2025-05-04T21:00:00.000+0000,287008.09774258547,1415.4693808976517,1065093.8943299458
2025-05-04T21:10:00.000+0000,303988.4897927935,1415.4693808976517,1064144.2829146865
2025-05-04T21:20:00.000+0000,307940.82242516975,1415.4693808976517,1064895.714580277
2025-05-04T21:30:00.000+0000,306330.61283420137,1415.4693808976517,1065200.7088458198
2025-05-04T21:40:00.000+0000,304427.63786305767,1415.4693808976517,1065927.9942137545
2025-05-04T21:50:00.000+0000,303256.57634235354,1415.4693808976517,1066163.984532836
2025-05-04T22:00:00.000+0000,310722.0935368414,1415.4693808976517,1060719.7746625654
2025-05-04T22:10:00.000+0000,325067.5971654653,1415.4693808976517,1060290.2231380623
2025-05-04T22:20:00.000+0000,332825.8797401296,1415.4693808976517,1060005.8941138994
2025-05-04T22:30:00.000+0000,341608.8411454099,1415.4693808976517,1054959.7464693242
2025-05-04T22:40:00.000+0000,334875.2374013614,1415.4693808976517,1054276.0635999981
2025-05-04T22:50:00.000+0000,336924.5950625938,1415.4693808976517,1054888.4927302483
2025-05-04T23:00:00.000+0000,350245.4198606015,1415.4693808976517,1052466.971502302
2025-05-04T23:10:00.000+0000,347903.2968191936,1415.4693808976517,1052052.4195195572
2025-05-04T23:20:00.000+0000,361663.26968746533,1415.4693808976517,1049196.607618399
2025-05-04T23:30:00.000+0000,368396.87343151396,1415.4693808976517,1047521.6001290856
2025-05-04T23:40:00.000+0000,372202.82337380166,1415.4693808976517,1046673.6566944129
2025-05-04T23:50:00.000+0000,368689.6388116896,1415.4693808976517,1047885.3711978584
2025-05-05T00:00:00.000+0000,369714.317642306,1415.4693808976517,1047311.5087176748
2025-05-05T00:10:00.000+0000,350977.333311042,1415.4693808976517,1048888.292849124
2025-05-05T00:20:00.000+0000,339413.1007940897,1415.4693808976517,1051309.8725102164
2025-05-05T00:30:00.000+0000,337510.12582294556,1415.4693808976517,1053531.672333396
2025-05-05T00:40:00.000+0000,338095.65658329776,1415.4693808976517,1053025.8352545197
2025-05-05T00:50:00.000+0000,336778.2123725058,1415.4693808976517,1054401.695639039
2025-05-05T01:00:00.000+0000,339852.24886435363,1415.4693808976517,1051471.0436215382
2025-05-05T01:10:00.000+0000,341316.0757652333,1415.4693808976517,1048476.1061570593
2025-05-05T01:20:00.000+0000,340584.1623147934,1415.4693808976517,1047519.5693400193
2025-05-05T01:30:00.000+0000,363127.09658834554,1415.4693808976517,1040924.8063233526
2025-05-05T01:40:00.000+0000,352587.54290200974,1415.4693808976517,1041166.2891889189
2025-05-05T01:50:00.000+0000,344536.4949471697,1415.4693808976517,1041238.2888137156
2025-05-05T02:00:00.000+0000,334728.8547112738,1415.4693808976517,1038244.2647808403
2025-05-05T02:10:00.000+0000,302671.0455820016,1415.4693808976517,1040475.9913092488
2025-05-05T02:20:00.000+0000,301646.36675138585,1415.4693808976517,1047295.9709899423
2025-05-05T02:30:00.000+0000,310868.4762269295,1415.4693808976517,1048129.5878836119
2025-05-05T02:40:00.000+0000,312332.30312780937,1415.4693808976517,1048367.6489398413
2025-05-05T02:50:00.000+0000,320676.11646282574,1415.4693808976517,1048675.0741640492
2025-05-05T03:00:00.000+0000,313064.2165782499,1415.4693808976517,1047340.3781024932
2025-05-05T03:10:00.000+0000,314528.0434791295,1415.4693808976517,1046126.2133415258
2025-05-05T03:20:00.000+0000,302524.66289191344,1415.4693808976517,1046697.1897748276
2025-05-05T03:30:00.000+0000,298425.9475694495,1415.4693808976517,1047061.9227727749
2025-05-05T03:40:00.000+0000,296376.58990821766,1415.4693808976517,1047765.0682641002
2025-05-05T03:50:00.000+0000,295644.67645777785,1415.4693808976517,1047583.184209761
2025-05-05T04:00:00.000+0000,293595.3187965454,1415.4693808976517,1047880.5264688006
2025-05-05T04:10:00.000+0000,296669.3552883935,1415.4693808976517,1047638.4228560783
2025-05-05T04:20:00.000+0000,290374.8996146098,1415.4693808976517,1050833.7590186822
2025-05-05T04:30:00.000+0000,279688.96323818556,1415.4693808976517,1052282.71147935
2025-05-05T04:40:00.000+0000,281006.40744897764,1415.4693808976517,1053434.5425357528
2025-05-05T04:50:00.000+0000,264611.54615912196,1415.4693808976517,1053509.7943312782
2025-05-05T05:00:00.000+0000,259049.00393577773,1415.4693808976517,1053990.4106096355
2025-05-05T05:10:00.000+0000,259341.76931595354,1415.4693808976517,1052806.3800241828
2025-05-05T05:20:00.000+0000,251729.86943137777,1415.4693808976517,1054279.0011759805
2025-05-05T05:30:00.000+0000,253193.69633225742,1415.4693808976517,1054101.1071473178
2025-05-05T05:40:00.000+0000,251876.25212146554,1415.4693808976517,1055312.4316760977
2025-05-05T05:50:00.000+0000,247777.53679900162,1415.4693808976517,1056450.9286697537
2025-05-05T06:00:00.000+0000,245289.0310675057,1415.4693808976517,1057830.4325321764
2025-05-05T06:10:00.000+0000,256853.2635844577,1415.4693808976517,1057247.7904752344
2025-05-05T06:20:00.000+0000,268271.11341132165,1415.4693808976517,1057764.0549207504
2025-05-05T06:30:00.000+0000,259634.5346961294,1415.4693808976517,1058149.0551546393
2025-05-05T06:40:00.000+0000,261976.65773753772,1415.4693808976517,1058697.8898050142
2025-05-05T06:50:00.000+0000,253486.46171243375,1415.4693808976517,1058852.622502222
2025-05-05T07:00:00.000+0000,253486.46171243375,1415.4693808976517,1058044.1829821786
2025-05-05T07:10:00.000+0000,252754.54826199354,1415.4693808976517,1058232.2843364994
2025-05-05T07:20:00.000+0000,264026.0153987696,1415.4693808976517,1059211.7849623226
2025-05-05T07:30:00.000+0000,256560.49820428138,1415.4693808976517,1059754.4444070994
2025-05-05T07:40:00.000+0000,255389.4366835773,1415.4693808976517,1060223.5135199763
2025-05-05T07:50:00.000+0000,256853.2635844577,1415.4693808976517,1060218.1758652045
2025-05-05T08:00:00.000+0000,255096.6713034017,1415.4693808976517,1059643.3254587257
2025-05-05T08:10:00.000+0000,253340.0790223457,1415.4693808976517,1059287.3532752553
2025-05-05T08:20:00.000+0000,255535.81937366564,1415.4693808976517,1059148.4869050642
2025-05-05T08:30:00.000+0000,260512.83083665746,1415.4693808976517,1058750.2933433987
2025-05-05T08:40:00.000+0000,268124.7307212335,1415.4693808976517,1060175.529947875
2025-05-05T08:50:00.000+0000,272955.3594941377,1415.4693808976517,1059136.7955615206
2025-05-05T09:00:00.000+0000,271052.3845229935,1415.4693808976517,1059149.448038305
2025-05-05T09:10:00.000+0000,272223.4460436977,1415.4693808976517,1058762.7804563195
2025-05-05T09:20:00.000+0000,263733.25001859386,1415.4693808976517,1059015.8839267655
2025-05-05T09:30:00.000+0000,259049.00393577773,1415.4693808976517,1059404.299271728
2025-05-05T09:40:00.000+0000,259488.15200604184,1415.4693808976517,1058981.6535907905
2025-05-05T09:50:00.000+0000,258609.85586551388,1415.4693808976517,1057707.5959837805
2025-05-05T10:00:00.000+0000,271637.9152833457,1415.4693808976517,1055683.6052344607
2025-05-05T10:10:00.000+0000,294619.9976271615,1415.4693808976517,1054109.8631326158
2025-05-05T10:20:00.000+0000,300036.15716041747,1415.4693808976517,1052420.0820269964
2025-05-05T10:30:00.000+0000,299743.39178024157,1415.4693808976517,1048889.2719487124
2025-05-05T10:40:00.000+0000,311014.85891701747,1415.4693808976517,1046051.3185480647
2025-05-05T10:50:00.000+0000,318773.14149168145,1415.4693808976517,1046509.4258643561
2025-05-05T11:00:00.000+0000,314088.8954088656,1415.4693808976517,1047844.4325767071
2025-05-05T11:10:00.000+0000,300328.9225405939,1415.4693808976517,1048956.4702356267
2025-05-05T11:20:00.000+0000,301792.74944147345,1415.4693808976517,1046117.3222820882
2025-05-05T11:30:00.000+0000,347171.38336875394,1415.4693808976517,1044468.4656230179
2025-05-05T11:40:00.000+0000,347171.38336875394,1415.4693808976517,1044911.6446906487
2025-05-05T11:50:00.000+0000,337510.12582294556,1415.4693808976517,1047366.0438320132
2025-05-05T12:00:00.000+0000,338388.4219634735,1415.4693808976517,1045772.9114744179
2025-05-05T12:10:00.000+0000,329605.4605581936,1415.4693808976517,1048751.1589762978
2025-05-05T12:20:00.000+0000,322286.3260537936,1415.4693808976517,1048621.439362004
2025-05-05T12:30:00.000+0000,324628.4490952013,1415.4693808976517,1049609.612875368
2025-05-05T12:40:00.000+0000,330337.37400863355,1415.4693808976517,1048833.6486756252
2025-05-05T12:50:00.000+0000,332825.8797401296,1415.4693808976517,1048206.1385155858
2025-05-05T13:00:00.000+0000,333118.64512030577,1415.4693808976517,1047255.8082670185
2025-05-05T13:10:00.000+0000,342487.1372859378,1415.4693808976517,1047168.8887015509
2025-05-05T13:20:00.000+0000,329312.6951780175,1415.4693808976517,1046774.5656342513
2025-05-05T13:30:00.000+0000,330630.1393888095,1415.4693808976517,1044531.4069375703
2025-05-05T13:40:00.000+0000,362248.80044781754,1415.4693808976517,1043170.7835655634
2025-05-05T13:50:00.000+0000,330483.7566987218,1415.4693808976517,1044422.8066154397
2025-05-05T14:00:00.000+0000,330337.37400863355,1415.4693808976517,1049127.4321642448
2025-05-05T14:10:00.000+0000,331654.8182194258,1415.4693808976517,1048184.2792757491
2025-05-05T14:20:00.000+0000,329898.22593836964,1415.4693808976517,1046640.0366870195
2025-05-05T14:30:00.000+0000,342194.37190576154,1415.4693808976517,1045886.7302150856
2025-05-05T14:40:00.000+0000,332240.3489797779,1415.4693808976517,1049140.7206716556
2025-05-05T14:50:00.000+0000,329312.6951780175,1415.4693808976517,1047309.4503574793
2025-05-05T15:00:00.000+0000,336192.68161215354,1415.4693808976517,1045664.0083086244
2025-05-05T15:10:00.000+0000,345853.9391579617,1415.4693808976517,1045562.7453089571
2025-05-05T15:20:00.000+0000,344390.11225708167,1415.4693808976517,1047105.5395174206
2025-05-05T15:30:00.000+0000,348927.9756498096,1415.4693808976517,1046574.040205694
2025-05-05T15:40:00.000+0000,352441.1602119216,1415.4693808976517,1042018.5108353301
2025-05-05T15:50:00.000+0000,356393.49284429767,1415.4693808976517,1043218.0381451412
2025-05-05T16:00:00.000+0000,353319.45635244955,1415.4693808976517,1044764.4967400916
2025-05-05T16:10:00.000+0000,335314.3854716256,1415.4693808976517,1046530.2181669617
2025-05-05T16:20:00.000+0000,318041.2280412418,1415.4693808976517,1050632.2287527742
2025-05-05T16:30:00.000+0000,319944.20301238575,1415.4693808976517,1050675.9239896392
2025-05-05T16:40:00.000+0000,318333.9934214175,1415.4693808976517,1051007.2760070972
2025-05-05T16:50:00.000+0000,319797.82032229775,1415.4693808976517,1050237.3551582654
2025-05-05T17:00:00.000+0000,312625.0685079856,1415.4693808976517,1049910.7621249487
2025-05-05T17:10:00.000+0000,314674.42616921745,1415.4693808976517,1049064.158252881
2025-05-05T17:20:00.000+0000,312625.0685079856,1415.4693808976517,1051379.8027839507
2025-05-05T17:30:00.000+0000,303549.34172252973,1415.4693808976517,1053032.8826468477
2025-05-05T17:40:00.000+0000,303402.9590324413,1415.4693808976517,1054361.7902580188
2025-05-05T17:50:00.000+0000,310868.4762269295,1415.4693808976517,1054646.836505763
2025-05-05T18:00:00.000+0000,310282.94546657737,1415.4693808976517,1054193.7921082852
2025-05-05T18:10:00.000+0000,305452.31669367367,1415.4693808976517,1056154.3089821914
2025-05-05T18:20:00.000+0000,306623.37821437774,1415.4693808976517,1055644.5703232917
2025-05-05T18:30:00.000+0000,298572.33025953773,1415.4693808976517,1056372.2424464393
2025-05-05T18:40:00.000+0000,305598.6993837616,1415.4693808976517,1060347.315199141
2025-05-05T18:50:00.000+0000,304574.0205531458,1415.4693808976517,1059321.1352034188
2025-05-05T19:00:00.000+0000,299157.8610198894,1415.4693808976517,1059546.05651798
2025-05-05T19:10:00.000+0000,299450.62640006584,1415.4693808976517,1060516.6521155457
2025-05-05T19:20:00.000+0000,311014.85891701747,1415.4693808976517,1059059.6893138005
2025-05-05T19:30:00.000+0000,317602.0799709775,1415.4693808976517,1057657.0871050307
2025-05-05T19:40:00.000+0000,315552.72230974585,1415.4693808976517,1057505.0022058762
2025-05-05T19:50:00.000+0000,318919.5241817697,1415.4693808976517,1056241.9273218936
2025-05-05T20:00:00.000+0000,324774.83178528945,1415.4693808976517,1054797.2672297074
2025-05-05T20:10:00.000+0000,335460.76816171367,1415.4693808976517,1054853.005464285
2025-05-05T20:20:00.000+0000,340876.9276949694,1415.4693808976517,1054037.4167454513
2025-05-05T20:30:00.000+0000,352587.54290200974,1415.4693808976517,1048622.7596793287
2025-05-05T20:40:00.000+0000,361809.6523775535,1415.4693808976517,1049473.5516363203
2025-05-05T20:50:00.000+0000,353319.45635244955,1415.4693808976517,1051578.5542287698
2025-05-05T21:00:00.000+0000,348635.21026963356,1415.4693808976517,1052758.9314186028
2025-05-05T21:10:00.000+0000,337949.27389320935,1415.4693808976517,1055637.427304048
2025-05-05T21:20:00.000+0000,332679.497050042,1415.4693808976517,1056990.4461118304
2025-05-05T21:30:00.000+0000,335314.3854716256,1415.4693808976517,1054440.3154100734
2025-05-05T21:40:00.000+0000,341169.6930751459,1415.4693808976517,1056528.9097335045
2025-05-05T21:50:00.000+0000,326970.5721366095,1415.4693808976517,1058293.8348722807
2025-05-05T22:00:00.000+0000,325799.5106159059,1415.4693808976517,1058820.6842768856
2025-05-05T22:10:00.000+0000,319651.4376322094,1415.4693808976517,1059567.0238070895
2025-05-05T22:20:00.000+0000,318773.14149168145,1415.4693808976517,1060324.2975270322
2025-05-05T22:30:00.000+0000,312039.5377476335,1415.4693808976517,1061538.8895100113
2025-05-05T22:40:00.000+0000,300768.070610858,1415.4693808976517,1063281.4611507275
2025-05-05T22:50:00.000+0000,294180.84955689753,1415.4693808976517,1062974.2165738535
2025-05-05T23:00:00.000+0000,290667.66499478545,1415.4693808976517,1063012.3262487599
2025-05-05T23:10:00.000+0000,292570.6399659298,1415.4693808976517,1063308.7789448737
2025-05-05T23:20:00.000+0000,290374.8996146098,1415.4693808976517,1061934.6834937453
2025-05-05T23:30:00.000+0000,297108.5033586576,1415.4693808976517,1061244.9618433286
2025-05-05T23:40:00.000+0000,307062.5262846419,1415.4693808976517,1060002.4980601836
2025-05-05T23:50:00.000+0000,312625.0685079856,1415.4693808976517,1058890.2781442036
2025-05-06T00:00:00.000+0000,313210.59926833736,1415.4693808976517,1057525.238579801
2025-05-06T00:10:00.000+0000,325799.5106159059,1415.4693808976517,1056118.1175405213
2025-05-06T00:20:00.000+0000,305305.9340035856,1415.4693808976517,1055878.0803723438
2025-05-06T00:30:00.000+0000,304281.2551729694,1415.4693808976517,1055753.2896758746
2025-05-06T00:40:00.000+0000,313064.2165782499,1415.4693808976517,1054334.4164363868
2025-05-06T00:50:00.000+0000,303256.57634235354,1415.4693808976517,1054586.8225186837
2025-05-06T01:00:00.000+0000,300182.53985050565,1415.4693808976517,1054220.3591696732
2025-05-06T01:10:00.000+0000,277346.84019677783,1415.4693808976517,1055835.7544512325
2025-05-06T01:20:00.000+0000,274126.42101484135,1415.4693808976517,1057009.981341578
2025-05-06T01:30:00.000+0000,291106.8130650495,1415.4693808976517,1052649.544672518
2025-05-06T01:40:00.000+0000,301646.36675138585,1415.4693808976517,1050367.7094171003
2025-05-06T01:50:00.000+0000,309111.8839458738,1415.4693808976517,1049874.682148099
2025-05-06T02:00:00.000+0000,316138.25307009736,1415.4693808976517,1049039.533776406
2025-05-06T02:10:00.000+0000,327116.9548266979,1415.4693808976517,1047292.9635248064
2025-05-06T02:20:00.000+0000,347756.91412910545,1415.4693808976517,1044907.8698589159
2025-05-06T02:30:00.000+0000,350099.0371705138,1415.4693808976517,1044950.8119573626
2025-05-06T02:40:00.000+0000,350830.9506209537,1415.4693808976517,1046510.9399126072
2025-05-06T02:50:00.000+0000,345561.17377778544,1415.4693808976517,1048140.3813740985
2025-05-06T03:00:00.000+0000,343658.1988066419,1415.4693808976517,1047673.7994888725
2025-05-06T03:10:00.000+0000,342926.2853562015,1415.4693808976517,1047279.3981529942
2025-05-06T03:20:00.000+0000,338973.9527238259,1415.4693808976517,1047595.5136945152
2025-05-06T03:30:00.000+0000,330776.52207889763,1415.4693808976517,1049674.5380554239
2025-05-06T03:40:00.000+0000,327263.3375167856,1415.4693808976517,1049650.4638467997
2025-05-06T03:50:00.000+0000,323896.5356447615,1415.4693808976517,1050445.2348203417
2025-05-06T04:00:00.000+0000,322579.0914339694,1415.4693808976517,1049093.6252763942
2025-05-06T04:10:00.000+0000,321554.41260335373,1415.4693808976517,1049253.1633268709
2025-05-06T04:20:00.000+0000,319651.4376322094,1415.4693808976517,1051138.1821077913
2025-05-06T04:30:00.000+0000,318333.9934214175,1415.4693808976517,1051160.102758727
2025-05-06T04:40:00.000+0000,317016.54921062547,1415.4693808976517,1050537.4293148313
2025-05-06T04:50:00.000+0000,317602.0799709775,1415.4693808976517,1051630.8593323498
2025-05-06T05:00:00.000+0000,318187.6107313296,1415.4693808976517,1051003.1500399122
2025-05-06T05:10:00.000+0000,319944.20301238575,1415.4693808976517,1050333.4938101615
2025-05-06T05:20:00.000+0000,317162.93190071353,1415.4693808976517,1049122.530835408
2025-05-06T05:30:00.000+0000,319065.90687185776,1415.4693808976517,1048440.5300789323
2025-05-06T05:40:00.000+0000,315845.48768992163,1415.4693808976517,1048851.6216367674
2025-05-06T05:50:00.000+0000,320529.7337727377,1415.4693808976517,1047962.0260776725
2025-05-06T06:00:00.000+0000,316138.25307009736,1415.4693808976517,1048829.733681216
2025-05-06T06:10:00.000+0000,312478.6858178976,1415.4693808976517,1049925.2234450155
2025-05-06T06:20:00.000+0000,312185.9204377216,1415.4693808976517,1050387.3272258884
2025-05-06T06:30:00.000+0000,323603.7702645855,1415.4693808976517,1049640.2391092281
2025-05-06T06:40:00.000+0000,317894.8453511536,1415.4693808976517,1050984.1427833466
2025-05-06T06:50:00.000+0000,318333.9934214175,1415.4693808976517,1051234.6327787088
2025-05-06T07:00:00.000+0000,313064.2165782499,1415.4693808976517,1052677.2674475834
2025-05-06T07:10:00.000+0000,313064.2165782499,1415.4693808976517,1051794.7291628148
2025-05-06T07:20:00.000+0000,318919.5241817697,1415.4693808976517,1051731.0816155476
2025-05-06T07:30:00.000+0000,325213.97985555365,1415.4693808976517,1050611.4192797546
2025-05-06T07:40:00.000+0000,337217.36044276966,1415.4693808976517,1050699.2997012455
2025-05-06T07:50:00.000+0000,337510.12582294556,1415.4693808976517,1051474.2563986194
2025-05-06T08:00:00.000+0000,337363.74313285784,1415.4693808976517,1049651.6761245385
2025-05-06T08:10:00.000+0000,352587.54290200974,1415.4693808976517,1045679.6060077942
2025-05-06T08:20:00.000+0000,372788.35413415334,1415.4693808976517,1044144.1606670946
2025-05-06T08:30:00.000+0000,357564.5543650017,1415.4693808976517,1046042.0747613074
2025-05-06T08:40:00.000+0000,355954.34477403376,1415.4693808976517,1046777.4230011355
2025-05-06T08:50:00.000+0000,350245.4198606015,1415.4693808976517,1047813.637446596
2025-05-06T09:00:00.000+0000,350830.9506209537,1415.4693808976517,1047445.3957855265
2025-05-06T09:10:00.000+0000,363859.01003878546,1415.4693808976517,1046224.0346607063
2025-05-06T09:20:00.000+0000,374984.0944854736,1415.4693808976517,1045818.8623526511
2025-05-06T09:30:00.000+0000,362687.9485180815,1415.4693808976517,1045615.1125838524
2025-05-06T09:40:00.000+0000,377911.7482872334,1415.4693808976517,1044315.989363112
2025-05-06T09:50:00.000+0000,368104.1080513375,1415.4693808976517,1045688.8278128172
2025-05-06T10:00:00.000+0000,373813.0329647697,1415.4693808976517,1046248.7526535126
2025-05-06T10:10:00.000+0000,371031.76185309724,1415.4693808976517,1044951.2035238957
2025-05-06T10:20:00.000+0000,362248.80044781754,1415.4693808976517,1045503.7826984206
2025-05-06T10:30:00.000+0000,358296.46781544155,1415.4693808976517,1045008.9468276363
2025-05-06T10:40:00.000+0000,358589.2331956177,1415.4693808976517,1040354.6149100604
2025-05-06T10:50:00.000+0000,376887.0694566178,1415.4693808976517,1040176.0776337911
2025-05-06T11:00:00.000+0000,389329.5981140973,1415.4693808976517,1041088.3502016931
2025-05-06T11:10:00.000+0000,386987.4750726896,1415.4693808976517,1041991.9329888574
2025-05-06T11:20:00.000+0000,401479.36139140173,1415.4693808976517,1039555.6100011831
2025-05-06T11:30:00.000+0000,402943.18829228135,1415.4693808976517,1037031.1018435527
2025-05-06T11:40:00.000+0000,400893.8306310496,1415.4693808976517,1036755.9364684841
2025-05-06T11:50:00.000+0000,407188.2863048333,1415.4693808976517,1033178.1352784967
2025-05-06T12:00:00.000+0000,406309.990164306,1415.4693808976517,1035888.8742588491
2025-05-06T12:10:00.000+0000,409530.4093462417,1415.4693808976517,1037082.7704513657
2025-05-06T12:20:00.000+0000,407773.8170651856,1415.4693808976517,1036230.7286920722
2025-05-06T12:30:00.000+0000,401332.97870131343,1415.4693808976517,1037065.4538571403
2025-05-06T12:40:00.000+0000,409823.1747264175,1415.4693808976517,1037513.786158322
2025-05-06T12:50:00.000+0000,399430.00373016996,1415.4693808976517,1038698.7843159206
2025-05-06T13:00:00.000+0000,388451.3019735698,1415.4693808976517,1034444.2653471113
2025-05-06T13:10:00.000+0000,390207.8942546255,1415.4693808976517,1034203.2297983471
2025-05-06T13:20:00.000+0000,390061.51156453777,1415.4693808976517,1032848.6679850986
2025-05-06T13:30:00.000+0000,392110.86922576994,1415.4693808976517,1032981.1629595289
2025-05-06T13:40:00.000+0000,372202.82337380166,1415.4693808976517,1032985.9120259534
2025-05-06T13:50:00.000+0000,364151.7754189618,1415.4693808976517,1029902.8443637126
2025-05-06T14:00:00.000+0000,346878.61798857746,1415.4693808976517,1034005.5298015061
2025-05-06T14:10:00.000+0000,306623.37821437774,1415.4693808976517,1037708.3974613543
2025-05-06T14:20:00.000+0000,280128.1113084494,1415.4693808976517,1040847.7442448828
2025-05-06T14:30:00.000+0000,292863.4053461055,1415.4693808976517,1040088.353955239
2025-05-06T14:40:00.000+0000,301792.74944147345,1415.4693808976517,1038737.7033803719
2025-05-06T14:50:00.000+0000,301060.8359910338,1415.4693808976517,1037213.7615189019
2025-05-06T15:00:00.000+0000,306037.84745402535,1415.4693808976517,1035017.2454634905
2025-05-06T15:10:00.000+0000,298572.33025953773,1415.4693808976517,1035730.7006592297
2025-05-06T15:20:00.000+0000,286276.18429214583,1415.4693808976517,1039892.1285951426
2025-05-06T15:30:00.000+0000,269442.1749320255,1415.4693808976517,1041293.278926977
2025-05-06T15:40:00.000+0000,271345.14990316966,1415.4693808976517,1041586.2189267231
2025-05-06T15:50:00.000+0000,270613.23645272956,1415.4693808976517,1040106.1288214163
2025-05-06T16:00:00.000+0000,277054.0748166015,1415.4693808976517,1037908.1914560103
2025-05-06T16:10:00.000+0000,258902.62124568954,1415.4693808976517,1037815.0178797909
2025-05-06T16:20:00.000+0000,276175.7786760733,1415.4693808976517,1038797.3565736414
2025-05-06T16:30:00.000+0000,262854.95387806575,1415.4693808976517,1040491.78677259
2025-05-06T16:40:00.000+0000,259195.38662586565,1415.4693808976517,1038890.9852559359
2025-05-06T16:50:00.000+0000,279103.4324778333,1415.4693808976517,1036504.0880768
2025-05-06T17:00:00.000+0000,285690.6535317935,1415.4693808976517,1036785.5433774571
2025-05-06T17:10:00.000+0000,271784.2979734338,1415.4693808976517,1040226.9375408402
2025-05-06T17:20:00.000+0000,274419.18639501726,1415.4693808976517,1041342.8339073248
2025-05-06T17:30:00.000+0000,277493.2228868655,1415.4693808976517,1043481.2753589759
2025-05-06T17:40:00.000+0000,292570.6399659298,1415.4693808976517,1040943.9217717096
2025-05-06T17:50:00.000+0000,311014.85891701747,1415.4693808976517,1040228.0819864334
2025-05-06T18:00:00.000+0000,309551.0320161377,1415.4693808976517,1041668.8110226647
2025-05-06T18:10:00.000+0000,303402.9590324413,1415.4693808976517,1042068.9386376126
2025-05-06T18:20:00.000+0000,279688.96323818556,1415.4693808976517,1044816.3689072536
2025-05-06T18:30:00.000+0000,275297.4825355455,1415.4693808976517,1045950.7072740584
2025-05-06T18:40:00.000+0000,274858.3344652814,1415.4693808976517,1045272.8873855262
2025-05-06T18:50:00.000+0000,265636.2249897375,1415.4693808976517,1045953.8736820113
2025-05-06T19:00:00.000+0000,260951.97890692158,1415.4693808976517,1048845.334581979
2025-05-06T19:10:00.000+0000,253779.22709260968,1415.4693808976517,1048892.0828393158
2025-05-06T19:20:00.000+0000,241775.84650539348,1415.4693808976517,1049175.8763603817
2025-05-06T19:30:00.000+0000,250119.65984040985,1415.4693808976517,1050156.4348552297
2025-05-06T19:40:00.000+0000,254218.37516287368,1415.4693808976517,1050736.4883610574
2025-05-06T19:50:00.000+0000,256853.2635844577,1415.4693808976517,1048981.4100492052
2025-05-06T20:00:00.000+0000,259195.38662586565,1415.4693808976517,1048481.0682175498
2025-05-06T20:10:00.000+0000,260366.44814656986,1415.4693808976517,1049344.3038784284
2025-05-06T20:20:00.000+0000,269588.55762211373,1415.4693808976517,1046086.3013965888
2025-05-06T20:30:00.000+0000,289642.98616416974,1415.4693808976517,1042653.6457887315
2025-05-06T20:40:00.000+0000,302085.51482164924,1415.4693808976517,1042806.5036795953
2025-05-06T20:50:00.000+0000,281591.9382093298,1415.4693808976517,1042395.5635525209
2025-05-06T21:00:00.000+0000,278957.04978774575,1415.4693808976517,1044501.3670028851
2025-05-06T21:10:00.000+0000,280713.6420688018,1415.4693808976517,1044225.8057686798
2025-05-06T21:20:00.000+0000,301939.13213156164,1415.4693808976517,1040986.3929618937
2025-05-06T21:30:00.000+0000,318187.6107313296,1415.4693808976517,1040991.563625217
2025-05-06T21:40:00.000+0000,312478.6858178976,1415.4693808976517,1043927.2681250984
2025-05-06T21:50:00.000+0000,312185.9204377216,1415.4693808976517,1044682.8495729752
2025-05-06T22:00:00.000+0000,263294.1019483298,1415.4693808976517,1047960.8871857568
2025-05-06T22:10:00.000+0000,246899.2406584736,1415.4693808976517,1052061.6578869838
2025-05-06T22:20:00.000+0000,242068.61188556984,1415.4693808976517,1056885.7670622857
2025-05-06T22:30:00.000+0000,223185.24486421782,1415.4693808976517,1057576.1855464175
2025-05-06T22:40:00.000+0000,198592.95292943373,1415.4693808976517,1059612.4934749738
2025-05-06T22:50:00.000+0000,206351.2355040974,1415.4693808976517,1061009.8820943856
2025-05-06T23:00:00.000+0000,208986.12392568146,1415.4693808976517,1059172.3148612808
2025-05-06T23:10:00.000+0000,210449.9508265617,1415.4693808976517,1059417.7164772847
2025-05-06T23:20:00.000+0000,206936.7662644496,1415.4693808976517,1062519.4952506917
2025-05-06T23:30:00.000+0000,209132.50661576964,1415.4693808976517,1063287.410475926
2025-05-06T23:40:00.000+0000,200349.54521048995,1415.4693808976517,1064558.2338606962
2025-05-06T23:50:00.000+0000,199617.6317600495,1415.4693808976517,1066576.5487154608
2025-05-07T00:00:00.000+0000,199764.01445013768,1415.4693808976517,1067150.8314600345
2025-05-07T00:10:00.000+0000,187028.72041248178,1415.4693808976517,1067635.318751474
2025-05-07T00:20:00.000+0000,176050.01865588187,1415.4693808976517,1072207.0148868572
2025-05-07T00:30:00.000+0000,182051.70894948987,1415.4693808976517,1075385.9803407232
2025-05-07T00:40:00.000+0000,177952.99362702545,1415.4693808976517,1075854.512081419
2025-05-07T00:50:00.000+0000,181466.1781891376,1415.4693808976517,1076569.8581629058
2025-05-07T01:00:00.000+0000,180587.88204860964,1415.4693808976517,1079326.4512678483
2025-05-07T01:10:00.000+0000,173415.13023429769,1415.4693808976517,1078847.469123487
2025-05-07T01:20:00.000+0000,171804.9206433299,1415.4693808976517,1080131.1982758413
2025-05-07T01:30:00.000+0000,172390.45140368136,1415.4693808976517,1079607.2847660575
2025-05-07T01:40:00.000+0000,178684.9070774655,1415.4693808976517,1076956.9754852122
2025-05-07T01:50:00.000+0000,187760.63386292144,1415.4693808976517,1074423.4687829926
2025-05-07T02:00:00.000+0000,214548.66614902546,1415.4693808976517,1071638.0915372903
2025-05-07T02:10:00.000+0000,228015.87363712196,1415.4693808976517,1071333.166955119
2025-05-07T02:20:00.000+0000,218208.233401226,1415.4693808976517,1071512.3300670814
2025-05-07T02:30:00.000+0000,228308.6390172977,1415.4693808976517,1070921.0076105427
2025-05-07T02:40:00.000+0000,232700.11971993773,1415.4693808976517,1069372.1791729503
2025-05-07T02:50:00.000+0000,241190.3157450418,1415.4693808976517,1066804.3295789254
2025-05-07T03:00:00.000+0000,236652.45235231347,1415.4693808976517,1065555.5680987774
2025-05-07T03:10:00.000+0000,247923.91948908955,1415.4693808976517,1062883.902072874
2025-05-07T03:20:00.000+0000,230797.14474879368,1415.4693808976517,1061703.3608516867
2025-05-07T03:30:00.000+0000,228162.2563272097,1415.4693808976517,1065232.7241415724
2025-05-07T03:40:00.000+0000,244264.3522368895,1415.4693808976517,1065114.8859171553
2025-05-07T03:50:00.000+0000,242361.3772657458,1415.4693808976517,1065440.9021667847
2025-05-07T04:00:00.000+0000,239433.72346398584,1415.4693808976517,1066486.268733897
2025-05-07T04:10:00.000+0000,237677.13118292968,1415.4693808976517,1068090.820140455
2025-05-07T04:20:00.000+0000,249534.12908005758,1415.4693808976517,1067030.0801363229
2025-05-07T04:30:00.000+0000,249094.98100979364,1415.4693808976517,1065730.4316074194
2025-05-07T04:40:00.000+0000,246020.9445179453,1415.4693808976517,1064864.4905291344
2025-05-07T04:50:00.000+0000,238848.19270363348,1415.4693808976517,1064840.8328288717
2025-05-07T05:00:00.000+0000,241336.69843512945,1415.4693808976517,1065154.4211946598
2025-05-07T05:10:00.000+0000,243678.82147653776,1415.4693808976517,1064999.8270682616
2025-05-07T05:20:00.000+0000,244264.3522368895,1415.4693808976517,1064675.7368232831
2025-05-07T05:30:00.000+0000,234017.5639307295,1415.4693808976517,1064241.877128111
2025-05-07T05:40:00.000+0000,241190.3157450418,1415.4693808976517,1063596.6245022023
2025-05-07T05:50:00.000+0000,243678.82147653776,1415.4693808976517,1063471.536292107
2025-05-07T06:00:00.000+0000,215134.19690937776,1415.4693808976517,1064146.5668873999
2025-05-07T06:10:00.000+0000,204009.11246268958,1415.4693808976517,1067447.6779047004
2025-05-07T06:20:00.000+0000,205180.1739833936,1415.4693808976517,1065569.5148421894
2025-05-07T06:30:00.000+0000,216744.4065003457,1415.4693808976517,1064798.2147598884
2025-05-07T06:40:00.000+0000,205765.70474374577,1415.4693808976517,1064355.010768288
2025-05-07T06:50:00.000+0000,204887.40860321771,1415.4693808976517,1065518.6438728382
2025-05-07T07:00:00.000+0000,196104.44719793784,1415.4693808976517,1066463.4426999895
2025-05-07T07:10:00.000+0000,192884.02801600154,1415.4693808976517,1067454.0176782282
2025-05-07T07:20:00.000+0000,187760.63386292144,1415.4693808976517,1068440.8414340536
2025-05-07T07:30:00.000+0000,184686.59737107359,1415.4693808976517,1068666.30681906
2025-05-07T07:40:00.000+0000,175464.4878955296,1415.4693808976517,1069503.2032309466
2025-05-07T07:50:00.000+0000,175610.87058561773,1415.4693808976517,1070929.0407292875
2025-05-07T08:00:00.000+0000,176050.01865588187,1415.4693808976517,1071539.4771316098
2025-05-07T08:10:00.000+0000,181612.56087922578,1415.4693808976517,1070717.9747881088
2025-05-07T08:20:00.000+0000,177952.99362702545,1415.4693808976517,1071535.964175884
2025-05-07T08:30:00.000+0000,167706.20532086547,1415.4693808976517,1072280.415226
2025-05-07T08:40:00.000+0000,161850.89771734562,1415.4693808976517,1074279.9093738627
2025-05-07T08:50:00.000+0000,161558.13233716966,1415.4693808976517,1073754.364430819
2025-05-07T09:00:00.000+0000,151311.3440310097,1415.4693808976517,1074470.989790539
2025-05-07T09:10:00.000+0000,148530.0729193375,1415.4693808976517,1073429.8169513221
2025-05-07T09:20:00.000+0000,146627.09794819378,1415.4693808976517,1073673.02561599
2025-05-07T09:30:00.000+0000,143992.2095266096,1415.4693808976517,1073115.1562289724
2025-05-07T09:40:00.000+0000,143113.91338608167,1415.4693808976517,1074726.0910953092
2025-05-07T09:50:00.000+0000,148383.6902292498,1415.4693808976517,1074783.1833800287
2025-05-07T10:00:00.000+0000,150872.19596074577,1415.4693808976517,1074338.8322599581
2025-05-07T10:10:00.000+0000,163900.2553785776,1415.4693808976517,1073884.9009824316
2025-05-07T10:20:00.000+0000,163461.10730831354,1415.4693808976517,1072274.28398387
2025-05-07T10:30:00.000+0000,167706.20532086547,1415.4693808976517,1071344.6891966297
2025-05-07T10:40:00.000+0000,164778.55151910556,1415.4693808976517,1073677.592944071
2025-05-07T10:50:00.000+0000,171804.9206433299,1415.4693808976517,1073117.338708158
2025-05-07T11:00:00.000+0000,184101.06661072173,1415.4693808976517,1072057.3429978788
2025-05-07T11:10:00.000+0000,182344.47432966562,1415.4693808976517,1073286.73994218
2025-05-07T11:20:00.000+0000,182344.47432966562,1415.4693808976517,1072423.1982003269
2025-05-07T11:30:00.000+0000,160094.30543628952,1415.4693808976517,1072513.631794671
2025-05-07T11:40:00.000+0000,150872.19596074577,1415.4693808976517,1073305.0468683606
2025-05-07T11:50:00.000+0000,148822.83829951377,1415.4693808976517,1072753.319991557
2025-05-07T12:00:00.000+0000,145456.03642748983,1415.4693808976517,1071661.5919044623
2025-05-07T12:10:00.000+0000,163314.72461822585,1415.4693808976517,1071300.6146808905
2025-05-07T12:20:00.000+0000,158484.09584532175,1415.4693808976517,1070856.8950216256
2025-05-07T12:30:00.000+0000,174000.66099464943,1415.4693808976517,1069566.439081172
2025-05-07T12:40:00.000+0000,178245.75900720144,1415.4693808976517,1069476.2434941572
2025-05-07T12:50:00.000+0000,179416.82052790571,1415.4693808976517,1070373.3457906828
2025-05-07T13:00:00.000+0000,186735.95503230585,1415.4693808976517,1068520.764823359
2025-05-07T13:10:00.000+0000,184247.4493008095,1415.4693808976517,1067707.5647094487
2025-05-07T13:20:00.000+0000,186882.3377223935,1415.4693808976517,1066792.4875648373
2025-05-07T13:30:00.000+0000,178684.9070774655,1415.4693808976517,1067752.9948493387
2025-05-07T13:40:00.000+0000,171512.15526315346,1415.4693808976517,1068042.7445903132
2025-05-07T13:50:00.000+0000,174000.66099464943,1415.4693808976517,1067873.51756472
2025-05-07T14:00:00.000+0000,164632.1688290173,1415.4693808976517,1069760.7499283424
2025-05-07T14:10:00.000+0000,156873.8862543538,1415.4693808976517,1070985.2511867778
2025-05-07T14:20:00.000+0000,151018.57865083343,1415.4693808976517,1070970.112537635
2025-05-07T14:30:00.000+0000,150725.81327065753,1415.4693808976517,1072243.8300000597
2025-05-07T14:40:00.000+0000,159216.0092957615,1415.4693808976517,1068784.1758161995
2025-05-07T14:50:00.000+0000,165364.0822794578,1415.4693808976517,1065383.821892507
2025-05-07T15:00:00.000+0000,167559.82263077775,1415.4693808976517,1064581.281786811
2025-05-07T15:10:00.000+0000,167998.97070104184,1415.4693808976517,1065312.7522974345
2025-05-07T15:20:00.000+0000,190981.05304485786,1415.4693808976517,1066075.0535579296
2025-05-07T15:30:00.000+0000,191712.96649529767,1415.4693808976517,1064596.4603483183
2025-05-07T15:40:00.000+0000,192444.87994573757,1415.4693808976517,1064283.6792614912
2025-05-07T15:50:00.000+0000,195372.53374749748,1415.4693808976517,1063688.5969973318
2025-05-07T16:00:00.000+0000,199471.2490699619,1415.4693808976517,1062277.6534425411
2025-05-07T16:10:00.000+0000,196543.59526820146,1415.4693808976517,1061627.9883802645
2025-05-07T16:20:00.000+0000,209571.6546860337,1415.4693808976517,1059758.1715108124
2025-05-07T16:30:00.000+0000,219086.5295417539,1415.4693808976517,1059139.4990834603
2025-05-07T16:40:00.000+0000,215134.19690937776,1415.4693808976517,1061065.6615381187
2025-05-07T16:50:00.000+0000,209278.88930585788,1415.4693808976517,1064413.4725924018
2025-05-07T17:00:00.000+0000,217915.46802104937,1415.4693808976517,1063722.0731395967
2025-05-07T17:10:00.000+0000,224502.68907500966,1415.4693808976517,1063013.5447153808
2025-05-07T17:20:00.000+0000,223770.7756245698,1415.4693808976517,1062459.7087809322
2025-05-07T17:30:00.000+0000,219379.29492192966,1415.4693808976517,1060902.438469789
2025-05-07T17:40:00.000+0000,206058.47012392152,1415.4693808976517,1060725.1509779629
2025-05-07T17:50:00.000+0000,199324.86637987357,1415.4693808976517,1056485.0336171414
2025-05-07T18:00:00.000+0000,196250.8298880255,1415.4693808976517,1054699.8077511056
2025-05-07T18:10:00.000+0000,198153.80485916967,1415.4693808976517,1055089.0877350243
2025-05-07T18:20:00.000+0000,196397.21257811377,1415.4693808976517,1061761.151839206
2025-05-07T18:30:00.000+0000,178099.37631711373,1415.4693808976517,1062507.2182610363
2025-05-07T18:40:00.000+0000,179563.20321799352,1415.4693808976517,1058835.3863857882
2025-05-07T18:50:00.000+0000,181466.1781891376,1415.4693808976517,1057026.8890202686
2025-05-07T19:00:00.000+0000,181758.94356931356,1415.4693808976517,1060462.4973982852
2025-05-07T19:10:00.000+0000,196689.97795828944,1415.4693808976517,1060425.8012798177
2025-05-07T19:20:00.000+0000,204155.49515277776,1415.4693808976517,1055953.2638977775
2025-05-07T19:30:00.000+0000,221282.26989307354,1415.4693808976517,1053858.9977130361
2025-05-07T19:40:00.000+0000,209718.03737612188,1415.4693808976517,1056696.012480894
2025-05-07T19:50:00.000+0000,226259.28135606556,1415.4693808976517,1057459.7425634398
2025-05-07T20:00:00.000+0000,233724.79855055336,1415.4693808976517,1057379.7765431753
2025-05-07T20:10:00.000+0000,226552.04673624167,1415.4693808976517,1058896.8776924894
2025-05-07T20:20:00.000+0000,235481.39083160972,1415.4693808976517,1058086.7375745315
2025-05-07T20:30:00.000+0000,224649.0717650974,1415.4693808976517,1058053.2718865583
2025-05-07T20:40:00.000+0000,217183.5545706096,1415.4693808976517,1056668.5919950576
2025-05-07T20:50:00.000+0000,208546.97585541735,1415.4693808976517,1059713.95281701
2025-05-07T21:00:00.000+0000,209571.6546860337,1415.4693808976517,1061405.1407629459
2025-05-07T21:10:00.000+0000,211767.39503735374,1415.4693808976517,1063411.881936393
2025-05-07T21:20:00.000+0000,208986.12392568146,1415.4693808976517,1064996.2041681474
2025-05-07T21:30:00.000+0000,206936.7662644496,1415.4693808976517,1065147.9647606215
2025-05-07T21:40:00.000+0000,203716.34708251394,1415.4693808976517,1066461.2094697782
2025-05-07T21:50:00.000+0000,199471.2490699619,1415.4693808976517,1065761.783319275
2025-05-07T22:00:00.000+0000,183954.6839206336,1415.4693808976517,1067883.8516208103
2025-05-07T22:10:00.000+0000,180441.49935852134,1415.4693808976517,1067569.256047729
2025-05-07T22:20:00.000+0000,186882.3377223935,1415.4693808976517,1067282.6123946179
2025-05-07T22:30:00.000+0000,176489.16672614578,1415.4693808976517,1068539.6643175557
2025-05-07T22:40:00.000+0000,174732.57444508985,1415.4693808976517,1070780.6335595706
2025-05-07T22:50:00.000+0000,174586.19175500155,1415.4693808976517,1070518.1774847063
2025-05-07T23:00:00.000+0000,172975.98216403354,1415.4693808976517,1070911.6353764744
2025-05-07T23:10:00.000+0000,174878.95713517728,1415.4693808976517,1072739.8028400987
2025-05-07T23:20:00.000+0000,183222.77047019362,1415.4693808976517,1071402.7610460778
2025-05-07T23:30:00.000+0000,193176.79339617732,1415.4693808976517,1069372.2362021522
2025-05-07T23:40:00.000+0000,203423.58170233748,1415.4693808976517,1067454.0532801303
2025-05-07T23:50:00.000+0000,200349.54521048995,1415.4693808976517,1067713.1754368765
2025-05-08T00:00:00.000+0000,193030.41070608975,1415.4693808976517,1067920.5662779184
2025-05-08T00:10:00.000+0000,187467.86848274575,1415.4693808976517,1068599.2701042634
2025-05-08T00:20:00.000+0000,189956.37421424172,1415.4693808976517,1069048.4678581941
2025-05-08T00:30:00.000+0000,192005.73187547358,1415.4693808976517,1067221.406537525
2025-05-08T00:40:00.000+0000,206936.7662644496,1415.4693808976517,1067152.4569909645
2025-05-08T00:50:00.000+0000,191712.96649529767,1415.4693808976517,1068681.8568344507
2025-05-08T01:00:00.000+0000,182051.70894948987,1415.4693808976517,1079967.5224356614
2025-05-08T01:10:00.000+0000,187175.10310256964,1415.4693808976517,1075512.1740679042
2025-05-08T01:20:00.000+0000,191566.5838052095,1415.4693808976517,1078444.3479050703
2025-05-08T01:30:00.000+0000,194640.6202970575,1415.4693808976517,1077727.1315692018
2025-05-08T01:40:00.000+0000,194201.47222679347,1415.4693808976517,1076219.7963132148
2025-05-08T01:50:00.000+0000,197275.50871864174,1415.4693808976517,1074205.0514790954
2025-05-08T02:00:00.000+0000,210010.80275629766,1415.4693808976517,1076533.8124197312
2025-05-08T02:10:00.000+0000,218647.38147148988,1415.4693808976517,1078290.22522351
2025-05-08T02:20:00.000+0000,197568.2740988175,1415.4693808976517,1079937.9419710904
2025-05-08T02:30:00.000+0000,190981.05304485786,1415.4693808976517,1085360.5195822688
2025-05-08T02:40:00.000+0000,178977.6724576417,1415.4693808976517,1085699.7109518275
2025-05-08T02:50:00.000+0000,176781.93210632174,1415.4693808976517,1085858.4698667654
2025-05-08T03:00:00.000+0000,166242.37841998576,1415.4693808976517,1085116.7464751485
2025-05-08T03:10:00.000+0000,154092.61514268158,1415.4693808976517,1089253.787441058
2025-05-08T03:20:00.000+0000,147651.7767788095,1415.4693808976517,1090436.5658364077
2025-05-08T03:30:00.000+0000,146187.94987792967,1415.4693808976517,1089995.9249353765
2025-05-08T03:40:00.000+0000,141650.08648520143,1415.4693808976517,1092887.1322851866
2025-05-08T03:50:00.000+0000,138722.43268344153,1415.4693808976517,1096036.7828886574
2025-05-08T04:00:00.000+0000,132574.35969974575,1415.4693808976517,1102423.9993766353
2025-05-08T04:10:00.000+0000,141942.8518653777,1415.4693808976517,1102494.22818357
2025-05-08T04:20:00.000+0000,134038.18660062537,1415.4693808976517,1103532.8534750466
2025-05-08T04:30:00.000+0000,134330.9519808017,1415.4693808976517,1104033.5598208224
2025-05-08T04:40:00.000+0000,139747.11151405764,1415.4693808976517,1101260.0961059472
2025-05-08T04:50:00.000+0000,174878.95713517728,1415.4693808976517,1099159.7678080134
2025-05-08T05:00:00.000+0000,158044.9477750575,1415.4693808976517,1099549.8368451868
2025-05-08T05:10:00.000+0000,164193.02075875385,1415.4693808976517,1097592.522016853
2025-05-08T05:20:00.000+0000,179416.82052790571,1415.4693808976517,1096455.2185207957
2025-05-08T05:30:00.000+0000,169023.64953165743,1415.4693808976517,1097861.2342487713
2025-05-08T05:40:00.000+0000,163900.2553785776,1415.4693808976517,1098540.8086164023
2025-05-08T05:50:00.000+0000,161704.51502725747,1415.4693808976517,1097265.3709799887
2025-05-08T06:00:00.000+0000,155995.59011382578,1415.4693808976517,1097351.3208448673
2025-05-08T06:10:00.000+0000,133745.4212204496,1415.4693808976517,1098751.8595513278
2025-05-08T06:20:00.000+0000,127743.7309268415,1415.4693808976517,1098962.0075268005
2025-05-08T06:30:00.000+0000,111495.25232707351,1415.4693808976517,1098723.5240777384
2025-05-08T06:40:00.000+0000,110909.7215667218,1415.4693808976517,1099640.333979073
2025-05-08T06:50:00.000+0000,106079.09279381763,1415.4693808976517,1100429.0106806136
2025-05-08T07:00:00.000+0000,104908.03127311365,1415.4693808976517,1101542.3241210966
2025-05-08T07:10:00.000+0000,99052.7236695938,1415.4693808976517,1102626.5451935437
2025-05-08T07:20:00.000+0000,89537.8488138736,1415.4693808976517,1104098.0666591502
2025-05-08T07:30:00.000+0000,92611.88530572181,1415.4693808976517,1104745.6995819923
2025-05-08T07:40:00.000+0000,83097.01045000151,1415.4693808976517,1108241.691844822
2025-05-08T07:50:00.000+0000,90269.76226431355,1415.4693808976517,1107719.5228964211
2025-05-08T08:00:00.000+0000,80022.97395815354,1415.4693808976517,1108295.0090563092
2025-05-08T08:10:00.000+0000,73582.13559428146,1415.4693808976517,1110250.9534778795
2025-05-08T08:20:00.000+0000,69922.56834208159,1415.4693808976517,1111003.252188086
2025-05-08T08:30:00.000+0000,76363.40670595368,1415.4693808976517,1111479.8004494056
2025-05-08T08:40:00.000+0000,80462.1220284175,1415.4693808976517,1114591.1805660687
2025-05-08T08:50:00.000+0000,83975.30659052951,1415.4693808976517,1113972.703515087
2025-05-08T09:00:00.000+0000,87927.63922290568,1415.4693808976517,1112306.2635923228
2025-05-08T09:10:00.000+0000,95832.30448765744,1415.4693808976517,1113431.7771042506
2025-05-08T09:20:00.000+0000,97296.13138853764,1415.4693808976517,1114007.4163046258
2025-05-08T09:30:00.000+0000,100662.93326056175,1415.4693808976517,1113526.9066976276
2025-05-08T09:40:00.000+0000,99391.5378112654,1415.4693808976517,1114220.2396671395
2025-05-08T09:50:00.000+0000,95991.64342444931,24085.711306785455,1116158.5300863525
2025-05-08T10:00:00.000+0000,94287.33393367205,42794.93991040926,1119669.3479418699
2025-05-08T10:10:00.000+0000,96078.58962179883,51014.77521725491,1119559.955865749
2025-05-08T10:20:00.000+0000,98059.80128347929,89569.22250482306,1121392.040711584
2025-05-08T10:30:00.000+0000,98059.80128347935,98059.80128347935,1121193.4122947452
2025-05-08T10:40:00.000+0000,98059.80128347935,98059.80128347935,1121140.9750056847
2025-05-08T10:50:00.000+0000,98059.80128347935,98059.80128347935,1122512.9962587128
2025-05-08T11:00:00.000+0000,98059.80128347935,98059.80128347935,1121785.7787229237
2025-05-08T11:10:00.000+0000,98059.80128347935,98059.80128347935,1121249.8541148775
2025-05-08T11:20:00.000+0000,98059.80128347935,98059.80128347935,1118885.2632687395
2025-05-08T11:30:00.000+0000,98059.80128347935,98059.80128347935,1117677.4050493399
2025-05-08T11:40:00.000+0000,98059.80128347935,98059.80128347935,1119967.1501540225
2025-05-08T11:50:00.000+0000,98059.80128347935,98059.80128347935,1121299.2751120955
2025-05-08T12:00:00.000+0000,98059.80128347935,98059.80128347935,1121131.7623581614
2025-05-08T12:10:00.000+0000,98059.80128347935,98059.80128347935,1121653.382943514
2025-05-08T12:20:00.000+0000,98059.80128347935,98059.80128347935,1124372.843881271
2025-05-08T12:30:00.000+0000,98059.80128347935,98059.80128347935,1121655.3708779805
2025-05-08T12:40:00.000+0000,98059.80128347935,98059.80128347935,1121677.003950865
2025-05-08T12:50:00.000+0000,98059.80128347935,98059.80128347935,1121566.0954029737
2025-05-08T13:00:00.000+0000,98059.80128347935,98059.80128347935,1122595.0941857249
2025-05-08T13:10:00.000+0000,98059.80128347935,98059.80128347935,1123384.4819670178
2025-05-08T13:20:00.000+0000,98059.80128347935,98059.80128347935,1123891.3785246452
2025-05-08T13:30:00.000+0000,98059.80128347935,98059.80128347935,1123779.6755756035
2025-05-08T13:40:00.000+0000,98059.80128347935,98059.80128347935,1121986.9405486186
2025-05-08T13:50:00.000+0000,98059.80128347935,98059.80128347935,1123308.529304532
2025-05-08T14:00:00.000+0000,98059.80128347935,98059.80128347935,1125080.8931070936
2025-05-08T14:10:00.000+0000,98059.80128347935,98059.80128347935,1122733.017684099
2025-05-08T14:20:00.000+0000,98059.80128347935,98059.80128347935,1124538.8313367288
2025-05-08T14:30:00.000+0000,98059.80128347935,98059.80128347935,1129351.7857625938
2025-05-08T14:40:00.000+0000,98059.80128347935,98059.80128347935,1131147.142331153
2025-05-08T14:50:00.000+0000,98059.80128347935,98059.80128347935,1132591.498524384
2025-05-08T15:00:00.000+0000,98059.80128347935,98059.80128347935,1133839.4800730597
2025-05-08T15:10:00.000+0000,98059.80128347935,98059.80128347935,1138530.699228587
2025-05-08T15:20:00.000+0000,98059.80128347935,98059.80128347935,1139425.0312535134
2025-05-08T15:30:00.000+0000,98059.80128347935,98059.80128347935,1148167.1685805763
2025-05-08T15:40:00.000+0000,98059.80128347935,98059.80128347935,1158635.573840112
2025-05-08T15:50:00.000+0000,98059.80128347935,98059.80128347935,1155463.2191754216
2025-05-08T16:00:00.000+0000,98059.80128347935,98059.80128347935,1153693.4811891792
2025-05-08T16:10:00.000+0000,98059.80128347935,98059.80128347935,1157559.9024035842
2025-05-08T16:20:00.000+0000,98059.80128347935,98059.80128347935,1154913.174930185
2025-05-08T16:30:00.000+0000,98059.80128347935,98059.80128347935,1153680.4095032974
2025-05-08T16:40:00.000+0000,98059.80128347935,98059.80128347935,1157243.2242529779
2025-05-08T16:50:00.000+0000,98059.80128347935,98059.80128347935,1157938.5426977198
2025-05-08T17:00:00.000+0000,98059.80128347935,98059.80128347935,1155963.260792715
2025-05-08T17:10:00.000+0000,98059.80128347935,98059.80128347935,1157218.4065285756
2025-05-08T17:20:00.000+0000,98059.80128347935,98059.80128347935,1158059.6547973822
2025-05-08T17:30:00.000+0000,98059.80128347935,98059.80128347935,1156163.640970058
2025-05-08T17:40:00.000+0000,98059.80128347935,98059.80128347935,1151806.7529300614
2025-05-08T17:50:00.000+0000,98059.80128347935,98059.80128347935,1153961.731563182
2025-05-08T18:00:00.000+0000,98059.80128347935,98059.80128347935,1154393.4822007094
2025-05-08T18:10:00.000+0000,98059.80128347935,98059.80128347935,1157914.429095448
2025-05-08T18:20:00.000+0000,98059.80128347935,98059.80128347935,1159333.3452252534
2025-05-08T18:30:00.000+0000,98059.80128347935,98059.80128347935,1160321.404832419
2025-05-08T18:40:00.000+0000,98059.80128347935,98059.80128347935,1161353.2738598648
2025-05-08T18:50:00.000+0000,98059.80128347935,98059.80128347935,1160742.259600704
2025-05-08T19:00:00.000+0000,98059.80128347935,98059.80128347935,1160673.206620096
2025-05-08T19:10:00.000+0000,98059.80128347935,98059.80128347935,1160224.1061742424
2025-05-08T19:20:00.000+0000,98059.80128347935,98059.80128347935,1162222.3518880305
2025-05-08T19:30:00.000+0000,98059.80128347935,98059.80128347935,1161838.5580116918
2025-05-08T19:40:00.000+0000,98059.80128347935,98059.80128347935,1162513.5979881254
2025-05-08T19:50:00.000+0000,98059.80128347935,98059.80128347935,1166692.9340667059
2025-05-08T20:00:00.000+0000,98059.80128347935,98059.80128347935,1173271.8763652681
2025-05-08T20:10:00.000+0000,98059.80128347935,98059.80128347935,1170153.6370335259
2025-05-08T20:20:00.000+0000,98059.80128347935,98059.80128347935,1171786.101520841
2025-05-08T20:30:00.000+0000,98059.80128347935,98059.80128347935,1176016.9735030376
2025-05-08T20:40:00.000+0000,98059.80128347935,98059.80128347935,1183319.368682731
2025-05-08T20:50:00.000+0000,98059.80128347935,98059.80128347935,1189382.0336579666
2025-05-08T21:00:00.000+0000,98059.80128347935,98059.80128347935,1184830.526472088
2025-05-08T21:10:00.000+0000,98059.80128347935,98059.80128347935,1188986.4133460862
2025-05-08T21:20:00.000+0000,98059.80128347935,98059.80128347935,1197937.2475497609
2025-05-08T21:30:00.000+0000,98059.80128347935,98059.80128347935,1196032.3072668791
2025-05-08T21:40:00.000+0000,98059.80128347935,98059.80128347935,1189359.3581517334
2025-05-08T21:50:00.000+0000,98059.80128347935,98059.80128347935,1185877.3247499103
2025-05-08T22:00:00.000+0000,98059.80128347935,98059.80128347935,1186361.8943610324
2025-05-08T22:10:00.000+0000,98059.80128347935,98059.80128347935,1185581.4796816423
2025-05-08T22:20:00.000+0000,98059.80128347935,98059.80128347935,1189258.5888915728
2025-05-08T22:30:00.000+0000,98059.80128347935,98059.80128347935,1187961.096585376
2025-05-08T22:40:00.000+0000,98059.80128347935,98059.80128347935,1190628.0014808371
2025-05-08T22:50:00.000+0000,98059.80128347935,98059.80128347935,1191491.384279873
2025-05-08T23:00:00.000+0000,98059.80128347935,98059.80128347935,1189047.641390695
2025-05-08T23:10:00.000+0000,98059.80128347935,98059.80128347935,1192684.9837725558
2025-05-08T23:20:00.000+0000,98059.80128347935,98059.80128347935,1195151.1815011161
2025-05-08T23:30:00.000+0000,98059.80128347935,98059.80128347935,1195307.4111118785
2025-05-08T23:40:00.000+0000,98059.80128347935,98059.80128347935,1199557.3788141524
2025-05-08T23:50:00.000+0000,98059.80128347935,98059.80128347935,1200227.3052100406
2025-05-09T00:00:00.000+0000,98059.80128347935,98059.80128347935,1200228.9755182315
2025-05-09T00:10:00.000+0000,98059.80128347935,98059.80128347935,1198839.3096261283
2025-05-09T00:20:00.000+0000,98059.80128347935,98059.80128347935,1197047.64508662
2025-05-09T00:30:00.000+0000,98059.80128347935,98059.80128347935,1194711.3843661756
2025-05-09T00:40:00.000+0000,98059.80128347935,98059.80128347935,1196444.9531875583
2025-05-09T00:50:00.000+0000,98059.80128347935,98059.80128347935,1197368.2995713004
2025-05-09T01:00:00.000+0000,98059.80128347935,98059.80128347935,1194886.0889320006
2025-05-09T01:10:00.000+0000,98059.80128347935,98059.80128347935,1198837.789711265
2025-05-09T01:20:00.000+0000,98059.80128347935,98059.80128347935,1196981.4926404306
2025-05-09T01:30:00.000+0000,98059.80128347935,98059.80128347935,1195907.9586286105
2025-05-09T01:40:00.000+0000,98059.80128347935,98059.80128347935,1196130.72209288
2025-05-09T01:50:00.000+0000,98059.80128347935,98059.80128347935,1198375.820467956
2025-05-09T02:00:00.000+0000,98059.80128347935,98059.80128347935,1199321.1947284269
2025-05-09T02:10:00.000+0000,98059.80128347935,98059.80128347935,1199082.1312940835
2025-05-09T02:20:00.000+0000,98059.80128347935,98059.80128347935,1196601.4344436764
2025-05-09T02:30:00.000+0000,98059.80128347935,98059.80128347935,1196426.597209372
2025-05-09T02:40:00.000+0000,98059.80128347935,98059.80128347935,1197053.968539244
2025-05-09T02:50:00.000+0000,98059.80128347935,98059.80128347935,1198279.5504800896
2025-05-09T03:00:00.000+0000,98059.80128347935,98059.80128347935,1198531.7512683002
2025-05-09T03:10:00.000+0000,98059.80128347935,98059.80128347935,1203484.3906114018
2025-05-09T03:20:00.000+0000,98059.80128347935,98059.80128347935,1202322.764722316
2025-05-09T03:30:00.000+0000,98059.80128347935,98059.80128347935,1198602.7838753853
2025-05-09T03:40:00.000+0000,98059.80128347935,98059.80128347935,1197319.6339302375
2025-05-09T03:50:00.000+0000,98059.80128347935,98059.80128347935,1193447.5877245085
2025-05-09T04:00:00.000+0000,98059.80128347935,98059.80128347935,1193261.0735984799
2025-05-09T04:10:00.000+0000,98059.80128347935,98059.80128347935,1196331.3740818049
2025-05-09T04:20:00.000+0000,98059.80128347935,98059.80128347935,1196946.825701303
2025-05-09T04:30:00.000+0000,98059.80128347935,98059.80128347935,1195262.3567899107
2025-05-09T04:40:00.000+0000,98059.80128347935,98059.80128347935,1196291.2518435384
2025-05-09T04:50:00.000+0000,98059.80128347935,98059.80128347935,1197605.724614762
2025-05-09T05:00:00.000+0000,98059.80128347935,98059.80128347935,1197517.2850987138
2025-05-09T05:10:00.000+0000,98059.80128347935,98059.80128347935,1198801.9788631198
2025-05-09T05:20:00.000+0000,98059.80128347935,98059.80128347935,1197688.848216273
2025-05-09T05:30:00.000+0000,98059.80128347935,98059.80128347935,1198723.957591929
2025-05-09T05:40:00.000+0000,98059.80128347935,98059.80128347935,1200106.981108341
2025-05-09T05:50:00.000+0000,98059.80128347935,98059.80128347935,1199365.4123490788
2025-05-09T06:00:00.000+0000,98059.80128347935,98059.80128347935,1201093.0897868865
2025-05-09T06:10:00.000+0000,98059.80128347935,98059.80128347935,1201902.5544984292
2025-05-09T06:20:00.000+0000,98059.80128347935,98059.80128347935,1206500.9260120029
2025-05-09T06:30:00.000+0000,98059.80128347935,98059.80128347935,1207909.7849144018
2025-05-09T06:40:00.000+0000,98059.80128347935,98059.80128347935,1207314.2915076357
2025-05-09T06:50:00.000+0000,98059.80128347935,98059.80128347935,1211384.1722299107
2025-05-09T07:00:00.000+0000,98059.80128347935,98059.80128347935,1215374.989649875
2025-05-09T07:10:00.000+0000,98059.80128347935,98059.80128347935,1221346.7879064255
2025-05-09T07:20:00.000+0000,98059.80128347935,98059.80128347935,1222766.1907466806
2025-05-09T07:30:00.000+0000,98059.80128347935,98059.80128347935,1223183.9576528082
2025-05-09T07:40:00.000+0000,98059.80128347935,98059.80128347935,1225970.3032665902
2025-05-09T07:50:00.000+0000,98059.80128347935,98059.80128347935,1236687.6406169217
2025-05-09T08:00:00.000+0000,98059.80128347935,98059.80128347935,1237915.662360998
2025-05-09T08:10:00.000+0000,98059.80128347935,98059.80128347935,1239952.9370836255
2025-05-09T08:20:00.000+0000,98059.80128347935,98059.80128347935,1242780.878275627
2025-05-09T08:30:00.000+0000,98059.80128347935,98059.80128347935,1254244.2809746382
2025-05-09T08:40:00.000+0000,98059.80128347935,98059.80128347935,1236036.1949440788
2025-05-09T08:50:00.000+0000,98059.80128347935,98059.80128347935,1241865.882985558
2025-05-09T09:00:00.000+0000,98059.80128347935,98059.80128347935,1237907.4856722008
2025-05-09T09:10:00.000+0000,98059.80128347935,98059.80128347935,1227573.271379472
2025-05-09T09:20:00.000+0000,98059.80128347935,98059.80128347935,1220562.1289624197
2025-05-09T09:30:00.000+0000,98059.80128347935,98059.80128347935,1223116.9197840907
2025-05-09T09:40:00.000+0000,98059.80128347935,98059.80128347935,1229568.8057735236
2025-05-09T09:50:00.000+0000,98059.80128347935,98059.80128347935,1226168.661141445
2025-05-09T10:00:00.000+0000,98059.80128347935,98059.80128347935,1231117.5814030825
2025-05-09T10:10:00.000+0000,98059.80128347935,98059.80128347935,1236541.95238615
2025-05-09T10:20:00.000+0000,98059.80128347935,98059.80128347935,1233361.3935601625
2025-05-09T10:30:00.000+0000,98059.80128347935,98059.80128347935,1233609.9862308716
2025-05-09T10:40:00.000+0000,98059.80128347935,98059.80128347935,1237969.608144632
2025-05-09T10:50:00.000+0000,98059.80128347935,98059.80128347935,1245715.8200501674
2025-05-09T11:00:00.000+0000,98059.80128347935,98059.80128347935,1248720.3631862234
2025-05-09T11:10:00.000+0000,98059.80128347935,98059.80128347935,1253499.979521916
2025-05-09T11:20:00.000+0000,98059.80128347935,98059.80128347935,1245642.831220143
2025-05-09T11:30:00.000+0000,98059.80128347935,98059.80128347935,1247681.5529726683
2025-05-09T11:40:00.000+0000,98059.80128347935,98059.80128347935,1249751.3182812082
2025-05-09T11:50:00.000+0000,98059.80128347935,98059.80128347935,1249205.142124677
2025-05-09T12:00:00.000+0000,98059.80128347935,98059.80128347935,1241374.2030505762
2025-05-09T12:10:00.000+0000,98059.80128347935,98059.80128347935,1239303.6417133007
2025-05-09T12:20:00.000+0000,98059.80128347935,98059.80128347935,1244921.6457314633
2025-05-09T12:30:00.000+0000,98059.80128347935,98059.80128347935,1245900.4328718742
2025-05-09T12:40:00.000+0000,98059.80128347935,98059.80128347935,1246219.0520155262
2025-05-09T12:50:00.000+0000,98059.80128347935,98059.80128347935,1246595.647641069
2025-05-09T13:00:00.000+0000,98059.80128347935,98059.80128347935,1248667.6718282884
2025-05-09T13:10:00.000+0000,98059.80128347935,98059.80128347935,1246927.3311821874
2025-05-09T13:20:00.000+0000,98059.80128347935,98059.80128347935,1245865.3478325177
2025-05-09T13:30:00.000+0000,98059.80128347935,98059.80128347935,1244113.95909048
2025-05-09T13:40:00.000+0000,98059.80128347935,98059.80128347935,1250515.4372474095
2025-05-09T13:50:00.000+0000,98059.80128347935,98059.80128347935,1256784.7422952116
2025-05-09T14:00:00.000+0000,98059.80128347935,98059.80128347935,1248297.323202299
2025-05-09T14:10:00.000+0000,98059.80128347935,98059.80128347935,1249963.549505128
2025-05-09T14:20:00.000+0000,98059.80128347935,98059.80128347935,1232985.472062102
2025-05-09T14:30:00.000+0000,98059.80128347935,98059.80128347935,1223481.9336618257
2025-05-09T14:40:00.000+0000,98059.80128347935,98059.80128347935,1227754.9736954675
2025-05-09T14:50:00.000+0000,98059.80128347935,98059.80128347935,1231763.3424618165
2025-05-09T15:00:00.000+0000,98059.80128347935,98059.80128347935,1233711.837783169
2025-05-09T15:10:00.000+0000,98059.80128347935,98059.80128347935,1236766.2861855146
2025-05-09T15:20:00.000+0000,98059.80128347935,98059.80128347935,1229641.401203648
2025-05-09T15:30:00.000+0000,98059.80128347935,98059.80128347935,1228885.5260160319
2025-05-09T15:40:00.000+0000,98059.80128347935,98059.80128347935,1229277.4012493282
2025-05-09T15:50:00.000+0000,98059.80128347935,98059.80128347935,1235005.5226158253
2025-05-09T16:00:00.000+0000,98059.80128347935,98059.80128347935,1226091.1579792963
2025-05-09T16:10:00.000+0000,98059.80128347935,98059.80128347935,1228588.6069636173
2025-05-09T16:20:00.000+0000,98059.80128347935,98059.80128347935,1234778.1837748436
2025-05-09T16:30:00.000+0000,98059.80128347935,98059.80128347935,1235589.0049421883
2025-05-09T16:40:00.000+0000,98059.80128347935,98059.80128347935,1233394.6598742376
2025-05-09T16:50:00.000+0000,98059.80128347935,98059.80128347935,1229389.1101364172
2025-05-09T17:00:00.000+0000,98059.80128347935,98059.80128347935,1229730.520195074
2025-05-09T17:10:00.000+0000,98059.80128347935,98059.80128347935,1238300.0553692698
2025-05-09T17:20:00.000+0000,98059.80128347935,98059.80128347935,1242477.9615347898
2025-05-09T17:30:00.000+0000,98059.80128347935,98059.80128347935,1244290.813180748
2025-05-09T17:40:00.000+0000,98059.80128347935,98059.80128347935,1245496.7665634383
2025-05-09T17:50:00.000+0000,98059.80128347935,98059.80128347935,1247928.0126991963
2025-05-09T18:00:00.000+0000,98059.80128347935,98059.80128347935,1246658.6004473462
2025-05-09T18:10:00.000+0000,98059.80128347935,98059.80128347935,1246162.2486413675
2025-05-09T18:20:00.000+0000,98059.80128347935,98059.80128347935,1245598.4380228356
2025-05-09T18:30:00.000+0000,98059.80128347935,98059.80128347935,1246781.178357047
2025-05-09T18:40:00.000+0000,98059.80128347935,98059.80128347935,1247814.7369736815
2025-05-09T18:50:00.000+0000,98059.80128347935,98059.80128347935,1247724.0951430155
2025-05-09T19:00:00.000+0000,98059.80128347935,98059.80128347935,1247150.6853453885
2025-05-09T19:10:00.000+0000,98059.80128347935,98059.80128347935,1242050.2100268626
2025-05-09T19:20:00.000+0000,98059.80128347935,98059.80128347935,1239533.1767250712
2025-05-09T19:30:00.000+0000,98059.80128347935,98059.80128347935,1241708.0677562298
2025-05-09T19:40:00.000+0000,98059.80128347935,98059.80128347935,1241941.4440457928
2025-05-09T19:50:00.000+0000,98059.80128347935,98059.80128347935,1242787.6930620978
2025-05-09T20:00:00.000+0000,98059.80128347935,98059.80128347935,1245305.2755407305
2025-05-09T20:10:00.000+0000,98059.80128347935,98059.80128347935,1248158.2689499347
2025-05-09T20:20:00.000+0000,98059.80128347935,98059.80128347935,1250249.8589695601
2025-05-09T20:30:00.000+0000,98059.80128347935,98059.80128347935,1246602.4140643154
2025-05-09T20:40:00.000+0000,98059.80128347935,98059.80128347935,1246781.2917266693
2025-05-09T20:50:00.000+0000,98059.80128347935,98059.80128347935,1247932.7234451242
2025-05-09T21:00:00.000+0000,98059.80128347935,98059.80128347935,1248996.4711916095
2025-05-09T21:10:00.000+0000,98059.80128347935,98059.80128347935,1244506.482141204
2025-05-09T21:20:00.000+0000,98059.80128347935,98059.80128347935,1241632.5937912795
2025-05-09T21:30:00.000+0000,98059.80128347935,98059.80128347935,1246376.4903894989
2025-05-09T21:40:00.000+0000,98059.80128347935,98059.80128347935,1244458.0547311113
2025-05-09T21:50:00.000+0000,98059.80128347935,98059.80128347935,1246355.370059902
2025-05-09T22:00:00.000+0000,98059.80128347935,98059.80128347935,1247117.549902143
2025-05-09T22:10:00.000+0000,98059.80128347935,98059.80128347935,1246195.345263258
2025-05-09T22:20:00.000+0000,98059.80128347935,98059.80128347935,1248330.887289359
2025-05-09T22:30:00.000+0000,98059.80128347935,98059.80128347935,1249007.3526090325
2025-05-09T22:40:00.000+0000,98059.80128347935,98059.80128347935,1248517.6480079237
2025-05-09T22:50:00.000+0000,98059.80128347935,98059.80128347935,1247894.8550327176
2025-05-09T23:00:00.000+0000,98059.80128347935,98059.80128347935,1247547.821905398
2025-05-09T23:10:00.000+0000,98059.80128347935,98059.80128347935,1248921.1159798952
2025-05-09T23:20:00.000+0000,98059.80128347935,98059.80128347935,1249300.4405785874
2025-05-09T23:30:00.000+0000,98059.80128347935,98059.80128347935,1247695.5745058479
2025-05-09T23:40:00.000+0000,98059.80128347935,98059.80128347935,1247477.9468632163
2025-05-09T23:50:00.000+0000,98059.80128347935,98059.80128347935,1248408.16398948
2025-05-10T00:00:00.000+0000,98059.80128347935,98059.80128347935,1250110.680928999
2025-05-10T00:10:00.000+0000,98059.80128347935,98059.80128347935,1253341.3034632362
2025-05-10T00:20:00.000+0000,98059.80128347935,98059.80128347935,1253637.9593249934
2025-05-10T00:30:00.000+0000,98059.80128347935,98059.80128347935,1247462.3721474963
2025-05-10T00:40:00.000+0000,98059.80128347935,98059.80128347935,1242955.1911048545
2025-05-10T00:50:00.000+0000,98059.80128347935,98059.80128347935,1240156.0750569862
2025-05-10T01:00:00.000+0000,98059.80128347935,98059.80128347935,1243459.2560333598
2025-05-10T01:10:00.000+0000,98059.80128347935,98059.80128347935,1244579.7213555104
2025-05-10T01:20:00.000+0000,98059.80128347935,98059.80128347935,1247030.6895657557
2025-05-10T01:30:00.000+0000,98059.80128347935,98059.80128347935,1248007.6383512346
2025-05-10T01:40:00.000+0000,98059.80128347935,98059.80128347935,1245916.1236579525
2025-05-10T01:50:00.000+0000,98059.80128347935,98059.80128347935,1243762.7375831606
2025-05-10T02:00:00.000+0000,98059.80128347935,98059.80128347935,1245429.3777293325
2025-05-10T02:10:00.000+0000,98059.80128347935,98059.80128347935,1243944.1989674503
2025-05-10T02:20:00.000+0000,98059.80128347935,98059.80128347935,1245462.7225177686
2025-05-10T02:30:00.000+0000,98059.80128347935,98059.80128347935,1245830.523819658
2025-05-10T02:40:00.000+0000,98059.80128347935,98059.80128347935,1249102.5438192906
2025-05-10T02:50:00.000+0000,98059.80128347935,98059.80128347935,1247675.3656673345
2025-05-10T03:00:00.000+0000,98059.80128347935,98059.80128347935,1245369.4226941161
2025-05-10T03:10:00.000+0000,98059.80128347935,98059.80128347935,1245964.2626762013
2025-05-10T03:20:00.000+0000,98059.80128347935,98059.80128347935,1245121.7874006196
2025-05-10T03:30:00.000+0000,98059.80128347935,98059.80128347935,1245693.6616869783
2025-05-10T03:40:00.000+0000,98059.80128347935,98059.80128347935,1244223.7231570606
2025-05-10T03:50:00.000+0000,98059.80128347935,98059.80128347935,1245964.4344611112
2025-05-10T04:00:00.000+0000,98059.80128347935,98059.80128347935,1241591.3637646139
2025-05-10T04:10:00.000+0000,98059.80128347935,98059.80128347935,1240888.546335997
2025-05-10T04:20:00.000+0000,98059.80128347935,98059.80128347935,1241959.963500899
2025-05-10T04:30:00.000+0000,98059.80128347935,98059.80128347935,1240543.836404974
2025-05-10T04:40:00.000+0000,98059.80128347935,98059.80128347935,1242469.316477737
2025-05-10T04:50:00.000+0000,98059.80128347935,98059.80128347935,1243067.8556879947
2025-05-10T05:00:00.000+0000,98059.80128347935,98059.80128347935,1244306.426199106
2025-05-10T05:10:00.000+0000,98059.80128347935,98059.80128347935,1242889.165371238
2025-05-10T05:20:00.000+0000,98059.80128347935,98059.80128347935,1243416.2190146372
2025-05-10T05:30:00.000+0000,98059.80128347935,98059.80128347935,1242798.050468149
2025-05-10T05:40:00.000+0000,98059.80128347935,98059.80128347935,1244923.3245891437
2025-05-10T05:50:00.000+0000,98059.80128347935,98059.80128347935,1245961.9729533638
2025-05-10T06:00:00.000+0000,98059.80128347935,98059.80128347935,1249565.2214058985
2025-05-10T06:10:00.000+0000,98059.80128347935,98059.80128347935,1251216.6138259082
2025-05-10T06:20:00.000+0000,98059.80128347935,98059.80128347935,1253661.8624553476
2025-05-10T06:30:00.000+0000,98059.80128347935,98059.80128347935,1253688.134408769
2025-05-10T06:40:00.000+0000,98059.80128347935,98059.80128347935,1249735.5692677654
2025-05-10T06:50:00.000+0000,98059.80128347935,98059.80128347935,1250084.1547816915
2025-05-10T07:00:00.000+0000,98059.80128347935,98059.80128347935,1254302.5795811904
2025-05-10T07:10:00.000+0000,98059.80128347935,98059.80128347935,1252859.7047765437
2025-05-10T07:20:00.000+0000,98059.80128347935,98059.80128347935,1250466.287435904
2025-05-10T07:30:00.000+0000,98059.80128347935,98059.80128347935,1252023.3963985702
2025-05-10T07:40:00.000+0000,98059.80128347935,98059.80128347935,1252433.2129886346
2025-05-10T07:50:00.000+0000,98059.80128347935,98059.80128347935,1253098.9325373175
2025-05-10T08:00:00.000+0000,98059.80128347935,98059.80128347935,1262804.471333689
2025-05-10T08:10:00.000+0000,98059.80128347935,98059.80128347935,1262639.4876245724
2025-05-10T08:20:00.000+0000,98059.80128347935,98059.80128347935,1263390.4891259158
2025-05-10T08:30:00.000+0000,98059.80128347935,98059.80128347935,1264801.1172185913
2025-05-10T08:40:00.000+0000,98059.80128347935,98059.80128347935,1263692.1810955736
2025-05-10T08:50:00.000+0000,98059.80128347935,98059.80128347935,1254070.9545691323
2025-05-10T09:00:00.000+0000,98059.80128347935,98059.80128347935,1251562.8257411642
2025-05-10T09:10:00.000+0000,98059.80128347935,98059.80128347935,1250585.228342324
2025-05-10T09:20:00.000+0000,98059.80128347935,98059.80128347935,1254304.0312344853
2025-05-10T09:30:00.000+0000,98059.80128347935,98059.80128347935,1255516.7130328594
2025-05-10T09:40:00.000+0000,98059.80128347935,98059.80128347935,1259748.2885827525
2025-05-10T09:50:00.000+0000,98059.80128347935,98059.80128347935,1261715.1061137556
2025-05-10T10:00:00.000+0000,98059.80128347935,98059.80128347935,1256903.7217457693
2025-05-10T10:10:00.000+0000,98059.80128347935,98059.80128347935,1260510.4614673713
2025-05-10T10:20:00.000+0000,98059.80128347935,98059.80128347935,1260163.3235377774
2025-05-10T10:30:00.000+0000,98059.80128347935,98059.80128347935,1261243.5937188375
2025-05-10T10:40:00.000+0000,98059.80128347935,98059.80128347935,1259930.4921324519
2025-05-10T10:50:00.000+0000,98059.80128347935,98059.80128347935,1255084.2818825208
2025-05-10T11:00:00.000+0000,98059.80128347935,98059.80128347935,1253693.55971326
2025-05-10T11:10:00.000+0000,98059.80128347935,98059.80128347935,1253079.1306023845
2025-05-10T11:20:00.000+0000,98059.80128347935,98059.80128347935,1252929.4436714351
2025-05-10T11:30:00.000+0000,98059.80128347935,98059.80128347935,1250075.4432964372
2025-05-10T11:40:00.000+0000,98059.80128347935,98059.80128347935,1246858.583674543
2025-05-10T11:50:00.000+0000,98059.80128347935,98059.80128347935,1248348.1732630671
2025-05-10T12:00:00.000+0000,98059.80128347935,98059.80128347935,1249621.5315949847
2025-05-10T12:10:00.000+0000,98059.80128347935,98059.80128347935,1253580.1419559838
2025-05-10T12:20:00.000+0000,98059.80128347935,98059.80128347935,1255362.3142828315
2025-05-10T12:30:00.000+0000,98059.80128347935,98059.80128347935,1257249.8299497603
2025-05-10T12:40:00.000+0000,98059.80128347935,98059.80128347935,1256400.673441415
2025-05-10T12:50:00.000+0000,98059.80128347935,98059.80128347935,1258839.5498791593
2025-05-10T13:00:00.000+0000,98059.80128347935,98059.80128347935,1260072.2582232691
2025-05-10T13:10:00.000+0000,98059.80128347935,98059.80128347935,1259433.105235116
2025-05-10T13:20:00.000+0000,98059.80128347935,98059.80128347935,1259753.1754419112
2025-05-10T13:30:00.000+0000,98059.80128347935,98059.80128347935,1260020.125700533
2025-05-10T13:40:00.000+0000,98059.80128347935,98059.80128347935,1261232.2526969535
2025-05-10T13:50:00.000+0000,98059.80128347935,98059.80128347935,1264901.8420680023
2025-05-10T14:00:00.000+0000,98059.80128347935,98059.80128347935,1261584.4892008393
2025-05-10T14:10:00.000+0000,98059.80128347935,98059.80128347935,1256542.5947547387
2025-05-10T14:20:00.000+0000,98059.80128347935,98059.80128347935,1257550.1250325353
2025-05-10T14:30:00.000+0000,98059.80128347935,98059.80128347935,1259611.2884694152
2025-05-10T14:40:00.000+0000,98059.80128347935,98059.80128347935,1261124.264259555
2025-05-10T14:50:00.000+0000,98059.80128347935,98059.80128347935,1263469.629954448
2025-05-10T15:00:00.000+0000,98059.80128347935,98059.80128347935,1263362.1960417856
2025-05-10T15:10:00.000+0000,98059.80128347935,98059.80128347935,1261637.8249152496
2025-05-10T15:20:00.000+0000,98059.80128347935,98059.80128347935,1262587.4626048463
2025-05-10T15:30:00.000+0000,98059.80128347935,98059.80128347935,1261510.459082052
2025-05-10T15:40:00.000+0000,98059.80128347935,98059.80128347935,1263382.895883352
2025-05-10T15:50:00.000+0000,98059.80128347935,98059.80128347935,1261827.8640967393
2025-05-10T16:00:00.000+0000,98059.80128347935,98059.80128347935,1261225.156619131
2025-05-10T16:10:00.000+0000,98059.80128347935,98059.80128347935,1262552.7485185158
2025-05-10T16:20:00.000+0000,98059.80128347935,98059.80128347935,1266083.653758575
2025-05-10T16:30:00.000+0000,98059.80128347935,98059.80128347935,1265340.9322457297
2025-05-10T16:40:00.000+0000,98059.80128347935,98059.80128347935,1269209.9870657271
2025-05-10T16:50:00.000+0000,98059.80128347935,98059.80128347935,1267982.9642566713
2025-05-10T17:00:00.000+0000,98059.80128347935,98059.80128347935,1268274.431470899
2025-05-10T17:10:00.000+0000,98059.80128347935,98059.80128347935,1272996.581125753
2025-05-10T17:20:00.000+0000,98059.80128347935,98059.80128347935,1274638.6874052638
2025-05-10T17:30:00.000+0000,98059.80128347935,98059.80128347935,1276389.4374516564
2025-05-10T17:40:00.000+0000,98059.80128347935,98059.80128347935,1269021.6147671933
2025-05-10T17:50:00.000+0000,98059.80128347935,98059.80128347935,1268441.9729405483
2025-05-10T18:00:00.000+0000,98059.80128347935,98059.80128347935,1268141.6907534422
2025-05-10T18:10:00.000+0000,98059.80128347935,98059.80128347935,1271281.749689874
2025-05-10T18:20:00.000+0000,98059.80128347935,98059.80128347935,1269173.6688579074
2025-05-10T18:30:00.000+0000,98059.80128347935,98059.80128347935,1268610.8611897826
2025-05-10T18:40:00.000+0000,98059.80128347935,98059.80128347935,1270546.070722319
2025-05-10T18:50:00.000+0000,98059.80128347935,98059.80128347935,1273655.1257557422
2025-05-10T19:00:00.000+0000,98059.80128347935,98059.80128347935,1273415.939570635
2025-05-10T19:10:00.000+0000,98059.80128347935,98059.80128347935,1271077.9479446933
2025-05-10T19:20:00.000+0000,98059.80128347935,98059.80128347935,1272734.8042311906
2025-05-10T19:30:00.000+0000,98059.80128347935,98059.80128347935,1272394.935031698
2025-05-10T19:40:00.000+0000,98059.80128347935,98059.80128347935,1275264.2686362758
2025-05-10T19:50:00.000+0000,98059.80128347935,98059.80128347935,1275146.7997551586
2025-05-10T20:00:00.000+0000,98059.80128347935,98059.80128347935,1270741.0628960934
2025-05-10T20:10:00.000+0000,98059.80128347935,98059.80128347935,1272377.4825673988
2025-05-10T20:20:00.000+0000,98059.80128347935,98059.80128347935,1272819.3665546095
2025-05-10T20:30:00.000+0000,98059.80128347935,98059.80128347935,1275517.0596047011
2025-05-10T20:40:00.000+0000,98059.80128347935,98059.80128347935,1276527.235793607
2025-05-10T20:50:00.000+0000,98059.80128347935,98059.80128347935,1276074.991180893
2025-05-10T21:00:00.000+0000,98059.80128347935,98059.80128347935,1275845.1830428904
2025-05-10T21:10:00.000+0000,98059.80128347935,98059.80128347935,1278179.7257713652
2025-05-10T21:20:00.000+0000,98059.80128347935,98059.80128347935,1279409.0546420212
2025-05-10T21:30:00.000+0000,98059.80128347935,98059.80128347935,1281010.6889160397
2025-05-10T21:40:00.000+0000,98059.80128347935,98059.80128347935,1281416.5106333897
2025-05-10T21:50:00.000+0000,98059.80128347935,98059.80128347935,1283426.0821034496
2025-05-10T22:00:00.000+0000,98059.80128347935,98059.80128347935,1286632.3283456154
2025-05-10T22:10:00.000+0000,98059.80128347935,98059.80128347935,1284252.9006387054
2025-05-10T22:20:00.000+0000,98059.80128347935,98059.80128347935,1288289.852821548
2025-05-10T22:30:00.000+0000,98059.80128347935,98059.80128347935,1289817.7581928573
2025-05-10T22:40:00.000+0000,98059.80128347935,98059.80128347935,1293791.7098499266
2025-05-10T22:50:00.000+0000,98059.80128347935,98059.80128347935,1294141.1401673765
2025-05-10T23:00:00.000+0000,98059.80128347935,98059.80128347935,1298152.3076438229
2025-05-10T23:10:00.000+0000,98059.80128347935,98059.80128347935,1298957.6131919387
2025-05-10T23:20:00.000+0000,98059.80128347935,98059.80128347935,1307392.2092422936
2025-05-10T23:30:00.000+0000,98059.80128347935,98059.80128347935,1303347.7685477266
2025-05-10T23:40:00.000+0000,98059.80128347935,98059.80128347935,1306753.6199006597
2025-05-10T23:50:00.000+0000,98059.80128347935,98059.80128347935,1310556.1933443898
2025-05-11T00:00:00.000+0000,98059.80128347935,98059.80128347935,1308949.5784355227
2025-05-11T00:10:00.000+0000,98059.80128347935,98059.80128347935,1302507.5441021929
2025-05-11T00:20:00.000+0000,98059.80128347935,98059.80128347935,1284648.8443898973
2025-05-11T00:30:00.000+0000,98059.80128347935,98059.80128347935,1292420.072061224
2025-05-11T00:40:00.000+0000,98059.80128347935,98059.80128347935,1294186.4474672093
2025-05-11T00:50:00.000+0000,98059.80128347935,98059.80128347935,1302037.872467866
2025-05-11T01:00:00.000+0000,98059.80128347935,98059.80128347935,1299912.4056712366
2025-05-11T01:10:00.000+0000,98059.80128347935,98059.80128347935,1305070.1051291686
2025-05-11T01:20:00.000+0000,98059.80128347935,98059.80128347935,1303678.5842661539
2025-05-11T01:30:00.000+0000,98059.80128347935,98059.80128347935,1304018.338745656
2025-05-11T01:40:00.000+0000,98059.80128347935,98059.80128347935,1300928.198230542
2025-05-11T01:50:00.000+0000,98059.80128347935,98059.80128347935,1293959.6363757686
2025-05-11T02:00:00.000+0000,98059.80128347935,98059.80128347935,1294274.456854728
2025-05-11T02:10:00.000+0000,98059.80128347935,98059.80128347935,1299950.8259969382
2025-05-11T02:20:00.000+0000,98059.80128347935,98059.80128347935,1302549.1330000076
2025-05-11T02:30:00.000+0000,98059.80128347935,98059.80128347935,1302203.288541108
2025-05-11T02:40:00.000+0000,98059.80128347935,98059.80128347935,1297401.035922765
2025-05-11T02:50:00.000+0000,98059.80128347935,98059.80128347935,1289772.26963768
2025-05-11T03:00:00.000+0000,98059.80128347935,98059.80128347935,1291310.5707355372
2025-05-11T03:10:00.000+0000,98059.80128347935,98059.80128347935,1293594.4223103435
2025-05-11T03:20:00.000+0000,98059.80128347935,98059.80128347935,1297202.900950357
2025-05-11T03:30:00.000+0000,98059.80128347935,98059.80128347935,1294211.00819836
2025-05-11T03:40:00.000+0000,98059.80128347935,98059.80128347935,1296507.0091828795
2025-05-11T03:50:00.000+0000,98059.80128347935,98059.80128347935,1295480.0526987782
2025-05-11T04:00:00.000+0000,98059.80128347935,98059.80128347935,1295075.35666474
2025-05-11T04:10:00.000+0000,98059.80128347935,98059.80128347935,1299164.9688605017
2025-05-11T04:20:00.000+0000,98059.80128347935,98059.80128347935,1299534.6465606021
2025-05-11T04:30:00.000+0000,98059.80128347935,98059.80128347935,1296522.1177837981
2025-05-11T04:40:00.000+0000,98059.80128347935,98059.80128347935,1296726.5858493294
2025-05-11T04:50:00.000+0000,98059.80128347935,98059.80128347935,1298293.8479971108
2025-05-11T05:00:00.000+0000,98059.80128347935,98059.80128347935,1298601.773086796
2025-05-11T05:10:00.000+0000,98059.80128347935,98059.80128347935,1298835.3597947005
2025-05-11T05:20:00.000+0000,98059.80128347935,98059.80128347935,1297959.8643145806
2025-05-11T05:30:00.000+0000,98059.80128347935,98059.80128347935,1298242.886471522
2025-05-11T05:40:00.000+0000,98059.80128347935,98059.80128347935,1300837.6893634312
2025-05-11T05:50:00.000+0000,98059.80128347935,98059.80128347935,1298492.3628206863
2025-05-11T06:00:00.000+0000,98059.80128347935,98059.80128347935,1290660.4971956718
2025-05-11T06:10:00.000+0000,98059.80128347935,98059.80128347935,1291519.3450847936
2025-05-11T06:20:00.000+0000,98059.80128347935,98059.80128347935,1295139.42046101
2025-05-11T06:30:00.000+0000,98059.80128347935,98059.80128347935,1291892.1690980564
2025-05-11T06:40:00.000+0000,98059.80128347935,98059.80128347935,1284802.9807809195
2025-05-11T06:50:00.000+0000,98059.80128347935,98059.80128347935,1286911.8308307088
2025-05-11T07:00:00.000+0000,98059.80128347935,98059.80128347935,1278998.8670632134
2025-05-11T07:10:00.000+0000,98059.80128347935,98059.80128347935,1278835.7393981586
2025-05-11T07:20:00.000+0000,98059.80128347935,98059.80128347935,1279367.6753130374
2025-05-11T07:30:00.000+0000,98059.80128347935,98059.80128347935,1278298.6124479487
2025-05-11T07:40:00.000+0000,98059.80128347935,98059.80128347935,1269659.8934580323
2025-05-11T07:50:00.000+0000,98059.80128347935,98059.80128347935,1273029.6064188285
2025-05-11T08:00:00.000+0000,98059.80128347935,98059.80128347935,1275505.0476569287
2025-05-11T08:10:00.000+0000,98059.80128347935,98059.80128347935,1280436.6542844349
2025-05-11T08:20:00.000+0000,98059.80128347935,98059.80128347935,1279739.347350792
2025-05-11T08:30:00.000+0000,98059.80128347935,98059.80128347935,1275580.1804220015
2025-05-11T08:40:00.000+0000,98059.80128347935,98059.80128347935,1278163.87410195
2025-05-11T08:50:00.000+0000,98059.80128347935,98059.80128347935,1277500.9186631783
2025-05-11T09:00:00.000+0000,98059.80128347935,98059.80128347935,1277456.122389754
2025-05-11T09:10:00.000+0000,98059.80128347935,98059.80128347935,1282644.279516089
2025-05-11T09:20:00.000+0000,98059.80128347935,98059.80128347935,1285987.6827038247
2025-05-11T09:30:00.000+0000,98059.80128347935,98059.80128347935,1287200.1176503045
2025-05-11T09:40:00.000+0000,98059.80128347935,98059.80128347935,1286427.9861610064
2025-05-11T09:50:00.000+0000,98059.80128347935,98059.80128347935,1289123.7036178662
2025-05-11T10:00:00.000+0000,98059.80128347935,98059.80128347935,1288741.98343877
2025-05-11T10:10:00.000+0000,98059.80128347935,98059.80128347935,1282658.561816407
2025-05-11T10:20:00.000+0000,98059.80128347935,98059.80128347935,1285123.8956840858
2025-05-11T10:30:00.000+0000,98059.80128347935,98059.80128347935,1286479.1449677674
2025-05-11T10:40:00.000+0000,98059.80128347935,98059.80128347935,1285031.0220271526
2025-05-11T10:50:00.000+0000,98059.80128347935,98059.80128347935,1287035.182698117
2025-05-11T11:00:00.000+0000,98059.80128347935,98059.80128347935,1289710.7650509395
2025-05-11T11:10:00.000+0000,98059.80128347935,98059.80128347935,1288158.6163689732
2025-05-11T11:20:00.000+0000,98059.80128347935,98059.80128347935,1287340.4784926726
2025-05-11T11:30:00.000+0000,98059.80128347935,98059.80128347935,1288054.296592806
2025-05-11T11:40:00.000+0000,98059.80128347935,98059.80128347935,1288765.2232803032
2025-05-11T11:50:00.000+0000,98059.80128347935,98059.80128347935,1290923.156329027
2025-05-11T12:00:00.000+0000,98059.80128347935,98059.80128347935,1293047.0986409723
2025-05-11T12:10:00.000+0000,98059.80128347935,98059.80128347935,1291366.5334380465
2025-05-11T12:20:00.000+0000,98059.80128347935,98059.80128347935,1290255.895643963
2025-05-11T12:30:00.000+0000,98059.80128347935,98059.80128347935,1289385.9538084925
2025-05-11T12:40:00.000+0000,98059.80128347935,98059.80128347935,1287884.3400023961
2025-05-11T12:50:00.000+0000,98059.80128347935,98059.80128347935,1289092.8663933717
2025-05-11T13:00:00.000+0000,98059.80128347935,98059.80128347935,1289227.718091134
2025-05-11T13:10:00.000+0000,98059.80128347935,98059.80128347935,1290709.3579001701
2025-05-11T13:20:00.000+0000,98059.80128347935,98059.80128347935,1282546.6264672899
2025-05-11T13:30:00.000+0000,98059.80128347935,98059.80128347935,1277356.4304853985
2025-05-11T13:40:00.000+0000,98059.80128347935,98059.80128347935,1276487.7081446468
2025-05-11T13:50:00.000+0000,98059.80128347935,98059.80128347935,1270832.936714919
2025-05-11T14:00:00.000+0000,98059.80128347935,98059.80128347935,1272552.3272066065
2025-05-11T14:10:00.000+0000,98059.80128347935,98059.80128347935,1273057.9675766034
2025-05-11T14:20:00.000+0000,98059.80128347935,98059.80128347935,1272022.0307914782
2025-05-11T14:30:00.000+0000,98059.80128347935,98059.80128347935,1273158.2300315239
2025-05-11T14:40:00.000+0000,98059.80128347935,98059.80128347935,1277695.2996945782
2025-05-11T14:50:00.000+0000,98059.80128347935,98059.80128347935,1275938.1860238388
2025-05-11T15:00:00.000+0000,98059.80128347935,98059.80128347935,1276129.2500838938
2025-05-11T15:10:00.000+0000,98059.80128347935,98059.80128347935,1280316.930710089
2025-05-11T15:20:00.000+0000,98059.80128347935,98059.80128347935,1276640.1342436788
2025-05-11T15:30:00.000+0000,98059.80128347935,98059.80128347935,1274693.9211152492
2025-05-11T15:40:00.000+0000,98059.80128347935,98059.80128347935,1270391.0559293025
2025-05-11T15:50:00.000+0000,98059.80128347935,98059.80128347935,1265215.2025678183
2025-05-11T16:00:00.000+0000,98059.80128347935,98059.80128347935,1262176.9341033783
2025-05-11T16:10:00.000+0000,98059.80128347935,98059.80128347935,1263875.3907794156
2025-05-11T16:20:00.000+0000,98059.80128347935,98059.80128347935,1269099.040108045
2025-05-11T16:30:00.000+0000,98059.80128347935,98059.80128347935,1270007.938031672
2025-05-11T16:40:00.000+0000,98059.80128347935,98059.80128347935,1267390.3139350344
2025-05-11T16:50:00.000+0000,98059.80128347935,98059.80128347935,1267521.5331279011
2025-05-11T17:00:00.000+0000,98059.80128347935,98059.80128347935,1269214.9126748051
2025-05-11T17:10:00.000+0000,98059.80128347935,98059.80128347935,1270173.6722141886
2025-05-11T17:20:00.000+0000,98059.80128347935,98059.80128347935,1271112.5917396417
2025-05-11T17:30:00.000+0000,98059.80128347935,98059.80128347935,1273227.2372152968
2025-05-11T17:40:00.000+0000,98059.80128347935,98059.80128347935,1274085.6238366552
2025-05-11T17:50:00.000+0000,98059.80128347935,98059.80128347935,1275740.784890992
2025-05-11T18:00:00.000+0000,98059.80128347935,98059.80128347935,1274033.0981019419
2025-05-11T18:10:00.000+0000,98059.80128347935,98059.80128347935,1272968.9038345884
2025-05-11T18:20:00.000+0000,98059.80128347935,98059.80128347935,1273349.5350411434
2025-05-11T18:30:00.000+0000,98059.80128347935,98059.80128347935,1271377.2935560169
2025-05-11T18:40:00.000+0000,98059.80128347935,98059.80128347935,1280903.3714317237
2025-05-11T18:50:00.000+0000,98059.80128347935,98059.80128347935,1283398.6762394973
2025-05-11T19:00:00.000+0000,98059.80128347935,98059.80128347935,1282664.4276858603
2025-05-11T19:10:00.000+0000,98059.80128347935,98059.80128347935,1283282.5144849594
2025-05-11T19:20:00.000+0000,98059.80128347935,98059.80128347935,1284335.1937634998
2025-05-11T19:30:00.000+0000,98059.80128347935,98059.80128347935,1286463.5061759301
2025-05-11T19:40:00.000+0000,98059.80128347935,98059.80128347935,1286145.8245919172
2025-05-11T19:50:00.000+0000,98059.80128347935,98059.80128347935,1283651.2999749742
2025-05-11T20:00:00.000+0000,98059.80128347935,98059.80128347935,1279593.6203794363
2025-05-11T20:10:00.000+0000,98059.80128347935,98059.80128347935,1280627.4521223032
2025-05-11T20:20:00.000+0000,98059.80128347935,98059.80128347935,1282205.051581345
2025-05-11T20:30:00.000+0000,98059.80128347935,98059.80128347935,1281054.8626897114
2025-05-11T20:40:00.000+0000,98059.80128347935,98059.80128347935,1280794.6480816128
2025-05-11T20:50:00.000+0000,98059.80128347935,98059.80128347935,1281245.4145609126
2025-05-11T21:00:00.000+0000,98059.80128347935,98059.80128347935,1278910.6941630568
2025-05-11T21:10:00.000+0000,98059.80128347935,98059.80128347935,1278234.8723682072
2025-05-11T21:20:00.000+0000,98059.80128347935,98059.80128347935,1280346.3476798811
2025-05-11T21:30:00.000+0000,98059.80128347935,98059.80128347935,1280895.607683183
2025-05-11T21:40:00.000+0000,98059.80128347935,98059.80128347935,1280187.1505699237
2025-05-11T21:50:00.000+0000,98059.80128347935,98059.80128347935,1284002.9431149103
2025-05-11T22:00:00.000+0000,98059.80128347935,98059.80128347935,1279832.8165536942
2025-05-11T22:10:00.000+0000,98059.80128347935,98059.80128347935,1280074.6116440645
2025-05-11T22:20:00.000+0000,98059.80128347935,98059.80128347935,1278303.165547851
2025-05-11T22:30:00.000+0000,98059.80128347935,98059.80128347935,1274479.6848221663
2025-05-11T22:40:00.000+0000,98059.80128347935,98059.80128347935,1273069.4646526452
2025-05-11T22:50:00.000+0000,98059.80128347935,98059.80128347935,1276899.7014008611
2025-05-11T23:00:00.000+0000,98059.80128347935,98059.80128347935,1278811.643726517
2025-05-11T23:10:00.000+0000,98059.80128347935,98059.80128347935,1281292.3137838698
2025-05-11T23:20:00.000+0000,98059.80128347935,98059.80128347935,1280474.7693072367
2025-05-11T23:30:00.000+0000,98059.80128347935,98059.80128347935,1278890.902700274
2025-05-11T23:40:00.000+0000,98059.80128347935,98059.80128347935,1278410.7629731507
2025-05-11T23:50:00.000+0000,98059.80128347935,98059.80128347935,1281330.6976403003
2025-05-12T00:00:00.000+0000,98059.80128347935,98059.80128347935,1284775.3699715328
2025-05-12T00:10:00.000+0000,98059.80128347935,98059.80128347935,1285560.1783250093
2025-05-12T00:20:00.000+0000,98059.80128347935,98059.80128347935,1288555.0329689477
2025-05-12T00:30:00.000+0000,98059.80128347935,98059.80128347935,1294178.810708459
2025-05-12T00:40:00.000+0000,98059.80128347935,98059.80128347935,1290295.5738205975
2025-05-12T00:50:00.000+0000,98059.80128347935,98059.80128347935,1291388.1724311195
2025-05-12T01:00:00.000+0000,98059.80128347935,98059.80128347935,1294038.7931586937
2025-05-12T01:10:00.000+0000,98059.80128347935,98059.80128347935,1294638.5382077848
2025-05-12T01:20:00.000+0000,98059.80128347935,98059.80128347935,1289807.7445624082
2025-05-12T01:30:00.000+0000,98059.80128347935,98059.80128347935,1278480.5532899902
2025-05-12T01:40:00.000+0000,98059.80128347935,98059.80128347935,1280296.7959368448
2025-05-12T01:50:00.000+0000,98059.80128347935,98059.80128347935,1282851.5208133138
2025-05-12T02:00:00.000+0000,98059.80128347935,98059.80128347935,1284489.7957327478
2025-05-12T02:10:00.000+0000,98059.80128347935,98059.80128347935,1286245.7330763023
2025-05-12T02:20:00.000+0000,98059.80128347935,98059.80128347935,1289750.8999790936
2025-05-12T02:30:00.000+0000,98059.80128347935,98059.80128347935,1292481.5883276123
2025-05-12T02:40:00.000+0000,98059.80128347935,98059.80128347935,1289166.385798685
2025-05-12T02:50:00.000+0000,98059.80128347935,98059.80128347935,1285332.2750594334
2025-05-12T03:00:00.000+0000,98059.80128347935,98059.80128347935,1283621.7617119397
2025-05-12T03:10:00.000+0000,98059.80128347935,98059.80128347935,1283227.4008428599
2025-05-12T03:20:00.000+0000,98059.80128347935,98059.80128347935,1286479.2511739861
2025-05-12T03:30:00.000+0000,98059.80128347935,98059.80128347935,1285068.3952510557
2025-05-12T03:40:00.000+0000,98059.80128347935,98059.80128347935,1284967.8711973457
2025-05-12T03:50:00.000+0000,98059.80128347935,98059.80128347935,1287948.5689567477
2025-05-12T04:00:00.000+0000,98059.80128347935,98059.80128347935,1288102.5589698288
2025-05-12T04:10:00.000+0000,98059.80128347935,98059.80128347935,1288061.9290946706
2025-05-12T04:20:00.000+0000,98059.80128347935,98059.80128347935,1286111.3244384562
2025-05-12T04:30:00.000+0000,98059.80128347935,98059.80128347935,1286789.8017849147
2025-05-12T04:40:00.000+0000,98059.80128347935,98059.80128347935,1289323.9635394004
2025-05-12T04:50:00.000+0000,98059.80128347935,98059.80128347935,1292051.2766892102
2025-05-12T05:00:00.000+0000,98059.80128347935,98059.80128347935,1290406.711307612
2025-05-12T05:10:00.000+0000,98059.80128347935,98059.80128347935,1287454.4476445268
2025-05-12T05:20:00.000+0000,98059.80128347935,98059.80128347935,1284271.312590801
2025-05-12T05:30:00.000+0000,98059.80128347935,98059.80128347935,1282181.800543163
2025-05-12T05:40:00.000+0000,98059.80128347935,98059.80128347935,1285301.60564018
2025-05-12T05:50:00.000+0000,98059.80128347935,98059.80128347935,1283617.5427649987
2025-05-12T06:00:00.000+0000,98059.80128347935,98059.80128347935,1282913.9595973701
2025-05-12T06:10:00.000+0000,98059.80128347935,98059.80128347935,1282291.3791510893
2025-05-12T06:20:00.000+0000,98059.80128347935,98059.80128347935,1284525.2629932142
2025-05-12T06:30:00.000+0000,98059.80128347935,98059.80128347935,1288969.2169766198
2025-05-12T06:40:00.000+0000,98059.80128347935,98059.80128347935,1290491.296891698
2025-05-12T06:50:00.000+0000,98059.80128347935,98059.80128347935,1292318.6602958138
2025-05-12T07:00:00.000+0000,98059.80128347935,98059.80128347935,1302377.972350555
2025-05-12T07:10:00.000+0000,98059.80128347935,98059.80128347935,1311125.0067495687
2025-05-12T07:20:00.000+0000,98059.80128347935,98059.80128347935,1313564.8550342037
2025-05-12T07:30:00.000+0000,98059.80128347935,98059.80128347935,1316219.4996095658
2025-05-12T07:40:00.000+0000,98059.80128347935,98059.80128347935,1297441.9217180242
2025-05-12T07:50:00.000+0000,98059.80128347935,98059.80128347935,1296690.957222527
2025-05-12T08:00:00.000+0000,98059.80128347935,98059.80128347935,1294305.9418073562
2025-05-12T08:10:00.000+0000,98059.80128347935,98059.80128347935,1291066.6069919313
2025-05-12T08:20:00.000+0000,98059.80128347935,98059.80128347935,1291389.5176724135
2025-05-12T08:30:00.000+0000,98059.80128347935,98059.80128347935,1295515.891931845
2025-05-12T08:40:00.000+0000,98059.80128347935,98059.80128347935,1299181.8474654895
2025-05-12T08:50:00.000+0000,98059.80128347935,98059.80128347935,1305536.755052322
2025-05-12T09:00:00.000+0000,98059.80128347935,98059.80128347935,1303709.3506626908
2025-05-12T09:10:00.000+0000,98059.80128347935,98059.80128347935,1302713.7465341734
2025-05-12T09:20:00.000+0000,98059.80128347935,98059.80128347935,1302872.7694535612
2025-05-12T09:30:00.000+0000,98059.80128347935,98059.80128347935,1300734.012244719
2025-05-12T09:40:00.000+0000,98059.80128347935,98059.80128347935,1298430.802277895
2025-05-12T09:50:00.000+0000,98059.80128347935,98059.80128347935,1297804.3834960568
2025-05-12T10:00:00.000+0000,98059.80128347935,98059.80128347935,1295641.263445247
2025-05-12T10:10:00.000+0000,98059.80128347935,98059.80128347935,1296189.1495808333
2025-05-12T10:20:00.000+0000,98059.80128347935,98059.80128347935,1294575.3187320395
2025-05-12T10:30:00.000+0000,98059.80128347935,98059.80128347935,1295966.2858662514
2025-05-12T10:40:00.000+0000,98059.80128347935,98059.80128347935,1298276.7490203478
2025-05-12T10:50:00.000+0000,98059.80128347935,98059.80128347935,1299542.5478068013
2025-05-12T11:00:00.000+0000,98059.80128347935,98059.80128347935,1300436.5791165074
2025-05-12T11:10:00.000+0000,98059.80128347935,98059.80128347935,1298812.2793611246
2025-05-12T11:20:00.000+0000,98059.80128347935,98059.80128347935,1296423.580001252
2025-05-12T11:30:00.000+0000,98059.80128347935,98059.80128347935,1295538.5405378714
2025-05-12T11:40:00.000+0000,98059.80128347935,98059.80128347935,1292254.926484913
2025-05-12T11:50:00.000+0000,98059.80128347935,98059.80128347935,1287204.4141056077
2025-05-12T12:00:00.000+0000,98059.80128347935,98059.80128347935,1289102.5586950937
2025-05-12T12:10:00.000+0000,98059.80128347935,98059.80128347935,1291590.156023312
2025-05-12T12:20:00.000+0000,98059.80128347935,98059.80128347935,1292051.661056622
2025-05-12T12:30:00.000+0000,98059.80128347935,98059.80128347935,1293673.1492598145
2025-05-12T12:40:00.000+0000,98059.80128347935,98059.80128347935,1297091.4970889501
2025-05-12T12:50:00.000+0000,98059.80128347935,98059.80128347935,1298394.125511861
2025-05-12T13:00:00.000+0000,98059.80128347935,98059.80128347935,1297059.3420599438
2025-05-12T13:10:00.000+0000,98059.80128347935,98059.80128347935,1299342.647954579
2025-05-12T13:20:00.000+0000,98059.80128347935,98059.80128347935,1302316.383860788
2025-05-12T13:30:00.000+0000,98059.80128347935,98059.80128347935,1299829.938767436
2025-05-12T13:40:00.000+0000,98059.80128347935,98059.80128347935,1297494.855742403
2025-05-12T13:50:00.000+0000,98059.80128347935,98059.80128347935,1307343.2131150034
2025-05-12T14:00:00.000+0000,98059.80128347935,98059.80128347935,1306833.043478064
2025-05-12T14:10:00.000+0000,98059.80128347935,98059.80128347935,1308444.108365721
2025-05-12T14:20:00.000+0000,98059.80128347935,98059.80128347935,1287547.1147641581
2025-05-12T14:30:00.000+0000,98059.80128347935,98059.80128347935,1282967.924769155
2025-05-12T14:40:00.000+0000,98059.80128347935,98059.80128347935,1291431.9445232833
2025-05-12T14:50:00.000+0000,98059.80128347935,98059.80128347935,1285313.0588777652
2025-05-12T15:00:00.000+0000,98059.80128347935,98059.80128347935,1279403.3624979975
2025-05-12T15:10:00.000+0000,98059.80128347935,98059.80128347935,1282190.8062061032
2025-05-12T15:20:00.000+0000,98059.80128347935,98059.80128347935,1285401.9422139456
2025-05-12T15:30:00.000+0000,98059.80128347935,98059.80128347935,1281410.9851857387
2025-05-12T15:40:00.000+0000,98059.80128347935,98059.80128347935,1276637.420526806
2025-05-12T15:50:00.000+0000,98059.80128347935,98059.80128347935,1276332.763946612
2025-05-12T16:00:00.000+0000,98059.80128347935,98059.80128347935,1271264.3404824035
2025-05-12T16:10:00.000+0000,98059.80128347935,98059.80128347935,1274482.2231316362
2025-05-12T16:20:00.000+0000,98059.80128347935,98059.80128347935,1283178.6055469885
2025-05-12T16:30:00.000+0000,98059.80128347935,98059.80128347935,1280880.1615397858
2025-05-12T16:40:00.000+0000,98059.80128347935,98059.80128347935,1280908.624333959
2025-05-12T16:50:00.000+0000,98059.80128347935,98059.80128347935,1284113.2817559652
2025-05-12T17:00:00.000+0000,98059.80128347935,98059.80128347935,1284239.2431723648
2025-05-12T17:10:00.000+0000,98059.80128347935,98059.80128347935,1284831.025823516
2025-05-12T17:20:00.000+0000,98059.80128347935,98059.80128347935,1279546.81147974
2025-05-12T17:30:00.000+0000,98059.80128347935,98059.80128347935,1278036.9573202927
2025-05-12T17:40:00.000+0000,98059.80128347935,98059.80128347935,1268433.7190384641
2025-05-12T17:50:00.000+0000,98059.80128347935,98059.80128347935,1268286.759488797
2025-05-12T18:00:00.000+0000,98059.80128347935,98059.80128347935,1259591.5923469956
2025-05-12T18:10:00.000+0000,98059.80128347935,98059.80128347935,1259170.9447597405
2025-05-12T18:20:00.000+0000,98059.80128347935,98059.80128347935,1255642.22738248
2025-05-12T18:30:00.000+0000,98059.80128347935,98059.80128347935,1252789.8569024508
2025-05-12T18:40:00.000+0000,98059.80128347935,98059.80128347935,1243714.2171661179
2025-05-12T18:50:00.000+0000,98059.80128347935,98059.80128347935,1245135.2817472157
2025-05-12T19:00:00.000+0000,98059.80128347935,98059.80128347935,1253782.8759229472
2025-05-12T19:10:00.000+0000,98059.80128347935,98059.80128347935,1258205.4798774165
2025-05-12T19:20:00.000+0000,98059.80128347935,98059.80128347935,1256153.139721405
2025-05-12T19:30:00.000+0000,98059.80128347935,98059.80128347935,1257470.635259094
2025-05-12T19:40:00.000+0000,98059.80128347935,98059.80128347935,1254311.4886690753
2025-05-12T19:50:00.000+0000,98059.80128347935,98059.80128347935,1259777.4535849188
2025-05-12T20:00:00.000+0000,98059.80128347935,98059.80128347935,1258384.8241732887
2025-05-12T20:10:00.000+0000,98059.80128347935,98059.80128347935,1258606.2912246282
2025-05-12T20:20:00.000+0000,98059.80128347935,98059.80128347935,1262221.5052200896
2025-05-12T20:30:00.000+0000,98059.80128347935,98059.80128347935,1266879.191427791
2025-05-12T20:40:00.000+0000,98059.80128347935,98059.80128347935,1268228.7173567798
2025-05-12T20:50:00.000+0000,98059.80128347935,98059.80128347935,1270019.2857067664
2025-05-12T21:00:00.000+0000,98059.80128347935,98059.80128347935,1270223.9271847925
2025-05-12T21:10:00.000+0000,98059.80128347935,98059.80128347935,1269844.5768483384
2025-05-12T21:20:00.000+0000,98059.80128347935,98059.80128347935,1267481.560907116
2025-05-12T21:30:00.000+0000,98059.80128347935,98059.80128347935,1267427.1919882922
2025-05-12T21:40:00.000+0000,98059.80128347935,98059.80128347935,1270067.3105773176
2025-05-12T21:50:00.000+0000,98059.80128347935,98059.80128347935,1269741.6301618116
2025-05-12T22:00:00.000+0000,98059.80128347935,98059.80128347935,1268699.2169192927
2025-05-12T22:10:00.000+0000,98059.80128347935,98059.80128347935,1272112.4712626738
2025-05-12T22:20:00.000+0000,98059.80128347935,98059.80128347935,1273637.9116295658
2025-05-12T22:30:00.000+0000,98059.80128347935,98059.80128347935,1275400.755317544
2025-05-12T22:40:00.000+0000,98059.80128347935,98059.80128347935,1276941.3107599777
2025-05-12T22:50:00.000+0000,98059.80128347935,98059.80128347935,1276282.2938892166
2025-05-12T23:00:00.000+0000,98059.80128347935,98059.80128347935,1276864.2565064987
2025-05-12T23:10:00.000+0000,98059.80128347935,98059.80128347935,1277926.7153342513
2025-05-12T23:20:00.000+0000,98059.80128347935,98059.80128347935,1280215.3902286743
2025-05-12T23:30:00.000+0000,98059.80128347935,98059.80128347935,1277425.8141486805
2025-05-12T23:40:00.000+0000,98059.80128347935,98059.80128347935,1278649.2701386847
2025-05-12T23:50:00.000+0000,98059.80128347935,98059.80128347935,1278242.1828168456
2025-05-13T00:00:00.000+0000,98059.80128347935,98059.80128347935,1275200.4110550373
2025-05-13T00:10:00.000+0000,98059.80128347935,98059.80128347935,1272433.9456269082
2025-05-13T00:20:00.000+0000,98059.80128347935,98059.80128347935,1270368.7222037632
2025-05-13T00:30:00.000+0000,98059.80128347935,98059.80128347935,1267898.4905039172
2025-05-13T00:40:00.000+0000,98059.80128347935,98059.80128347935,1265653.5553464028
2025-05-13T00:50:00.000+0000,98059.80128347935,98059.80128347935,1265007.4581763286
2025-05-13T01:00:00.000+0000,98059.80128347935,98059.80128347935,1265711.3417819603
2025-05-13T01:10:00.000+0000,98059.80128347935,98059.80128347935,1262719.0678998628
2025-05-13T01:20:00.000+0000,98059.80128347935,98059.80128347935,1264059.4733472916
2025-05-13T01:30:00.000+0000,98059.80128347935,98059.80128347935,1257934.1782448739
2025-05-13T01:40:00.000+0000,98059.80128347935,98059.80128347935,1255917.4291553842
2025-05-13T01:50:00.000+0000,98059.80128347935,98059.80128347935,1261906.1837667841
2025-05-13T02:00:00.000+0000,98059.80128347935,98059.80128347935,1257297.1795924844
2025-05-13T02:10:00.000+0000,98059.80128347935,98059.80128347935,1248103.298260542
2025-05-13T02:20:00.000+0000,98059.80128347935,98059.80128347935,1247455.9853517767
2025-05-13T02:30:00.000+0000,98059.80128347935,98059.80128347935,1251784.9997582408
2025-05-13T02:40:00.000+0000,98059.80128347935,98059.80128347935,1248927.397463147
2025-05-13T02:50:00.000+0000,98059.80128347935,98059.80128347935,1249873.371839408
2025-05-13T03:00:00.000+0000,98059.80128347935,98059.80128347935,1249850.3458593094
2025-05-13T03:10:00.000+0000,98059.80128347935,98059.80128347935,1252951.352490517
2025-05-13T03:20:00.000+0000,98059.80128347935,98059.80128347935,1245506.615214394
2025-05-13T03:30:00.000+0000,98059.80128347935,98059.80128347935,1244779.3059956403
2025-05-13T03:40:00.000+0000,98059.80128347935,98059.80128347935,1246615.9694376409
2025-05-13T03:50:00.000+0000,98059.80128347935,98059.80128347935,1243398.132880319
2025-05-13T04:00:00.000+0000,98059.80128347935,98059.80128347935,1243137.212817581
2025-05-13T04:10:00.000+0000,98059.80128347935,98059.80128347935,1244943.691976769
2025-05-13T04:20:00.000+0000,98059.80128347935,98059.80128347935,1251514.542947081
2025-05-13T04:30:00.000+0000,98059.80128347935,98059.80128347935,1254318.5653766056
2025-05-13T04:40:00.000+0000,98059.80128347935,98059.80128347935,1256212.6041472736
2025-05-13T04:50:00.000+0000,98059.80128347935,98059.80128347935,1258085.5713452743
2025-05-13T05:00:00.000+0000,98059.80128347935,98059.80128347935,1259497.1554826535
2025-05-13T05:10:00.000+0000,98059.80128347935,98059.80128347935,1260647.59498221
2025-05-13T05:20:00.000+0000,98059.80128347935,98059.80128347935,1258699.9305134204
2025-05-13T05:30:00.000+0000,98059.80128347935,98059.80128347935,1253833.2871449674
2025-05-13T05:40:00.000+0000,98059.80128347935,98059.80128347935,1254749.7545317744
2025-05-13T05:50:00.000+0000,98059.80128347935,98059.80128347935,1255312.212173315
2025-05-13T06:00:00.000+0000,98059.80128347935,98059.80128347935,1259512.5672580288
2025-05-13T06:10:00.000+0000,98059.80128347935,98059.80128347935,1261664.0088431053
2025-05-13T06:20:00.000+0000,98059.80128347935,98059.80128347935,1260078.0297175457
2025-05-13T06:30:00.000+0000,98059.80128347935,98059.80128347935,1261600.6719466336
2025-05-13T06:40:00.000+0000,98059.80128347935,98059.80128347935,1263278.9385821566
2025-05-13T06:50:00.000+0000,98059.80128347935,98059.80128347935,1262044.2584008435
2025-05-13T07:00:00.000+0000,98059.80128347935,98059.80128347935,1263250.0322093503
2025-05-13T07:10:00.000+0000,98059.80128347935,98059.80128347935,1266346.2846677375
2025-05-13T07:20:00.000+0000,98059.80128347935,98059.80128347935,1267913.9330341567
2025-05-13T07:30:00.000+0000,98059.80128347935,98059.80128347935,1266703.7419601027
2025-05-13T07:40:00.000+0000,98059.80128347935,98059.80128347935,1266289.3379293082
2025-05-13T07:50:00.000+0000,98059.80128347935,98059.80128347935,1265253.391763042
2025-05-13T08:00:00.000+0000,98059.80128347935,98059.80128347935,1266685.679462298
2025-05-13T08:10:00.000+0000,98059.80128347935,98059.80128347935,1267100.3129152148
2025-05-13T08:20:00.000+0000,98059.80128347935,98059.80128347935,1263345.1920924515
2025-05-13T08:30:00.000+0000,98059.80128347935,98059.80128347935,1263272.9013929334
2025-05-13T08:40:00.000+0000,98059.80128347935,98059.80128347935,1267547.67982627
2025-05-13T08:50:00.000+0000,98059.80128347935,98059.80128347935,1266767.9161659013
2025-05-13T09:00:00.000+0000,98059.80128347935,98059.80128347935,1268831.5202019454
2025-05-13T09:10:00.000+0000,98059.80128347935,98059.80128347935,1271111.10059407
2025-05-13T09:20:00.000+0000,98059.80128347935,98059.80128347935,1274444.2511423116
2025-05-13T09:30:00.000+0000,98059.80128347935,98059.80128347935,1274436.0180595173
2025-05-13T09:40:00.000+0000,98059.80128347935,98059.80128347935,1275764.363356678
2025-05-13T09:50:00.000+0000,98059.80128347935,98059.80128347935,1278184.5045552207
2025-05-13T10:00:00.000+0000,98059.80128347935,98059.80128347935,1276934.5474311726
2025-05-13T10:10:00.000+0000,98059.80128347935,98059.80128347935,1274724.261523655
2025-05-13T10:20:00.000+0000,98059.80128347935,98059.80128347935,1276785.8559385743
2025-05-13T10:30:00.000+0000,98059.80128347935,98059.80128347935,1276058.0497965792
2025-05-13T10:40:00.000+0000,98059.80128347935,98059.80128347935,1277055.8975381642
2025-05-13T10:50:00.000+0000,98059.80128347935,98059.80128347935,1279138.4522845712
2025-05-13T11:00:00.000+0000,98059.80128347935,98059.80128347935,1278360.1195925546
2025-05-13T11:10:00.000+0000,98059.80128347935,98059.80128347935,1278120.9542981724
2025-05-13T11:20:00.000+0000,98059.80128347935,98059.80128347935,1280779.685894353
2025-05-13T11:30:00.000+0000,98059.80128347935,98059.80128347935,1283070.8536593984
2025-05-13T11:40:00.000+0000,98059.80128347935,98059.80128347935,1286027.2582423454
2025-05-13T11:50:00.000+0000,98059.80128347935,98059.80128347935,1283613.4032133636
2025-05-13T12:00:00.000+0000,98059.80128347935,98059.80128347935,1281520.9185422752
2025-05-13T12:10:00.000+0000,98059.80128347935,98059.80128347935,1279977.105044642
2025-05-13T12:20:00.000+0000,98059.80128347935,98059.80128347935,1278529.771157282
2025-05-13T12:30:00.000+0000,98059.80128347935,98059.80128347935,1284704.2318376747
2025-05-13T12:40:00.000+0000,98059.80128347935,98059.80128347935,1289507.974912808
2025-05-13T12:50:00.000+0000,98059.80128347935,98059.80128347935,1287289.7301040203
2025-05-13T13:00:00.000+0000,98059.80128347935,98059.80128347935,1286157.3520469768
2025-05-13T13:10:00.000+0000,98059.80128347935,98059.80128347935,1286669.0220762817
2025-05-13T13:20:00.000+0000,98059.80128347935,98059.80128347935,1291260.93641346
2025-05-13T13:30:00.000+0000,98059.80128347935,98059.80128347935,1293526.0265104442
2025-05-13T13:40:00.000+0000,98059.80128347935,98059.80128347935,1288499.5481323227
2025-05-13T13:50:00.000+0000,98059.80128347935,98059.80128347935,1290420.4498682783
2025-05-13T14:00:00.000+0000,98059.80128347935,98059.80128347935,1286820.8280183093
2025-05-13T14:10:00.000+0000,98059.80128347935,98059.80128347935,1282899.2769752478
2025-05-13T14:20:00.000+0000,98059.80128347935,98059.80128347935,1289291.4095032397
2025-05-13T14:30:00.000+0000,98059.80128347935,98059.80128347935,1285972.1086675506
2025-05-13T14:40:00.000+0000,98059.80128347935,98059.80128347935,1282400.3883530372
2025-05-13T14:50:00.000+0000,98059.80128347935,98059.80128347935,1284737.5185416169
2025-05-13T15:00:00.000+0000,98059.80128347935,98059.80128347935,1285765.722368783
2025-05-13T15:10:00.000+0000,98059.80128347935,98059.80128347935,1291674.7395682486
2025-05-13T15:20:00.000+0000,98059.80128347935,98059.80128347935,1291336.6186683082
2025-05-13T15:30:00.000+0000,98059.80128347935,98059.80128347935,1292521.118051439
2025-05-13T15:40:00.000+0000,98059.80128347935,98059.80128347935,1295131.3536094478
2025-05-13T15:50:00.000+0000,98059.80128347935,98059.80128347935,1294643.488972997
2025-05-13T16:00:00.000+0000,98059.80128347935,98059.80128347935,1297120.162565768
2025-05-13T16:10:00.000+0000,98059.80128347935,98059.80128347935,1304601.4448068151
2025-05-13T16:20:00.000+0000,98059.80128347935,98059.80128347935,1304988.4342719624
2025-05-13T16:30:00.000+0000,98059.80128347935,98059.80128347935,1306653.522308745
2025-05-13T16:40:00.000+0000,98059.80128347935,98059.80128347935,1305832.4477416896
2025-05-13T16:50:00.000+0000,98059.80128347935,98059.80128347935,1303622.0594554166
2025-05-13T17:00:00.000+0000,98059.80128347935,98059.80128347935,1306733.29968662
2025-05-13T17:10:00.000+0000,98059.80128347935,98059.80128347935,1307955.2499185042
2025-05-13T17:20:00.000+0000,98059.80128347935,98059.80128347935,1309404.8622606173
2025-05-13T17:30:00.000+0000,98059.80128347935,98059.80128347935,1305286.6304920255
2025-05-13T17:40:00.000+0000,98059.80128347935,98059.80128347935,1311909.1192617107
2025-05-13T17:50:00.000+0000,98059.80128347935,98059.80128347935,1313403.2713491367
2025-05-13T18:00:00.000+0000,98059.80128347935,98059.80128347935,1314657.8231487544
2025-05-13T18:10:00.000+0000,98059.80128347935,98059.80128347935,1315943.9979888103
2025-05-13T18:20:00.000+0000,98059.80128347935,98059.80128347935,1316515.8157468252
2025-05-13T18:30:00.000+0000,98059.80128347935,98059.80128347935,1318986.0900954888
2025-05-13T18:40:00.000+0000,98059.80128347935,98059.80128347935,1317099.3607989377
2025-05-13T18:50:00.000+0000,98059.80128347935,98059.80128347935,1321527.4498235537
2025-05-13T19:00:00.000+0000,98059.80128347935,98059.80128347935,1323172.4322500888
2025-05-13T19:10:00.000+0000,98059.80128347935,98059.80128347935,1325394.1050477605
2025-05-13T19:20:00.000+0000,98059.80128347935,98059.80128347935,1330469.4394440718
2025-05-13T19:30:00.000+0000,98059.80128347935,98059.80128347935,1338198.9595000655
2025-05-13T19:40:00.000+0000,98059.80128347935,98059.80128347935,1341292.1281295402
2025-05-13T19:50:00.000+0000,98059.80128347935,98059.80128347935,1337302.1354183091
2025-05-13T20:00:00.000+0000,98059.80128347935,98059.80128347935,1332534.2685820889
2025-05-13T20:10:00.000+0000,98059.80128347935,98059.80128347935,1332291.491709253
2025-05-13T20:20:00.000+0000,98059.80128347935,98059.80128347935,1332395.3909616724
2025-05-13T20:30:00.000+0000,98059.80128347935,98059.80128347935,1336899.2831049564
2025-05-13T20:40:00.000+0000,98059.80128347935,98059.80128347935,1339893.3508598004
2025-05-13T20:50:00.000+0000,98059.80128347935,98059.80128347935,1340776.5299865156
2025-05-13T21:00:00.000+0000,98059.80128347935,98059.80128347935,1338216.7424863093
2025-05-13T21:10:00.000+0000,98059.80128347935,98059.80128347935,1336497.9716686269
2025-05-13T21:20:00.000+0000,98059.80128347935,98059.80128347935,1337075.6301484846
2025-05-13T21:30:00.000+0000,98059.80128347935,98059.80128347935,1338786.8038782813
2025-05-13T21:40:00.000+0000,98059.80128347935,98059.80128347935,1337103.7238587167
2025-05-13T21:50:00.000+0000,98059.80128347935,98059.80128347935,1340178.6541722314
2025-05-13T22:00:00.000+0000,98059.80128347935,98059.80128347935,1337735.9790876533
2025-05-13T22:10:00.000+0000,98059.80128347935,98059.80128347935,1338901.4559128894
2025-05-13T22:20:00.000+0000,98059.80128347935,98059.80128347935,1340322.3851604892
2025-05-13T22:30:00.000+0000,98059.80128347935,98059.80128347935,1340033.976314629
2025-05-13T22:40:00.000+0000,98059.80128347935,98059.80128347935,1340606.7838680237
2025-05-13T22:50:00.000+0000,98059.80128347935,98059.80128347935,1337693.8528533746
2025-05-13T23:00:00.000+0000,98059.80128347935,98059.80128347935,1333901.4609796815
2025-05-13T23:10:00.000+0000,98059.80128347935,98059.80128347935,1339229.1776074711
2025-05-13T23:20:00.000+0000,98059.80128347935,98059.80128347935,1336857.7698999955
2025-05-13T23:30:00.000+0000,98059.80128347935,98059.80128347935,1337536.582007426
2025-05-13T23:40:00.000+0000,98059.80128347935,98059.80128347935,1341406.734626671
2025-05-13T23:50:00.000+0000,98059.80128347935,98059.80128347935,1340944.4507350395
2025-05-14T00:00:00.000+0000,98059.80128347935,98059.80128347935,1337409.3418672276
2025-05-14T00:10:00.000+0000,98059.80128347935,98059.80128347935,1339341.8526806205
2025-05-14T00:20:00.000+0000,98059.80128347935,98059.80128347935,1337503.6577605968
2025-05-14T00:30:00.000+0000,98059.80128347935,98059.80128347935,1337224.3401975823
2025-05-14T00:40:00.000+0000,98059.80128347935,98059.80128347935,1337018.1023873403
2025-05-14T00:50:00.000+0000,98059.80128347935,98059.80128347935,1336889.1364480401
2025-05-14T01:00:00.000+0000,98059.80128347935,98059.80128347935,1338283.7191939508
2025-05-14T01:10:00.000+0000,98059.80128347935,98059.80128347935,1342353.6602363153
2025-05-14T01:20:00.000+0000,98059.80128347935,98059.80128347935,1342860.6782300556
2025-05-14T01:30:00.000+0000,98059.80128347935,98059.80128347935,1344320.0669019287
2025-05-14T01:40:00.000+0000,98059.80128347935,98059.80128347935,1339247.2840687442
2025-05-14T01:50:00.000+0000,98059.80128347935,98059.80128347935,1335270.8762875404
2025-05-14T02:00:00.000+0000,98059.80128347935,98059.80128347935,1323573.7440707884
2025-05-14T02:10:00.000+0000,98059.80128347935,98059.80128347935,1322821.3308999497
2025-05-14T02:20:00.000+0000,98059.80128347935,98059.80128347935,1320645.9040884771
2025-05-14T02:30:00.000+0000,98059.80128347935,98059.80128347935,1319595.128573495
2025-05-14T02:40:00.000+0000,98059.80128347935,98059.80128347935,1323769.9699317426
2025-05-14T02:50:00.000+0000,98059.80128347935,98059.80128347935,1322423.82693716
2025-05-14T03:00:00.000+0000,98059.80128347935,98059.80128347935,1319519.1153315615
2025-05-14T03:10:00.000+0000,98059.80128347935,98059.80128347935,1320499.7604029777
2025-05-14T03:20:00.000+0000,98059.80128347935,98059.80128347935,1318736.0132011126
2025-05-14T03:30:00.000+0000,98059.80128347935,98059.80128347935,1318622.5970535628
2025-05-14T03:40:00.000+0000,98059.80128347935,98059.80128347935,1321913.786212672
2025-05-14T03:50:00.000+0000,98059.80128347935,98059.80128347935,1322067.3318511862
2025-05-14T04:00:00.000+0000,98059.80128347935,98059.80128347935,1321170.4967785631
2025-05-14T04:10:00.000+0000,98059.80128347935,98059.80128347935,1321679.5214333339
2025-05-14T04:20:00.000+0000,98059.80128347935,98059.80128347935,1323913.171560733
2025-05-14T04:30:00.000+0000,98059.80128347935,98059.80128347935,1326399.5292994417
2025-05-14T04:40:00.000+0000,98059.80128347935,98059.80128347935,1330794.9481282446
2025-05-14T04:50:00.000+0000,98059.80128347935,98059.80128347935,1329999.9997268212
2025-05-14T05:00:00.000+0000,98059.80128347935,98059.80128347935,1332517.1147938613
2025-05-14T05:10:00.000+0000,98059.80128347935,98059.80128347935,1331329.9939048737
2025-05-14T05:20:00.000+0000,98059.80128347935,98059.80128347935,1330575.6113203499
2025-05-14T05:30:00.000+0000,98059.80128347935,98059.80128347935,1329654.8314881292
2025-05-14T05:40:00.000+0000,98059.80128347935,98059.80128347935,1332974.1567112128
2025-05-14T05:50:00.000+0000,98059.80128347935,98059.80128347935,1336193.6874454028
2025-05-14T06:00:00.000+0000,98059.80128347935,98059.80128347935,1334872.0550032384
2025-05-14T06:10:00.000+0000,98059.80128347935,98059.80128347935,1334129.9271494187
2025-05-14T06:20:00.000+0000,98059.80128347935,98059.80128347935,1332980.2590318455
2025-05-14T06:30:00.000+0000,98059.80128347935,98059.80128347935,1334373.867525205
2025-05-14T06:40:00.000+0000,98059.80128347935,98059.80128347935,1335073.7190464942
2025-05-14T06:50:00.000+0000,98059.80128347935,98059.80128347935,1337913.3135387597
2025-05-14T07:00:00.000+0000,98059.80128347935,98059.80128347935,1334624.0211677281
2025-05-14T07:10:00.000+0000,98059.80128347935,98059.80128347935,1330962.532210994
2025-05-14T07:20:00.000+0000,98059.80128347935,98059.80128347935,1325424.135601305
2025-05-14T07:30:00.000+0000,98059.80128347935,98059.80128347935,1325359.5590796059
2025-05-14T07:40:00.000+0000,98059.80128347935,98059.80128347935,1328073.6491306317
2025-05-14T07:50:00.000+0000,98059.80128347935,98059.80128347935,1327190.631593893
2025-05-14T08:00:00.000+0000,98059.80128347935,98059.80128347935,1320431.5098542927
2025-05-14T08:10:00.000+0000,98059.80128347935,98059.80128347935,1318680.0613465998
2025-05-14T08:20:00.000+0000,98059.80128347935,98059.80128347935,1321959.6103426141
2025-05-14T08:30:00.000+0000,98059.80128347935,98059.80128347935,1319713.0038037582
2025-05-14T08:40:00.000+0000,98059.80128347935,98059.80128347935,1320971.0104031726
2025-05-14T08:50:00.000+0000,98059.80128347935,98059.80128347935,1309406.235421693
2025-05-14T09:00:00.000+0000,98059.80128347935,98059.80128347935,1303679.4501568489
2025-05-14T09:10:00.000+0000,98059.80128347935,98059.80128347935,1308524.4912965754
2025-05-14T09:20:00.000+0000,98059.80128347935,98059.80128347935,1308004.7138774744
2025-05-14T09:30:00.000+0000,98059.80128347935,98059.80128347935,1310326.8292586838
2025-05-14T09:40:00.000+0000,98059.80128347935,98059.80128347935,1310943.1270142153
2025-05-14T09:50:00.000+0000,98059.80128347935,98059.80128347935,1312882.8741216839
2025-05-14T10:00:00.000+0000,98059.80128347935,98059.80128347935,1316196.8225557064
2025-05-14T10:10:00.000+0000,98059.80128347935,98059.80128347935,1312800.5990618663
2025-05-14T10:20:00.000+0000,98059.80128347935,98059.80128347935,1313009.3099072983
2025-05-14T10:30:00.000+0000,98059.80128347935,98059.80128347935,1316796.5059164814
2025-05-14T10:40:00.000+0000,98059.80128347935,98059.80128347935,1314710.5687365262
2025-05-14T10:50:00.000+0000,98059.80128347935,98059.80128347935,1313316.8299982059
2025-05-14T11:00:00.000+0000,98059.80128347935,98059.80128347935,1314885.8894796863
2025-05-14T11:10:00.000+0000,98059.80128347935,98059.80128347935,1318176.4120769459
2025-05-14T11:20:00.000+0000,98059.80128347935,98059.80128347935,1318373.696638576
2025-05-14T11:30:00.000+0000,98059.80128347935,98059.80128347935,1320403.1354700548
2025-05-14T11:40:00.000+0000,98059.80128347935,98059.80128347935,1324649.0096947458
2025-05-14T11:50:00.000+0000,98059.80128347935,98059.80128347935,1322377.347719234
2025-05-14T12:00:00.000+0000,98059.80128347935,98059.80128347935,1321793.5151069288
2025-05-14T12:10:00.000+0000,98059.80128347935,98059.80128347935,1325247.0702074678
2025-05-14T12:20:00.000+0000,98059.80128347935,98059.80128347935,1324986.6832600252
2025-05-14T12:30:00.000+0000,98059.80128347935,98059.80128347935,1320551.7213644448
2025-05-14T12:40:00.000+0000,98059.80128347935,98059.80128347935,1320528.1097382344
2025-05-14T12:50:00.000+0000,98059.80128347935,98059.80128347935,1317559.9331196463
2025-05-14T13:00:00.000+0000,98059.80128347935,98059.80128347935,1316605.413435787
2025-05-14T13:10:00.000+0000,98059.80128347935,98059.80128347935,1317668.7017835933
2025-05-14T13:20:00.000+0000,98059.80128347935,98059.80128347935,1316944.1499586287
2025-05-14T13:30:00.000+0000,98059.80128347935,98059.80128347935,1317213.929977288
2025-05-14T13:40:00.000+0000,98059.80128347935,98059.80128347935,1306929.9080459015
2025-05-14T13:50:00.000+0000,98059.80128347935,98059.80128347935,1308838.1146919727
2025-05-14T14:00:00.000+0000,98059.80128347935,98059.80128347935,1310270.6119957773
2025-05-14T14:10:00.000+0000,98059.80128347935,98059.80128347935,1300534.5332827554
2025-05-14T14:20:00.000+0000,98059.80128347935,98059.80128347935,1298944.3011823613
2025-05-14T14:30:00.000+0000,98059.80128347935,98059.80128347935,1297995.8870385878
2025-05-14T14:40:00.000+0000,98059.80128347935,98059.80128347935,1302023.744164698
2025-05-14T14:50:00.000+0000,98059.80128347935,98059.80128347935,1303143.831853418
2025-05-14T15:00:00.000+0000,98059.80128347935,98059.80128347935,1295300.8066676464
2025-05-14T15:10:00.000+0000,98059.80128347935,98059.80128347935,1300778.4071946228
2025-05-14T15:20:00.000+0000,98059.80128347935,98059.80128347935,1298498.3405929063
2025-05-14T15:30:00.000+0000,98059.80128347935,98059.80128347935,1299767.6322224361
2025-05-14T15:40:00.000+0000,98059.80128347935,98059.80128347935,1302892.331413451
2025-05-14T15:50:00.000+0000,98059.80128347935,98059.80128347935,1303626.808056701
2025-05-14T16:00:00.000+0000,98059.80128347935,98059.80128347935,1305793.8074464418
2025-05-14T16:10:00.000+0000,98059.80128347935,98059.80128347935,1302659.123412128
2025-05-14T16:20:00.000+0000,98059.80128347935,98059.80128347935,1301546.6855836096
2025-05-14T16:30:00.000+0000,98059.80128347935,98059.80128347935,1302858.485391311
2025-05-14T16:40:00.000+0000,98059.80128347935,98059.80128347935,1297517.4878038848
2025-05-14T16:50:00.000+0000,98059.80128347935,98059.80128347935,1298163.670996093
2025-05-14T17:00:00.000+0000,98059.80128347935,98059.80128347935,1298327.3574784878
2025-05-14T17:10:00.000+0000,98059.80128347935,98059.80128347935,1292150.5594093374
2025-05-14T17:20:00.000+0000,98059.80128347935,98059.80128347935,1287259.7196180727
2025-05-14T17:30:00.000+0000,98059.80128347935,98059.80128347935,1292911.6331621995
2025-05-14T17:40:00.000+0000,98059.80128347935,98059.80128347935,1296520.6306714718
2025-05-14T17:50:00.000+0000,98059.80128347935,98059.80128347935,1297792.9447902497
2025-05-14T18:00:00.000+0000,98059.80128347935,98059.80128347935,1300136.258510276
2025-05-14T18:10:00.000+0000,98059.80128347935,98059.80128347935,1297341.1574299126
2025-05-14T18:20:00.000+0000,98059.80128347935,98059.80128347935,1302040.8219378018
2025-05-14T18:30:00.000+0000,98059.80128347935,98059.80128347935,1302048.3570958716
2025-05-14T18:40:00.000+0000,98059.80128347935,98059.80128347935,1303474.5215837704
2025-05-14T18:50:00.000+0000,98059.80128347935,98059.80128347935,1303135.4082055734
2025-05-14T19:00:00.000+0000,98059.80128347935,98059.80128347935,1306772.8398290211
2025-05-14T19:10:00.000+0000,98059.80128347935,98059.80128347935,1308380.8235170664
2025-05-14T19:20:00.000+0000,98059.80128347935,98059.80128347935,1307629.8992111506
2025-05-14T19:30:00.000+0000,98059.80128347935,98059.80128347935,1307392.0665217515
2025-05-14T19:40:00.000+0000,98059.80128347935,98059.80128347935,1307026.8805818893
2025-05-14T19:50:00.000+0000,98059.80128347935,98059.80128347935,1307490.7305338718
2025-05-14T20:00:00.000+0000,98059.80128347935,98059.80128347935,1306617.6745619064
2025-05-14T20:10:00.000+0000,98059.80128347935,98059.80128347935,1306089.4164300414
2025-05-14T20:20:00.000+0000,98059.80128347935,98059.80128347935,1307283.5393618033
2025-05-14T20:30:00.000+0000,98059.80128347935,98059.80128347935,1306502.8183242218
2025-05-14T20:40:00.000+0000,98059.80128347935,98059.80128347935,1306876.054016667
2025-05-14T20:50:00.000+0000,98059.80128347935,98059.80128347935,1307109.1483532917
2025-05-14T21:00:00.000+0000,98059.80128347935,98059.80128347935,1303838.4333339366
2025-05-14T21:10:00.000+0000,98059.80128347935,98059.80128347935,1301943.8228681183
2025-05-14T21:20:00.000+0000,98059.80128347935,98059.80128347935,1302588.3202093067
2025-05-14T21:30:00.000+0000,98059.80128347935,98059.80128347935,1304146.306152164
2025-05-14T21:40:00.000+0000,98059.80128347935,98059.80128347935,1305283.089151378
2025-05-14T21:50:00.000+0000,98059.80128347935,98059.80128347935,1306977.5448108716
2025-05-14T22:00:00.000+0000,98059.80128347935,98059.80128347935,1307946.1356343501
2025-05-14T22:10:00.000+0000,98059.80128347935,98059.80128347935,1306390.137885318
2025-05-14T22:20:00.000+0000,98059.80128347935,98059.80128347935,1306080.8898490071
2025-05-14T22:30:00.000+0000,98059.80128347935,98059.80128347935,1303564.7935345615
2025-05-14T22:40:00.000+0000,98059.80128347935,98059.80128347935,1301515.3128738771
2025-05-14T22:50:00.000+0000,98059.80128347935,98059.80128347935,1300439.3331743556
2025-05-14T23:00:00.000+0000,98059.80128347935,98059.80128347935,1302273.2735455362
2025-05-14T23:10:00.000+0000,98059.80128347935,98059.80128347935,1301430.0577321297
2025-05-14T23:20:00.000+0000,98059.80128347935,98059.80128347935,1300470.986486659
2025-05-14T23:30:00.000+0000,98059.80128347935,98059.80128347935,1303574.3382958975
2025-05-14T23:40:00.000+0000,98059.80128347935,98059.80128347935,1305804.9616771624
2025-05-14T23:50:00.000+0000,98059.80128347935,98059.80128347935,1307041.9181669273
2025-05-15T00:00:00.000+0000,98059.80128347935,98059.80128347935,1308013.7214902698
2025-05-15T00:10:00.000+0000,98059.80128347935,98059.80128347935,1310792.9101517056
2025-05-15T00:20:00.000+0000,98059.80128347935,98059.80128347935,1315470.013980505
2025-05-15T00:30:00.000+0000,98059.80128347935,98059.80128347935,1314235.7880914747
2025-05-15T00:40:00.000+0000,98059.80128347935,98059.80128347935,1317038.691276593
2025-05-15T00:50:00.000+0000,98059.80128347935,98059.80128347935,1315131.8477845872
2025-05-15T01:00:00.000+0000,98059.80128347935,98059.80128347935,1313616.3861171647
2025-05-15T01:10:00.000+0000,98059.80128347935,98059.80128347935,1310446.0657024928
2025-05-15T01:20:00.000+0000,98059.80128347935,98059.80128347935,1308689.4342081002
2025-05-15T01:30:00.000+0000,98059.80128347935,98059.80128347935,1301765.4201651304
2025-05-15T01:40:00.000+0000,98059.80128347935,98059.80128347935,1297526.3183017331
2025-05-15T01:50:00.000+0000,98059.80128347935,98059.80128347935,1292351.7712887535
2025-05-15T02:00:00.000+0000,98059.80128347935,98059.80128347935,1294961.6187590398
2025-05-15T02:10:00.000+0000,98059.80128347935,98059.80128347935,1295521.6553774902
2025-05-15T02:20:00.000+0000,98059.80128347935,98059.80128347935,1299002.1409982452
2025-05-15T02:30:00.000+0000,98059.80128347935,98059.80128347935,1298690.4735485704
2025-05-15T02:40:00.000+0000,98059.80128347935,98059.80128347935,1298754.0725804074
2025-05-15T02:50:00.000+0000,98059.80128347935,98059.80128347935,1300659.4698205902
2025-05-15T03:00:00.000+0000,98059.80128347935,98059.80128347935,1299992.705280693
2025-05-15T03:10:00.000+0000,98059.80128347935,98059.80128347935,1297629.257806997
2025-05-15T03:20:00.000+0000,98059.80128347935,98059.80128347935,1296731.6395655898
2025-05-15T03:30:00.000+0000,98059.80128347935,98059.80128347935,1298432.7148231072
2025-05-15T03:40:00.000+0000,98059.80128347935,98059.80128347935,1294851.8356708195
2025-05-15T03:50:00.000+0000,98059.80128347935,98059.80128347935,1292010.7174719453
2025-05-15T04:00:00.000+0000,98059.80128347935,98059.80128347935,1291595.9802899044
2025-05-15T04:10:00.000+0000,98059.80128347935,98059.80128347935,1292892.9537089844
2025-05-15T04:20:00.000+0000,98059.80128347935,98059.80128347935,1295350.3152967244
2025-05-15T04:30:00.000+0000,98059.80128347935,98059.80128347935,1297141.558793768
2025-05-15T04:40:00.000+0000,98059.80128347935,98059.80128347935,1295436.0049131815
2025-05-15T04:50:00.000+0000,98059.80128347935,98059.80128347935,1295790.2022634037
2025-05-15T05:00:00.000+0000,98059.80128347935,98059.80128347935,1294488.7668372337
2025-05-15T05:10:00.000+0000,98059.80128347935,98059.80128347935,1292023.1378615885
2025-05-15T05:20:00.000+0000,98059.80128347935,98059.80128347935,1291050.5500548119
2025-05-15T05:30:00.000+0000,98059.80128347935,98059.80128347935,1289003.2508358795
2025-05-15T05:40:00.000+0000,98059.80128347935,98059.80128347935,1286856.0437227138
2025-05-15T05:50:00.000+0000,98059.80128347935,98059.80128347935,1286832.290878535
2025-05-15T06:00:00.000+0000,98059.80128347935,98059.80128347935,1287808.7792100431
2025-05-15T06:10:00.000+0000,98059.80128347935,98059.80128347935,1290619.7927093338
2025-05-15T06:20:00.000+0000,98059.80128347935,98059.80128347935,1291379.35319202
2025-05-15T06:30:00.000+0000,98059.80128347935,98059.80128347935,1286172.5342837414
2025-05-15T06:40:00.000+0000,98059.80128347935,98059.80128347935,1284605.7730745883
2025-05-15T06:50:00.000+0000,98059.80128347935,98059.80128347935,1286917.6594256223
2025-05-15T07:00:00.000+0000,98059.80128347935,98059.80128347935,1285237.5042921528
2025-05-15T07:10:00.000+0000,98059.80128347935,98059.80128347935,1281066.5339827053
2025-05-15T07:20:00.000+0000,98059.80128347935,98059.80128347935,1274769.3522698407
2025-05-15T07:30:00.000+0000,98059.80128347935,98059.80128347935,1272566.9016990375
2025-05-15T07:40:00.000+0000,98059.80128347935,98059.80128347935,1268392.5073982337
2025-05-15T07:50:00.000+0000,98059.80128347935,98059.80128347935,1268039.404386307
2025-05-15T08:00:00.000+0000,98059.80128347935,98059.80128347935,1272450.7619083752
2025-05-15T08:10:00.000+0000,98059.80128347935,98059.80128347935,1275541.434170558
2025-05-15T08:20:00.000+0000,98059.80128347935,98059.80128347935,1274933.9977391744
2025-05-15T08:30:00.000+0000,98059.80128347935,98059.80128347935,1278919.950558931
2025-05-15T08:40:00.000+0000,98059.80128347935,98059.80128347935,1282031.7798793397
2025-05-15T08:50:00.000+0000,98059.80128347935,98059.80128347935,1282885.5166114352
2025-05-15T09:00:00.000+0000,98059.80128347935,98059.80128347935,1281045.231118831
2025-05-15T09:10:00.000+0000,98059.80128347935,98059.80128347935,1277777.8213375965
2025-05-15T09:20:00.000+0000,98059.80128347935,98059.80128347935,1277111.0551879732
2025-05-15T09:30:00.000+0000,98059.80128347935,98059.80128347935,1273014.5966728013
2025-05-15T09:40:00.000+0000,98059.80128347935,98059.80128347935,1267331.4219373383
2025-05-15T09:50:00.000+0000,98059.80128347935,98059.80128347935,1269243.8965466386
2025-05-15T10:00:00.000+0000,98059.80128347935,98059.80128347935,1268701.617954745
2025-05-15T10:10:00.000+0000,98059.80128347935,98059.80128347935,1267427.4094535494
2025-05-15T10:20:00.000+0000,98059.80128347935,98059.80128347935,1272008.9017719834
2025-05-15T10:30:00.000+0000,98059.80128347935,98059.80128347935,1267816.0070555718
2025-05-15T10:40:00.000+0000,98059.80128347935,98059.80128347935,1264446.3897752678
2025-05-15T10:50:00.000+0000,98059.80128347935,98059.80128347935,1269330.6437727618
2025-05-15T11:00:00.000+0000,98059.80128347935,98059.80128347935,1273304.63721128
2025-05-15T11:10:00.000+0000,98059.80128347935,98059.80128347935,1274458.2696167678
2025-05-15T11:20:00.000+0000,98059.80128347935,98059.80128347935,1278060.5971435015
2025-05-15T11:30:00.000+0000,98059.80128347935,98059.80128347935,1277509.8828576042
2025-05-15T11:40:00.000+0000,98059.80128347935,98059.80128347935,1276928.0504852831
2025-05-15T11:50:00.000+0000,98059.80128347935,98059.80128347935,1277077.0440434692
2025-05-15T12:00:00.000+0000,98059.80128347935,98059.80128347935,1277185.2461008031
2025-05-15T12:10:00.000+0000,98059.80128347935,98059.80128347935,1276847.451653845
2025-05-15T12:20:00.000+0000,98059.80128347935,98059.80128347935,1278729.8542768043
2025-05-15T12:30:00.000+0000,98059.80128347935,98059.80128347935,1283190.1551538464
2025-05-15T12:40:00.000+0000,98059.80128347935,98059.80128347935,1282518.1668653751
2025-05-15T12:50:00.000+0000,98059.80128347935,98059.80128347935,1278215.2767375999
2025-05-15T13:00:00.000+0000,98059.80128347935,98059.80128347935,1279696.6166273495
2025-05-15T13:10:00.000+0000,98059.80128347935,98059.80128347935,1282200.1094991574
2025-05-15T13:20:00.000+0000,98059.80128347935,98059.80128347935,1281592.528871852
2025-05-15T13:30:00.000+0000,98059.80128347935,98059.80128347935,1272964.6864880384
2025-05-15T13:40:00.000+0000,98059.80128347935,98059.80128347935,1265071.8594700245
2025-05-15T13:50:00.000+0000,98059.80128347935,98059.80128347935,1261460.2583855258
2025-05-15T14:00:00.000+0000,98059.80128347935,98059.80128347935,1266560.248031035
2025-05-15T14:10:00.000+0000,98059.80128347935,98059.80128347935,1261446.3944269365
2025-05-15T14:20:00.000+0000,98059.80128347935,98059.80128347935,1265419.5741475886
2025-05-15T14:30:00.000+0000,98059.80128347935,98059.80128347935,1257017.4182629136
2025-05-15T14:40:00.000+0000,98059.80128347935,98059.80128347935,1255133.7621173423
2025-05-15T14:50:00.000+0000,98059.80128347935,98059.80128347935,1255080.259169984
2025-05-15T15:00:00.000+0000,98059.80128347935,98059.80128347935,1264439.0907018664
2025-05-15T15:10:00.000+0000,98059.80128347935,98059.80128347935,1266175.5771923638
2025-05-15T15:20:00.000+0000,98059.80128347935,98059.80128347935,1269861.277300946
2025-05-15T15:30:00.000+0000,98059.80128347935,98059.80128347935,1275906.5031905512
2025-05-15T15:40:00.000+0000,98059.80128347935,98059.80128347935,1276116.396247639
2025-05-15T15:50:00.000+0000,98059.80128347935,98059.80128347935,1285647.329601771
2025-05-15T16:00:00.000+0000,98059.80128347935,98059.80128347935,1284073.1841287334
2025-05-15T16:10:00.000+0000,98059.80128347935,98059.80128347935,1284721.9239904645
2025-05-15T16:20:00.000+0000,98059.80128347935,98059.80128347935,1283923.8507210377
2025-05-15T16:30:00.000+0000,98059.80128347935,98059.80128347935,1282126.0881356415
2025-05-15T16:40:00.000+0000,98059.80128347935,98059.80128347935,1288734.2685721705
2025-05-15T16:50:00.000+0000,98059.80128347935,98059.80128347935,1295864.0618226372
2025-05-15T17:00:00.000+0000,98059.80128347935,98059.80128347935,1295691.864856471
2025-05-15T17:10:00.000+0000,98059.80128347935,98059.80128347935,1293768.0435644572
2025-05-15T17:20:00.000+0000,98059.80128347935,98059.80128347935,1300076.1959006137
2025-05-15T17:30:00.000+0000,98059.80128347935,98059.80128347935,1297613.2586686308
2025-05-15T17:40:00.000+0000,98059.80128347935,98059.80128347935,1298082.5140539545
2025-05-15T17:50:00.000+0000,98059.80128347935,98059.80128347935,1294774.2044907822
2025-05-15T18:00:00.000+0000,98059.80128347935,98059.80128347935,1289705.1099127622
2025-05-15T18:10:00.000+0000,98059.80128347935,98059.80128347935,1289352.070422519
2025-05-15T18:20:00.000+0000,98059.80128347935,98059.80128347935,1281112.7902446082
2025-05-15T18:30:00.000+0000,98059.80128347935,98059.80128347935,1273136.8289114335
2025-05-15T18:40:00.000+0000,98059.80128347935,98059.80128347935,1272420.3547409747
2025-05-15T18:50:00.000+0000,98059.80128347935,98059.80128347935,1271246.5390110952
2025-05-15T19:00:00.000+0000,98059.80128347935,98059.80128347935,1273443.6607895503
2025-05-15T19:10:00.000+0000,98059.80128347935,98059.80128347935,1273663.6336102127
2025-05-15T19:20:00.000+0000,98059.80128347935,98059.80128347935,1266089.9038432345
2025-05-15T19:30:00.000+0000,98059.80128347935,98059.80128347935,1269900.095542792
2025-05-15T19:40:00.000+0000,98059.80128347935,98059.80128347935,1272877.0334945736
2025-05-15T19:50:00.000+0000,98059.80128347935,98059.80128347935,1272130.485710189
2025-05-15T20:00:00.000+0000,98059.80128347935,98059.80128347935,1274763.2913284283
2025-05-15T20:10:00.000+0000,98059.80128347935,98059.80128347935,1271204.700041933
2025-05-15T20:20:00.000+0000,98059.80128347935,98059.80128347935,1276646.8711102232
2025-05-15T20:30:00.000+0000,98059.80128347935,98059.80128347935,1274562.1719100517
2025-05-15T20:40:00.000+0000,98059.80128347935,98059.80128347935,1273263.7967391922
2025-05-15T20:50:00.000+0000,98059.80128347935,98059.80128347935,1275718.6257854458
2025-05-15T21:00:00.000+0000,98059.80128347935,98059.80128347935,1273075.1759790378
2025-05-15T21:10:00.000+0000,98059.80128347935,98059.80128347935,1270470.5546629855
2025-05-15T21:20:00.000+0000,98059.80128347935,98059.80128347935,1264347.9885515764
2025-05-15T21:30:00.000+0000,98059.80128347935,98059.80128347935,1266069.3280849406
2025-05-15T21:40:00.000+0000,98059.80128347935,98059.80128347935,1271155.3988532429
2025-05-15T21:50:00.000+0000,98059.80128347935,98059.80128347935,1273005.5247517244
2025-05-15T22:00:00.000+0000,98059.80128347935,98059.80128347935,1273746.4137941091
2025-05-15T22:10:00.000+0000,98059.80128347935,98059.80128347935,1278739.4144380984
2025-05-15T22:20:00.000+0000,98059.80128347935,98059.80128347935,1280571.3733137178
2025-05-15T22:30:00.000+0000,98059.80128347935,98059.80128347935,1280384.4657342127
2025-05-15T22:40:00.000+0000,98059.80128347935,98059.80128347935,1279324.5461462103
2025-05-15T22:50:00.000+0000,98059.80128347935,98059.80128347935,1274422.6668084979
2025-05-15T23:00:00.000+0000,98059.80128347935,98059.80128347935,1269905.737579518
2025-05-15T23:10:00.000+0000,98059.80128347935,98059.80128347935,1266937.9190361453
2025-05-15T23:20:00.000+0000,98059.80128347935,98059.80128347935,1266693.3523059492
2025-05-15T23:30:00.000+0000,98059.80128347935,98059.80128347935,1272694.4742217422
2025-05-15T23:40:00.000+0000,98059.80128347935,98059.80128347935,1278249.4750133955
2025-05-15T23:50:00.000+0000,98059.80128347935,98059.80128347935,1276461.9545953434
2025-05-16T00:00:00.000+0000,98059.80128347935,98059.80128347935,1277857.0932163585
2025-05-16T00:10:00.000+0000,98059.80128347935,98059.80128347935,1279927.851280372
2025-05-16T00:20:00.000+0000,98059.80128347935,98059.80128347935,1281813.1506817215
2025-05-16T00:30:00.000+0000,98059.80128347935,98059.80128347935,1284793.586082118
2025-05-16T00:40:00.000+0000,98059.80128347935,98059.80128347935,1284107.5958186823
2025-05-16T00:50:00.000+0000,98059.80128347935,98059.80128347935,1279905.844330085
2025-05-16T01:00:00.000+0000,98059.80128347935,98059.80128347935,1277100.5699698157
2025-05-16T01:10:00.000+0000,98059.80128347935,98059.80128347935,1275960.2933137324
2025-05-16T01:20:00.000+0000,98059.80128347935,98059.80128347935,1277217.4779051498
2025-05-16T01:30:00.000+0000,98059.80128347935,98059.80128347935,1283225.4936004905
2025-05-16T01:40:00.000+0000,98059.80128347935,98059.80128347935,1287247.1428256189
2025-05-16T01:50:00.000+0000,98059.80128347935,98059.80128347935,1288220.963004925
2025-05-16T02:00:00.000+0000,98059.80128347935,98059.80128347935,1294521.655786572
2025-05-16T02:10:00.000+0000,98059.80128347935,98059.80128347935,1288684.8188413784
2025-05-16T02:20:00.000+0000,98059.80128347935,98059.80128347935,1288986.681817871
2025-05-16T02:30:00.000+0000,98059.80128347935,98059.80128347935,1294247.9495054192
2025-05-16T02:40:00.000+0000,98059.80128347935,98059.80128347935,1292415.3744524647
2025-05-16T02:50:00.000+0000,98059.80128347935,98059.80128347935,1292889.9530228823
2025-05-16T03:00:00.000+0000,98059.80128347935,98059.80128347935,1291819.979149709
2025-05-16T03:10:00.000+0000,98059.80128347935,98059.80128347935,1290893.0144535326
2025-05-16T03:20:00.000+0000,98059.80128347935,98059.80128347935,1292145.4076247835
2025-05-16T03:30:00.000+0000,98059.80128347935,98059.80128347935,1292644.0681573811
2025-05-16T03:40:00.000+0000,98059.80128347935,98059.80128347935,1293345.4179247338
2025-05-16T03:50:00.000+0000,98059.80128347935,98059.80128347935,1294457.9557263476
2025-05-16T04:00:00.000+0000,98059.80128347935,98059.80128347935,1294673.1052452521
2025-05-16T04:10:00.000+0000,98059.80128347935,98059.80128347935,1292958.2622819305
2025-05-16T04:20:00.000+0000,98059.80128347935,98059.80128347935,1291090.3333381321
2025-05-16T04:30:00.000+0000,98059.80128347935,98059.80128347935,1290111.4143251758
2025-05-16T04:40:00.000+0000,98059.80128347935,98059.80128347935,1287921.8909492563
2025-05-16T04:50:00.000+0000,98059.80128347935,98059.80128347935,1289713.1226594993
2025-05-16T05:00:00.000+0000,98059.80128347935,98059.80128347935,1292395.7228930006
2025-05-16T05:10:00.000+0000,98059.80128347935,98059.80128347935,1293124.0133397854
2025-05-16T05:20:00.000+0000,98059.80128347935,98059.80128347935,1296995.305056728
2025-05-16T05:30:00.000+0000,98059.80128347935,98059.80128347935,1295409.081762151
2025-05-16T05:40:00.000+0000,98059.80128347935,98059.80128347935,1295289.9784698207
2025-05-16T05:50:00.000+0000,98059.80128347935,98059.80128347935,1296521.9800446401
2025-05-16T06:00:00.000+0000,98059.80128347935,98059.80128347935,1294455.9643487874
2025-05-16T06:10:00.000+0000,98059.80128347935,98059.80128347935,1295313.496526123
2025-05-16T06:20:00.000+0000,98059.80128347935,98059.80128347935,1296571.9464448122
2025-05-16T06:30:00.000+0000,98059.80128347935,98059.80128347935,1295972.521964232
2025-05-16T06:40:00.000+0000,98059.80128347935,98059.80128347935,1296608.0556025174
2025-05-16T06:50:00.000+0000,98059.80128347935,98059.80128347935,1296196.0704663699
2025-05-16T07:00:00.000+0000,98059.80128347935,98059.80128347935,1292233.899966724
2025-05-16T07:10:00.000+0000,98059.80128347935,98059.80128347935,1292564.4514034842
2025-05-16T07:20:00.000+0000,98059.80128347935,98059.80128347935,1298814.9234388673
2025-05-16T07:30:00.000+0000,98059.80128347935,98059.80128347935,1296639.0630021957
2025-05-16T07:40:00.000+0000,98059.80128347935,98059.80128347935,1295364.8041164854
2025-05-16T07:50:00.000+0000,98059.80128347935,98059.80128347935,1295743.699105365
2025-05-16T08:00:00.000+0000,98059.80128347935,98059.80128347935,1293409.79670012
2025-05-16T08:10:00.000+0000,98059.80128347935,98059.80128347935,1289794.3329105289
2025-05-16T08:20:00.000+0000,98059.80128347935,98059.80128347935,1282399.7190725924
2025-05-16T08:30:00.000+0000,98059.80128347935,98059.80128347935,1280150.686386391
2025-05-16T08:40:00.000+0000,98059.80128347935,98059.80128347935,1279836.5241791506
2025-05-16T08:50:00.000+0000,98059.80128347935,98059.80128347935,1282211.6455844766
2025-05-16T09:00:00.000+0000,98059.80128347935,98059.80128347935,1284501.4571530784
2025-05-16T09:10:00.000+0000,98059.80128347935,98059.80128347935,1291315.8298623723
2025-05-16T09:20:00.000+0000,98059.80128347935,98059.80128347935,1293885.805407239
2025-05-16T09:30:00.000+0000,98059.80128347935,98059.80128347935,1293150.6091347472
2025-05-16T09:40:00.000+0000,98059.80128347935,98059.80128347935,1295025.105405111
2025-05-16T09:50:00.000+0000,98059.80128347935,98059.80128347935,1296511.2787915522
2025-05-16T10:00:00.000+0000,98059.80128347935,98059.80128347935,1296353.712578279
2025-05-16T10:10:00.000+0000,98059.80128347935,98059.80128347935,1297668.8886578407
2025-05-16T10:20:00.000+0000,98059.80128347935,98059.80128347935,1298223.1566434796
2025-05-16T10:30:00.000+0000,98059.80128347935,98059.80128347935,1300280.8181155005
2025-05-16T10:40:00.000+0000,98059.80128347935,98059.80128347935,1300809.9907342608
2025-05-16T10:50:00.000+0000,98059.80128347935,98059.80128347935,1301495.0718586966
2025-05-16T11:00:00.000+0000,98059.80128347935,98059.80128347935,1302374.7541269488
2025-05-16T11:10:00.000+0000,98059.80128347935,98059.80128347935,1303083.9719085414
2025-05-16T11:20:00.000+0000,98059.80128347935,98059.80128347935,1301673.2934313512
2025-05-16T11:30:00.000+0000,98059.80128347935,98059.80128347935,1300385.528957343
2025-05-16T11:40:00.000+0000,98059.80128347935,98059.80128347935,1299677.3307242785
2025-05-16T11:50:00.000+0000,98059.80128347935,98059.80128347935,1300230.7308515087
2025-05-16T12:00:00.000+0000,98059.80128347935,98059.80128347935,1298499.984573183
2025-05-16T12:10:00.000+0000,98059.80128347935,98059.80128347935,1297229.8494547799
2025-05-16T12:20:00.000+0000,98059.80128347935,98059.80128347935,1295151.200581
2025-05-16T12:30:00.000+0000,98059.80128347935,98059.80128347935,1297245.3362614221
2025-05-16T12:40:00.000+0000,98059.80128347935,98059.80128347935,1296225.6402351498
2025-05-16T12:50:00.000+0000,98059.80128347935,98059.80128347935,1294352.8236541175
2025-05-16T13:00:00.000+0000,98059.80128347935,98059.80128347935,1293597.8492796528
2025-05-16T13:10:00.000+0000,98059.80128347935,98059.80128347935,1298354.2715885062
2025-05-16T13:20:00.000+0000,98059.80128347935,98059.80128347935,1296071.8223020548
2025-05-16T13:30:00.000+0000,98059.80128347935,98059.80128347935,1294644.8331054228
2025-05-16T13:40:00.000+0000,98059.80128347935,98059.80128347935,1297729.0942831212
2025-05-16T13:50:00.000+0000,98059.80128347935,98059.80128347935,1300271.2073911037
2025-05-16T14:00:00.000+0000,98059.80128347935,98059.80128347935,1293728.6120160762
2025-05-16T14:10:00.000+0000,98059.80128347935,98059.80128347935,1292796.1046482583
2025-05-16T14:20:00.000+0000,98059.80128347935,98059.80128347935,1296786.986367981
2025-05-16T14:30:00.000+0000,98059.80128347935,98059.80128347935,1293208.8916976124
